0.15 2.77 -2.62 -3.38 0.05 0.92 0.15 2.68 0.61 1.32 -0.71 -0.29 0.1 0.22 0.55 1.2 3
1.47 1.45 0.02 -0.02 0.13 0.13 1.39 1.37 1.71 0.54 1.17 -1.17 0.19 0.06 1.64 0.52 2
0.54 1.71 -1.17 1.17 0.05 0.16 0.52 1.64 1.07 1.98 -0.91 0.91 0.06 0.11 1.04 1.92 1
1.32 0.61 0.71 0.29 0.08 0.04 1.2 0.55 0.48 0.77 -0.29 1.29 0.06 0.1 0.47 0.76 1
1.98 1.07 0.91 -0.91 0.2 0.11 1.92 1.04 0.73 1.72 -0.99 1.99 0.1 0.25 0.68 1.6 1
0.77 0.48 0.29 -1.29 0.08 0.05 0.76 0.47 1.45 1.47 -0.02 0.02 0.11 0.11 1.37 1.39 1
0.71 1.37 -0.66 -0.34 0.07 0.14 0.71 1.37 2.77 0.15 2.62 3.38 0.13 0.01 2.68 0.15 2
1.72 0.73 0.99 -1.99 0.1 0.04 1.6 0.68 1.37 0.71 0.66 0.34 0.15 0.08 1.37 0.71 1
1.16 2.43 -1.27 0.27 0.05 0.1 0.57 1.2 1.71 2.76 -1.05 1.05 0.1 0.15 0.82 1.33 1
3.02 0.78 2.24 -2.24 0.15 0.04 1.46 0.38 1.49 0.78 0.71 -0.71 0.08 0.04 0.74 0.39 2
1.25 4.3 -3.05 1.05 0.08 0.27 0.59 2.02 0.99 1.8 -0.81 1.81 0.06 0.1 0.48 0.88 1
1.03 1.91 -0.88 0.88 0.07 0.14 0.51 0.94 0.68 4.3 -3.62 -5.38 0.08 0.48 0.33 2.11 1
2.14 1.85 0.29 1.71 0.14 0.12 1.02 0.88 1.23 1.72 -0.49 -0.51 0.06 0.09 0.6 0.85 3
4.55 1.66 2.89 -2.89 0.15 0.06 2.19 0.8 4.56 1.59 2.97 0.03 0.23 0.08 2.18 0.76 1
2.3 3.54 -1.24 1.24 0.1 0.15 1.15 1.77 3.12 0.67 2.45 3.55 0.12 0.02 1.51 0.32 3
1.75 2.19 -0.44 -0.56 0.07 0.09 0.85 1.06 2.46 1.16 1.3 0.7 0.07 0.03 1.16 0.55 2
1.56 1.51 0.05 -0.05 0.07 0.07 0.51 0.49 2.99 3.5 -0.51 1.51 0.08 0.1 0.99 1.15 3
3.69 2.33 1.36 0.64 0.07 0.05 1.17 0.74 3.75 0.85 2.9 -2.9 0.12 0.03 1.21 0.27 1
2.54 2.25 0.29 -0.29 0.08 0.08 0.81 0.72 2.16 3.38 -1.22 2.22 0.11 0.18 0.7 1.1 1
5.49 2.24 3.25 -3.25 0.18 0.07 1.75 0.71 3.45 5.58 -2.13 1.13 0.12 0.19 1.14 1.85 2
2.15 5.43 -3.28 -6.72 0.11 0.27 0.7 1.77 2.92 3.42 -0.5 -0.5 0.09 0.1 0.95 1.11 3
2.78 4.59 -1.81 -0.19 0.11 0.18 0.9 1.49 1.72 4.75 -3.03 2.03 0.07 0.2 0.55 1.52 2
1.44 2.27 -0.83 0.83 0.05 0.08 0.47 0.75 5.2 2.59 2.61 0.39 0.12 0.06 1.67 0.83 2
5.16 1.82 3.34 3.66 0.12 0.04 1.67 0.59 2.67 3.16 -0.49 1.49 0.12 0.14 0.83 0.99 1
2.33 4.32 -1.99 1.99 0.1 0.18 0.57 1.05 5.61 3.37 2.24 5.76 0.11 0.07 1.35 0.81 2
7.57 5.41 2.16 1.84 0.14 0.1 1.87 1.34 5.04 3.26 1.78 1.22 0.08 0.05 1.21 0.78 1
4.68 2.2 2.48 -3.48 0.11 0.05 1.13 0.53 2.79 5.98 -3.19 -7.81 0.09 0.19 0.68 1.45 2
4.32 6.1 -1.78 0.78 0.11 0.16 1.07 1.51 4.22 3.61 0.61 -0.61 0.11 0.09 0.99 0.85 2
3.47 4.06 -0.59 0.59 0.09 0.1 0.84 0.98 3.48 2.42 1.06 -0.06 0.08 0.05 0.84 0.58 2
5.41 3.27 2.14 0.86 0.12 0.07 1.31 0.79 3.51 5.12 -1.61 -0.39 0.1 0.15 0.86 1.25 1
2.25 5.48 -3.23 2.23 0.07 0.17 0.54 1.32 3.47 6.09 -2.62 -0.38 0.09 0.16 0.85 1.49 1
6.01 3.11 2.9 -2.9 0.16 0.08 1.45 0.75 2.12 2.48 -0.36 0.36 0.06 0.08 0.52 0.61 2
5.58 3.87 1.71 0.29 0.07 0.05 1.08 0.75 3.22 5.73 -2.51 2.51 0.08 0.14 0.62 1.11 2
4.8 3.73 1.07 -1.07 0.09 0.07 0.91 0.71 3.78 5.55 -1.77 1.77 0.09 0.13 0.74 1.08 1
3.21 6.99 -3.78 -7.22 0.08 0.18 0.63 1.37 8.18 5.95 2.23 2.77 0.13 0.09 1.62 1.18 1
2.28 3.57 -1.29 1.29 0.06 0.09 0.45 0.71 4.44 6.68 -2.24 1.24 0.11 0.16 0.88 1.32 1
3.57 5.94 -2.37 -1.63 0.09 0.14 0.7 1.16 7.1 3.27 3.83 -3.83 0.14 0.06 1.38 0.63 1
3.68 2.61 1.07 -0.07 0.07 0.05 0.71 0.51 5.69 2.62 3.07 -4.07 0.11 0.05 1.11 0.51 3
3.72 7.06 -3.34 -0.66 0.08 0.15 0.73 1.39 6.23 3.33 2.9 2.1 0.12 0.06 1.22 0.65 2
6.84 4.82 2.02 5.98 0.12 0.08 1.32 0.93 3.66 4.26 -0.6 0.6 0.08 0.09 0.71 0.83 2
8.57 6.96 1.61 2.39 0.12 0.1 1.41 1.14 4.43 3.6 0.83 -0.83 0.06 0.05 0.71 0.58 3
7.68 3.93 3.75 -4.75 0.12 0.06 1.25 0.64 5.16 7.79 -2.63 -1.37 0.09 0.14 0.84 1.27 3
4.65 7.33 -2.68 -0.32 0.09 0.15 0.77 1.21 5.14 7.2 -2.06 1.06 0.09 0.12 0.84 1.17 1
2.93 3.78 -0.85 2.85 0.06 0.08 0.48 0.63 4.23 6.52 -2.29 -0.71 0.08 0.13 0.69 1.07 2
3.31 6.4 -3.09 3.09 0.07 0.14 0.54 1.04 4.22 7.38 -3.16 -6.84 0.09 0.15 0.69 1.2 2
5.26 5.24 0.02 -0.02 0.08 0.08 0.85 0.84 6.45 5.09 1.36 -0.36 0.09 0.07 1.03 0.81 1
6.68 3.37 3.31 -3.31 0.11 0.06 1.08 0.54 7.82 6.42 1.4 6.6 0.12 0.09 1.25 1.03 2
6.96 4.77 2.19 2.81 0.11 0.08 1.13 0.77 6.25 3.96 2.29 -0.29 0.07 0.04 1.01 0.64 1
6.11 3.83 2.28 -0.28 0.07 0.05 0.84 0.53 4.26 6.74 -2.48 2.48 0.08 0.13 0.59 0.93 1
5.29 7.2 -1.91 -1.09 0.09 0.12 0.74 1.01 5.54 7.73 -2.19 1.19 0.09 0.13 0.79 1.1 3
5.44 9.06 -3.62 0.62 0.09 0.15 0.76 1.27 3.61 4.84 -1.23 3.23 0.06 0.08 0.51 0.69 2
7.1 5.16 1.94 -2.94 0.07 0.05 0.98 0.71 8.95 4.21 4.74 -6.74 0.12 0.06 1.25 0.59 3
7.18 6.41 0.77 -0.77 0.1 0.09 0.99 0.88 7.73 4.51 3.22 -3.22 0.11 0.07 1.07 0.63 2
4.56 8.33 -3.77 -6.23 0.08 0.15 0.63 1.16 8.16 5.62 2.54 5.46 0.11 0.08 1.13 0.78 1
8.96 7.47 1.49 6.51 0.12 0.1 1.23 1.03 8.8 8.64 0.16 1.84 0.11 0.11 1.23 1.21 1
5.54 8.09 -2.55 -0.45 0.09 0.12 0.77 1.13 6.58 5.97 0.61 0.39 0.09 0.08 0.91 0.83 2
8.94 5.28 3.66 -3.66 0.12 0.07 1.09 0.64 6.63 10.07 -3.44 0.44 0.08 0.13 0.81 1.23 2
9.14 10 -0.86 0.86 0.1 0.11 1.12 1.23 7.95 7.62 0.33 -0.33 0.09 0.09 0.96 0.92 2
6.98 7.7 -0.72 -3.28 0.09 0.1 0.86 0.95 6.07 9.18 -3.11 0.11 0.08 0.12 0.74 1.12 1
6.04 9.42 -3.38 3.38 0.09 0.14 0.75 1.17 8.56 7.06 1.5 -0.5 0.1 0.09 1.04 0.86 1
3.73 5.47 -1.74 3.74 0.05 0.08 0.46 0.67 7.42 6.6 0.82 -2.82 0.07 0.06 0.89 0.79 2
10.39 4.53 5.86 -6.86 0.13 0.06 1.26 0.55 4.74 9.6 -4.86 -4.14 0.08 0.15 0.58 1.17 2
9.43 5.8 3.63 3.37 0.12 0.07 1.15 0.71 7.54 4.93 2.61 2.39 0.08 0.05 0.91 0.6 1
5.36 8.17 -2.81 -0.19 0.09 0.13 0.65 0.99 10.32 7.81 2.51 7.49 0.11 0.09 1.25 0.95 3
7.34 9.34 -2 -2 0.08 0.11 0.8 1.01 6.17 11.35 -5.18 6.18 0.08 0.15 0.68 1.25 1
8.28 7.91 0.37 -0.37 0.09 0.08 0.89 0.85 6.11 10.17 -4.06 0.06 0.09 0.14 0.66 1.1 3
6.77 10.95 -4.18 1.18 0.08 0.12 0.73 1.19 9.43 10.33 -0.9 0.9 0.08 0.09 1.03 1.12 1
8.3 8.13 0.17 -2.17 0.07 0.07 0.89 0.87 7.14 8.97 -1.83 -1.17 0.09 0.11 0.78 0.98 1
5.16 10.49 -5.33 -3.67 0.07 0.15 0.56 1.13 5.26 6.35 -1.09 3.09 0.06 0.08 0.57 0.69 2
8.02 6.19 1.83 2.17 0.08 0.06 0.86 0.66 11.28 4.95 6.33 -7.33 0.12 0.05 1.21 0.53 2
12.32 8.56 3.76 7.24 0.11 0.08 1.32 0.92 10.69 6.28 4.41 3.59 0.11 0.07 1.15 0.68 3
10.49 7.19 3.3 -3.3 0.12 0.08 1.14 0.78 9.82 5.42 4.4 -4.4 0.11 0.06 1.06 0.58 1
11.54 5.23 6.31 -7.31 0.12 0.05 1.12 0.51 13.48 9.91 3.57 6.43 0.11 0.08 1.3 0.95 1
9.68 11.63 -1.95 0.95 0.08 0.1 0.95 1.14 13.33 8.29 5.04 -3.04 0.12 0.08 1.3 0.81 2
8.38 12.87 -4.49 1.49 0.11 0.16 0.81 1.25 8.07 11.2 -3.13 1.13 0.08 0.11 0.79 1.09 2
6.39 13.45 -7.06 6.06 0.07 0.15 0.63 1.33 10.92 8.26 2.66 -4.66 0.11 0.09 1.06 0.8 3
6.88 7.73 -0.85 2.85 0.07 0.08 0.67 0.76 8.3 6.45 1.85 2.15 0.08 0.06 0.8 0.62 3
12.04 7.44 4.6 4.4 0.11 0.07 1.16 0.72 10.98 10.18 0.8 -1.8 0.09 0.09 1.06 0.98 1
7.37 9.89 -2.52 -1.48 0.08 0.11 0.73 0.97 6.54 12.11 -5.57 -3.43 0.09 0.17 0.63 1.18 1
9.44 9.56 -0.12 -1.88 0.1 0.1 0.92 0.93 9.22 8.36 0.86 -1.86 0.07 0.06 0.89 0.8 2
7.02 12.66 -5.64 -4.36 0.09 0.16 0.62 1.12 9.61 9.95 -0.34 -1.66 0.09 0.1 0.85 0.88 3
12.69 10.54 2.15 -4.15 0.1 0.08 1.11 0.92 11.77 5.62 6.15 -6.15 0.12 0.06 1.03 0.49 1
9.61 8.53 1.08 -2.08 0.07 0.06 0.84 0.75 7.63 14.41 -6.78 4.78 0.08 0.15 0.68 1.29 3
13.74 8.71 5.03 -3.03 0.12 0.08 1.22 0.78 10.2 13.67 -3.47 0.47 0.11 0.14 0.9 1.2 1
9.49 6.54 2.95 2.05 0.08 0.06 0.83 0.57 7.92 10.37 -2.45 -0.55 0.07 0.1 0.71 0.93 1
8.87 13.02 -4.15 2.15 0.09 0.13 0.79 1.15 12.4 9.15 3.25 6.75 0.11 0.08 1.09 0.8 3
11.88 9.5 2.38 -3.38 0.12 0.09 1.05 0.84 10.1 12.04 -1.94 0.94 0.07 0.09 0.9 1.07 2
13.87 10.14 3.73 5.27 0.1 0.08 1.21 0.89 6.97 8.92 -1.95 2.95 0.07 0.09 0.62 0.79 1
12.01 8.8 3.21 -5.21 0.08 0.06 0.97 0.71 9.25 15.93 -6.68 -6.32 0.1 0.17 0.75 1.29 1
7.9 16.81 -8.91 7.91 0.08 0.16 0.65 1.38 10.38 13.2 -2.82 1.82 0.07 0.09 0.84 1.07 1
11.9 7.05 4.85 -6.85 0.11 0.07 0.96 0.57 9.68 14.42 -4.74 1.74 0.09 0.13 0.79 1.17 1
9.87 11.11 -1.24 1.24 0.08 0.09 0.8 0.9 14.12 10.67 3.45 -3.45 0.1 0.07 1.14 0.86 2
10.37 15.23 -4.86 0.86 0.1 0.15 0.84 1.23 13.04 9.78 3.26 -4.26 0.12 0.09 1.05 0.79 1
8.31 12.32 -4.01 0.01 0.07 0.11 0.68 1.01 16.06 13.04 3.02 6.98 0.11 0.09 1.28 1.04 2
13.8 9.96 3.84 7.16 0.11 0.08 1.11 0.8 15.3 8.88 6.42 -3.42 0.13 0.07 1.25 0.73 2
12.88 12.18 0.7 0.3 0.11 0.11 1.04 0.98 11.44 6.93 4.51 1.49 0.09 0.05 0.92 0.56 3
8.17 17.38 -9.21 10.21 0.07 0.16 0.62 1.32 9.55 16.91 -7.36 -6.64 0.09 0.16 0.71 1.26 3
9.91 16.77 -6.86 2.86 0.09 0.15 0.74 1.26 10.84 11.76 -0.92 0.92 0.08 0.09 0.81 0.88 2
10.95 13.47 -2.52 -0.48 0.06 0.08 0.82 1.01 11.12 15.53 -4.41 1.41 0.1 0.15 0.83 1.16 3
14.77 11.64 3.13 -3.13 0.09 0.07 1.09 0.86 10.45 13.39 -2.94 -1.06 0.08 0.1 0.79 1.01 2
17.13 15.18 1.95 8.05 0.11 0.1 1.26 1.12 13.75 12.59 1.16 -1.16 0.11 0.1 1.03 0.94 2
16.09 9.6 6.49 -3.49 0.12 0.07 1.21 0.72 14.25 7.28 6.97 -7.97 0.12 0.06 1.06 0.54 2
11.85 7.8 4.05 2.95 0.09 0.06 0.88 0.58 12.99 9.1 3.89 -4.89 0.08 0.05 0.96 0.68 2
13.34 10.53 2.81 -4.81 0.11 0.09 0.99 0.78 14.52 10.75 3.77 7.23 0.1 0.07 1.08 0.8 1
11 14.12 -3.12 -0.88 0.08 0.1 0.77 0.99 12.5 19.02 -6.52 2.52 0.1 0.16 0.87 1.32 1
12.29 16.55 -4.26 2.26 0.1 0.14 0.85 1.15 8.55 17.94 -9.39 9.39 0.07 0.15 0.6 1.26 3
15.94 13.04 2.9 -2.9 0.12 0.1 1.11 0.9 15.5 12.19 3.31 -3.31 0.09 0.07 1.07 0.84 2
15.08 11.8 3.28 6.72 0.1 0.08 1.04 0.81 11.97 14.64 -2.67 -1.33 0.07 0.08 0.84 1.02 1
13.09 14.35 -1.26 1.26 0.09 0.09 0.91 0.99 16.62 9.99 6.63 -3.63 0.11 0.07 1.16 0.7 1
14.64 7.81 6.83 -7.83 0.12 0.06 1.01 0.54 14.39 11.09 3.3 -4.3 0.11 0.09 0.99 0.77 3
10.11 17.29 -7.18 -5.82 0.09 0.16 0.7 1.2 12.6 8.12 4.48 2.52 0.08 0.05 0.87 0.56 1
13.31 9.85 3.46 -4.46 0.08 0.06 0.92 0.68 17.58 17.37 0.21 9.79 0.11 0.11 1.21 1.19 3
16.22 13.54 2.68 -2.68 0.12 0.1 1.05 0.88 13.18 19.29 -6.11 1.11 0.1 0.15 0.86 1.25 3
13.78 14.7 -0.92 1.92 0.09 0.09 0.89 0.95 16.07 12.67 3.4 -2.4 0.12 0.09 1.04 0.82 3
16.22 9.49 6.73 -9.73 0.12 0.07 1.05 0.61 12.59 16.58 -3.99 -2.01 0.07 0.09 0.82 1.08 1
15.9 10.95 4.95 -7.95 0.08 0.06 1.02 0.7 16 12.47 3.53 -3.53 0.09 0.07 1.03 0.8 3
17.02 12.42 4.6 7.4 0.1 0.07 1.1 0.8 12.63 18.99 -6.36 1.36 0.1 0.15 0.82 1.23 1
14.01 8.36 5.65 0.35 0.08 0.05 0.9 0.54 10.99 18.28 -7.29 10.29 0.08 0.13 0.72 1.2 2
11.27 14.8 -3.53 0.53 0.08 0.1 0.74 0.97 16.97 10.68 6.29 -4.29 0.11 0.07 1.1 0.7 1
10.35 18.7 -8.35 -3.65 0.09 0.16 0.67 1.21 18.68 19.96 -1.28 13.28 0.11 0.12 1.2 1.28 3
17.32 11.06 6.26 -5.26 0.1 0.07 1.06 0.67 16.61 14.12 2.49 -4.49 0.11 0.09 1.01 0.86 1
12.65 17.14 -4.49 -2.51 0.07 0.09 0.78 1.05 14.11 14.87 -0.76 0.76 0.08 0.09 0.85 0.9 1
13.76 19.68 -5.92 2.92 0.1 0.15 0.84 1.2 17.19 14.45 2.74 -7.74 0.08 0.07 1.04 0.87 1
19.5 13.76 5.74 -3.74 0.1 0.07 1.18 0.83 12.59 19.77 -7.18 -5.82 0.1 0.15 0.76 1.2 1
16.24 13 3.24 -1.24 0.11 0.09 0.98 0.79 11.65 15.15 -3.5 1.5 0.07 0.1 0.71 0.93 1
13.03 20.55 -7.52 1.52 0.1 0.15 0.8 1.25 16.78 9.55 7.23 -9.23 0.11 0.06 1.02 0.58 2
11.34 19 -7.66 10.66 0.08 0.13 0.69 1.16 18.58 12.82 5.76 7.24 0.1 0.07 1.13 0.78 3
19.75 22.2 -2.45 15.45 0.11 0.12 1.19 1.34 14.73 8.71 6.02 -0.02 0.08 0.05 0.88 0.52 1
15.35 16.65 -1.3 -0.7 0.08 0.09 0.87 0.95 15.02 21.73 -6.71 0.71 0.1 0.15 0.86 1.25 2
17.09 15.51 1.58 -5.58 0.1 0.09 0.98 0.89 17.28 13.73 3.55 -0.55 0.11 0.09 0.98 0.78 2
12.38 16.19 -3.81 0.81 0.08 0.1 0.71 0.93 14.43 18.38 -3.95 -1.05 0.07 0.09 0.83 1.06 1
12.81 21.58 -8.77 -7.23 0.09 0.14 0.73 1.23 15.41 19.95 -4.54 2.54 0.11 0.14 0.88 1.15 1
17.96 11.54 6.42 -8.42 0.11 0.07 1.03 0.66 19.27 13.33 5.94 8.06 0.1 0.07 1.1 0.76 3
20.32 23.12 -2.8 16.8 0.1 0.12 1.15 1.31 11.85 19.69 -7.84 9.84 0.08 0.13 0.68 1.13 2
17.46 16.1 1.36 -7.36 0.08 0.08 0.99 0.91 18.71 11.54 7.17 -4.17 0.11 0.07 1.07 0.66 2
15.65 9.28 6.37 -1.37 0.08 0.05 0.89 0.52 21.31 13.98 7.33 -2.33 0.1 0.07 1.21 0.8 3
15.4 19.87 -4.47 -1.53 0.08 0.1 0.84 1.08 17.61 16.3 1.31 -5.31 0.1 0.1 0.95 0.88 2
18.07 14.25 3.82 -0.82 0.11 0.09 0.97 0.76 18.46 16.7 1.76 -7.76 0.08 0.07 0.99 0.9 3
21.27 13.5 7.77 7.23 0.1 0.06 1.14 0.73 16.35 17.29 -0.94 -1.06 0.08 0.08 0.88 0.93 1
15.66 22.73 -7.07 1.07 0.1 0.15 0.85 1.23 13.87 17.16 -3.29 1.29 0.08 0.09 0.75 0.93 3
13.99 22.01 -8.02 10.02 0.08 0.12 0.76 1.19 18.13 13.54 4.59 -7.59 0.11 0.08 0.98 0.73 2
16.87 20.55 -3.68 -0.32 0.11 0.13 0.92 1.11 16.06 10.17 5.89 -1.89 0.08 0.05 0.86 0.54 2
22.2 14.39 7.81 -1.81 0.1 0.07 1.19 0.77 22.64 25.26 -2.62 16.62 0.11 0.12 1.21 1.35 1
19.31 12.54 6.77 -3.77 0.1 0.07 1.05 0.68 13.41 23.04 -9.63 -4.37 0.08 0.14 0.72 1.24 1
18.85 17.23 1.62 -5.62 0.11 0.1 0.97 0.88 17.34 23.89 -6.55 -1.45 0.11 0.15 0.89 1.22 2
15.03 18.84 -3.81 3.81 0.08 0.1 0.77 0.97 22.9 14.29 8.61 9.39 0.1 0.06 1.17 0.73 3
17.14 18.92 -1.78 -3.22 0.08 0.09 0.87 0.96 18.2 15.31 2.89 -5.89 0.11 0.09 0.93 0.78 1
19.72 17.02 2.7 -6.7 0.09 0.07 1 0.87 16.33 21.11 -4.78 -1.22 0.08 0.1 0.84 1.09 2
14.26 24.35 -10.09 -5.91 0.08 0.14 0.73 1.24 18.39 15.51 2.88 -1.88 0.11 0.09 0.94 0.79 3
23.96 16.01 7.95 -0.95 0.11 0.07 1.22 0.81 15.76 22.08 -6.32 8.32 0.08 0.12 0.81 1.13 3
24.26 27.02 -2.76 15.76 0.11 0.12 1.23 1.37 17.5 21.22 -3.72 -0.28 0.11 0.13 0.9 1.09 3
16.73 10.8 5.93 -1.93 0.08 0.05 0.85 0.55 20.62 13.39 7.23 -2.23 0.11 0.07 1.06 0.69 1
24.39 15.42 8.97 10.03 0.1 0.07 1.18 0.75 19.88 18.35 1.53 -5.53 0.1 0.1 0.97 0.89 1
19.02 16.23 2.79 -6.79 0.11 0.1 0.92 0.79 16.16 20.33 -4.17 3.17 0.08 0.1 0.79 0.99 3
17.1 24.59 -7.49 10.49 0.08 0.12 0.83 1.2 18.06 19.74 -1.68 -2.32 0.08 0.09 0.87 0.96 2
18.46 24.92 -6.46 -1.54 0.11 0.15 0.9 1.21 20.58 18.04 2.54 -6.54 0.09 0.07 1 0.87 1
17.35 21.97 -4.62 -1.38 0.08 0.1 0.85 1.08 16.25 24.53 -8.28 -8.72 0.08 0.13 0.79 1.19 2
19.56 22.36 -2.8 -0.2 0.11 0.13 0.96 1.09 26.47 17.35 9.12 -3.12 0.11 0.07 1.28 0.84 2
21.62 15.09 6.53 -2.53 0.11 0.07 1.05 0.74 25.4 29.08 -3.68 15.68 0.11 0.12 1.22 1.4 3
18.57 17.5 1.07 0.93 0.1 0.1 0.9 0.85 18.43 11.8 6.63 -1.63 0.08 0.05 0.89 0.57 1
16.68 25.3 -8.62 -8.38 0.08 0.12 0.77 1.17 19.62 26.35 -6.73 -0.27 0.11 0.14 0.91 1.22 2
20.57 19.68 0.89 -5.89 0.1 0.1 0.95 0.91 19.9 16.53 3.37 -8.37 0.11 0.09 0.92 0.76 2
16.46 21.21 -4.75 4.75 0.08 0.1 0.77 0.99 18.57 20.27 -1.7 -2.3 0.08 0.09 0.86 0.93 2
19.91 23.76 -3.85 0.85 0.11 0.13 0.93 1.11 17.63 25.1 -7.47 10.47 0.08 0.11 0.82 1.16 2
18.55 12.59 5.96 -1.96 0.08 0.05 0.85 0.58 18.12 22.4 -4.28 -1.72 0.08 0.1 0.84 1.04 1
22.01 19.2 2.81 -7.81 0.09 0.08 1.01 0.88 25.72 16.11 9.61 10.39 0.1 0.07 1.18 0.74 2
27.87 17.7 10.17 -4.17 0.11 0.07 1.28 0.81 21.98 19.79 2.19 -2.19 0.1 0.09 1.02 0.92 2
30.1 29.44 0.66 15.34 0.12 0.11 1.38 1.35 19.36 17.62 1.74 1.26 0.11 0.1 0.89 0.81 1
27.13 17.05 10.08 9.92 0.1 0.07 1.19 0.75 17.27 26.27 -9 -8 0.08 0.12 0.76 1.16 1
23.03 21.07 1.96 -1.96 0.1 0.09 1.02 0.94 22.07 24.59 -2.52 -0.48 0.11 0.13 0.98 1.09 2
18.46 27.26 -8.8 11.8 0.08 0.12 0.82 1.21 16.65 22.53 -5.88 5.88 0.08 0.1 0.74 1 2
20.59 26.94 -6.35 -0.65 0.11 0.14 0.91 1.19 22.03 14.84 7.19 0.81 0.09 0.06 0.96 0.65 1
20.28 17.39 2.89 -7.89 0.11 0.09 0.9 0.77 22.95 20.61 2.34 -7.34 0.09 0.08 1.01 0.91 2
19.89 20.46 -0.57 -3.43 0.08 0.08 0.88 0.9 21.43 20.06 1.37 -6.37 0.1 0.09 0.95 0.89 1
20.16 19.73 0.43 1.57 0.11 0.1 0.89 0.87 29.15 18.75 10.4 -4.4 0.11 0.07 1.28 0.83 2
20.37 25.88 -5.51 -4.49 0.08 0.11 0.91 1.15 32.21 30.24 1.97 15.03 0.11 0.11 1.41 1.33 3
21.63 20.38 1.25 -7.25 0.1 0.09 0.91 0.86 17.58 22.96 -5.38 5.38 0.08 0.1 0.75 0.97 1
23.01 20.95 2.06 -7.06 0.09 0.08 0.97 0.88 20.21 20.66 -0.45 -2.55 0.08 0.08 0.85 0.87 1
18.17 30.69 -12.52 -9.48 0.08 0.13 0.77 1.29 20.62 17.45 3.17 -8.17 0.11 0.09 0.87 0.74 2
33.44 30.91 2.53 15.47 0.11 0.11 1.4 1.3 21.99 28.01 -6.02 0.02 0.11 0.14 0.93 1.18 1
22.18 25.68 -3.5 0.5 0.11 0.13 0.94 1.09 20.34 20.69 -0.35 2.35 0.1 0.1 0.86 0.87 2
30.11 18.93 11.18 -5.18 0.11 0.07 1.27 0.8 21.04 27.11 -6.07 -4.93 0.08 0.11 0.9 1.15 3
23.1 16.24 6.86 0.14 0.09 0.06 0.97 0.68 31.55 17.95 13.6 11.4 0.11 0.07 1.33 0.75 1
24.12 21.18 2.94 -2.94 0.1 0.09 1.02 0.9 18.89 28.19 -9.3 12.3 0.08 0.12 0.8 1.19 1
21.19 28.95 -7.76 -1.24 0.08 0.11 0.86 1.18 24.21 26.14 -1.93 -1.07 0.11 0.12 0.99 1.07 3
18.85 24.24 -5.39 2.39 0.08 0.1 0.77 0.98 25.18 21.07 4.11 -7.11 0.09 0.08 1.02 0.85 3
20.56 30.1 -9.54 10.54 0.08 0.12 0.83 1.21 22.91 21.65 1.26 -4.26 0.1 0.09 0.93 0.88 1
22.39 29.29 -6.9 -0.1 0.11 0.14 0.91 1.18 31.95 19.08 12.87 -8.87 0.11 0.07 1.29 0.77 1
33.47 19.07 14.4 9.6 0.11 0.07 1.35 0.77 34.72 31.31 3.41 15.59 0.11 0.1 1.4 1.26 2
20.33 22.83 -2.5 -2.5 0.08 0.09 0.82 0.92 19.84 31.4 -11.56 -10.44 0.08 0.12 0.8 1.27 1
20.8 22.72 -1.92 3.92 0.1 0.11 0.84 0.92 26.03 22.85 3.18 -1.18 0.1 0.09 1.06 0.93 2
21.33 19.12 2.21 -7.21 0.1 0.09 0.86 0.77 24.22 18.16 6.06 1.94 0.09 0.06 0.97 0.73 1
20.17 32.66 -12.49 -10.51 0.08 0.13 0.78 1.26 19.47 25.86 -6.39 2.39 0.08 0.1 0.76 1.01 2
25.23 26.9 -1.67 -0.33 0.12 0.12 0.99 1.05 23.73 30.86 -7.13 1.13 0.11 0.14 0.92 1.2 2
26.8 21.69 5.11 -7.11 0.09 0.08 1.04 0.84 23.96 22.78 1.18 -6.18 0.1 0.1 0.93 0.88 1
35.9 32.38 3.52 15.48 0.11 0.1 1.39 1.25 23.32 19.39 3.93 -6.93 0.11 0.09 0.9 0.75 2
21.02 24.11 -3.09 5.09 0.09 0.11 0.81 0.93 21.69 31.15 -9.46 12.46 0.08 0.12 0.84 1.21 1
24.49 20.15 4.34 1.66 0.09 0.07 0.94 0.78 21.59 23.16 -1.57 -2.43 0.08 0.08 0.84 0.9 2
27.42 23.07 4.35 -2.35 0.1 0.09 1.07 0.9 21.95 29.97 -8.02 -1.98 0.08 0.11 0.86 1.17 2
20.88 26.94 -6.06 2.06 0.08 0.1 0.78 1.01 25.03 20.98 4.05 1.95 0.08 0.07 0.93 0.78 2
22.42 23.7 -1.28 -2.72 0.08 0.08 0.84 0.88 37.5 32.47 5.03 13.97 0.11 0.1 1.39 1.21 2
23.41 20.99 2.42 -5.42 0.1 0.09 0.87 0.78 33.52 20.42 13.1 -10.1 0.11 0.07 1.3 0.79 1
24.63 24.93 -0.3 -6.7 0.1 0.1 0.92 0.93 21.25 34.07 -12.82 -10.18 0.08 0.13 0.79 1.27 1
22.22 32.33 -10.11 12.11 0.08 0.12 0.83 1.2 28.95 22.36 6.59 -6.59 0.1 0.08 1.08 0.83 2
23.2 30.59 -7.39 -2.61 0.08 0.11 0.87 1.15 22.2 24.64 -2.44 5.44 0.1 0.11 0.83 0.92 1
25.28 32.27 -6.99 0.99 0.11 0.14 0.94 1.2 28.04 24.32 3.72 -1.72 0.1 0.09 1.05 0.91 1
