2.68 0.68 2 -2 0.22 0.06 2.54 0.64 0.37 0.9 -0.53 -0.47 0.03 0.08 0.34 0.84 2
1.45 0.59 0.86 2.14 0.15 0.06 1.39 0.56 1.49 2.02 -0.53 1.53 0.21 0.29 1.44 1.95 2
1.13 0.44 0.69 -1.69 0.08 0.03 1.13 0.44 0.68 2.68 -2 2 0.04 0.17 0.64 2.54 1
2.06 0.88 1.18 -0.18 0.19 0.08 2.02 0.86 0.59 1.45 -0.86 -2.14 0.07 0.16 0.56 1.39 1
0.28 0.69 -0.41 0.41 0.06 0.14 0.28 0.68 0.44 1.13 -0.69 1.69 0.06 0.14 0.44 1.13 3
1.32 1.79 -0.47 0.47 0.13 0.18 1.32 1.79 0.88 2.06 -1.18 0.18 0.07 0.16 0.86 2.02 1
0.96 1.12 -0.16 0.16 0.06 0.07 0.92 1.07 1.79 1.32 0.47 -0.47 0.18 0.13 1.79 1.32 3
2.02 1.49 0.53 -1.53 0.16 0.11 1.95 1.44 1.12 0.96 0.16 -0.16 0.19 0.16 1.07 0.92 2
0.69 0.28 0.41 -0.41 0.07 0.03 0.68 0.28 0.9 0.37 0.53 0.47 0.08 0.03 0.84 0.34 3
2.98 1.61 1.37 1.63 0.1 0.05 1.45 0.78 1.67 4.49 -2.82 0.82 0.08 0.22 0.8 2.16 1
1.04 3.61 -2.57 0.57 0.04 0.12 0.5 1.73 2.91 2.13 0.78 -0.78 0.13 0.1 1.39 1.02 3
3.19 3.28 -0.09 -0.91 0.14 0.14 1.54 1.58 1.92 1.41 0.51 -1.51 0.08 0.06 0.94 0.69 2
0.71 1.97 -1.26 3.26 0.05 0.14 0.35 0.97 2.59 3.3 -0.71 -1.29 0.08 0.1 1.21 1.55 2
1.45 3.36 -1.91 -2.09 0.07 0.17 0.71 1.64 1.12 0.96 0.16 -1.16 0.06 0.05 0.55 0.47 1
3.75 2.58 1.17 -0.17 0.13 0.09 1.82 1.26 2.03 1.6 0.43 1.57 0.1 0.08 0.96 0.76 3
2.06 0.8 1.26 -0.26 0.08 0.03 1.01 0.39 4.22 2.41 1.81 -1.81 0.16 0.09 2.01 1.15 2
2.1 2.44 -0.34 -0.66 0.08 0.09 0.99 1.15 3.97 2.95 1.02 0.98 0.23 0.17 1.9 1.41 3
2.51 3.55 -1.04 2.04 0.13 0.19 1.23 1.74 3.97 1.74 2.23 -0.23 0.17 0.07 1.96 0.86 2
3.75 4.53 -0.78 -2.22 0.09 0.11 1.19 1.44 5.03 4.9 0.13 -1.13 0.16 0.16 1.62 1.58 1
6.06 4.6 1.46 2.54 0.19 0.14 1.94 1.47 1.98 2.38 -0.4 2.4 0.08 0.1 0.65 0.78 2
1.97 2.5 -0.53 -2.47 0.07 0.09 0.65 0.82 2.72 4.59 -1.87 2.87 0.1 0.18 0.89 1.51 1
1.71 6.14 -4.43 0.43 0.08 0.28 0.55 1.99 3.63 2.8 0.83 0.17 0.1 0.08 1.18 0.91 2
5.18 3.78 1.4 -0.4 0.14 0.11 1.66 1.21 6.17 3.38 2.79 -2.79 0.13 0.07 1.98 1.09 3
2.83 4.02 -1.19 4.19 0.1 0.14 0.89 1.27 2.99 4.21 -1.22 -0.78 0.09 0.12 0.98 1.38 2
3.54 3.25 0.29 -1.29 0.09 0.08 1.15 1.06 2.69 5.88 -3.19 0.19 0.07 0.15 0.86 1.88 3
3 4.57 -1.57 -0.43 0.08 0.11 0.95 1.45 6.22 3.98 2.24 -2.24 0.14 0.09 1.97 1.26 1
5.01 1.95 3.06 -1.06 0.14 0.05 1.66 0.65 4.63 1.65 2.98 2.02 0.1 0.04 1.51 0.54 3
5.35 3.6 1.75 -0.75 0.09 0.06 1.29 0.87 3.96 5.04 -1.08 1.08 0.07 0.09 0.95 1.21 1
6.21 5.85 0.36 3.64 0.16 0.15 1.5 1.42 4.53 6.55 -2.02 0.02 0.1 0.14 1.1 1.58 3
3.23 2.53 0.7 1.3 0.09 0.07 0.8 0.62 6.13 6.3 -0.17 -1.83 0.14 0.14 1.48 1.52 1
3.96 2.56 1.4 -3.4 0.09 0.06 0.98 0.63 2.51 7.86 -5.35 1.35 0.07 0.23 0.61 1.9 1
6.77 4.39 2.38 -1.38 0.13 0.08 1.63 1.06 5.15 5.63 -0.48 -1.52 0.1 0.11 1.23 1.34 2
5.64 2.64 3 3 0.1 0.05 1.37 0.64 3.37 4.29 -0.92 3.92 0.09 0.12 0.8 1.01 3
6.69 4.94 1.75 -3.75 0.12 0.09 1.61 1.19 2.78 6.58 -3.8 3.8 0.1 0.24 0.69 1.63 1
6.19 4.38 1.81 -1.81 0.14 0.1 1.49 1.05 6 2.96 3.04 -2.04 0.14 0.07 1.47 0.73 1
3.26 4.75 -1.49 -0.51 0.08 0.11 0.79 1.16 4.21 5.09 -0.88 -1.12 0.08 0.1 1.03 1.24 1
6.12 7.62 -1.5 -0.5 0.09 0.12 1.17 1.45 8.29 5.51 2.78 -2.78 0.15 0.1 1.62 1.08 1
7.74 5.46 2.28 -3.28 0.11 0.08 1.5 1.06 8.74 6.67 2.07 -1.07 0.15 0.11 1.68 1.28 1
5.04 6.18 -1.14 0.14 0.09 0.11 0.98 1.21 6.85 7.84 -0.99 3.99 0.14 0.16 1.32 1.51 2
5.64 6.87 -1.23 -1.77 0.1 0.12 1.11 1.35 4.65 4.03 0.62 2.38 0.11 0.09 0.91 0.79 1
3.3 7.63 -4.33 3.33 0.1 0.23 0.65 1.51 8.76 5.36 3.4 -2.4 0.14 0.08 1.68 1.03 1
7.63 7.72 -0.09 -2.91 0.13 0.13 1.47 1.48 5.46 4.13 1.33 -2.33 0.1 0.07 1.08 0.81 3
4.08 9.36 -5.28 0.28 0.09 0.2 0.79 1.81 4.21 6.41 -2.2 1.2 0.06 0.1 0.81 1.23 3
6.72 3.85 2.87 -0.87 0.1 0.06 1.3 0.75 4.52 5.3 -0.78 4.78 0.11 0.12 0.86 1.01 3
6.52 7.19 -0.67 -0.33 0.11 0.13 1.26 1.39 6.65 3.79 2.86 2.14 0.11 0.06 1.3 0.74 2
7.94 7.78 0.16 0.84 0.09 0.09 1.26 1.24 3.79 8.95 -5.16 5.16 0.1 0.23 0.62 1.47 1
8.44 5.22 3.22 -1.22 0.13 0.08 1.38 0.85 10.08 5.85 4.23 -4.23 0.13 0.07 1.61 0.94 1
5.49 10.68 -5.19 -0.81 0.09 0.17 0.88 1.72 5.94 6.79 -0.85 -0.15 0.09 0.1 0.96 1.1 1
9.48 4.77 4.71 0.29 0.12 0.06 1.53 0.77 9.63 6.6 3.03 -3.03 0.12 0.08 1.55 1.06 3
8.45 7.33 1.12 -4.12 0.14 0.12 1.37 1.19 5.12 5.36 -0.24 2.24 0.1 0.1 0.84 0.88 3
4.8 6.78 -1.98 6.98 0.1 0.15 0.77 1.09 7.5 10.02 -2.52 1.52 0.11 0.15 1.2 1.6 1
7.46 8.74 -1.28 4.28 0.13 0.15 1.2 1.41 8.72 10.7 -1.98 -4.02 0.12 0.15 1.4 1.71 3
5.53 7.82 -2.29 2.29 0.07 0.1 0.89 1.25 6.97 7.34 -0.37 -1.63 0.1 0.11 1.14 1.2 3
9.88 8.56 1.32 -1.32 0.15 0.13 1.58 1.37 8.2 4.13 4.07 -3.07 0.11 0.06 1.33 0.67 3
10.49 6.72 3.77 -4.77 0.12 0.08 1.44 0.92 11.01 9.98 1.03 -5.03 0.16 0.14 1.53 1.39 1
10.23 5.94 4.29 -2.29 0.13 0.07 1.42 0.82 10.38 8.14 2.24 -0.24 0.1 0.08 1.42 1.12 3
9.98 11.51 -1.53 -3.47 0.12 0.14 1.37 1.58 6.97 12.02 -5.05 1.05 0.09 0.16 0.96 1.65 1
9.93 8.37 1.56 -0.56 0.11 0.09 1.37 1.15 9.31 5.63 3.68 -0.68 0.12 0.08 1.3 0.79 1
7.77 7.92 -0.15 3.15 0.12 0.12 1.09 1.11 11.25 5.07 6.18 -2.18 0.12 0.05 1.55 0.7 2
8.74 12.89 -4.15 1.15 0.12 0.17 1.2 1.77 6.49 9.44 -2.95 1.95 0.07 0.1 0.89 1.3 3
7.28 8.27 -0.99 -2.01 0.08 0.1 1.01 1.15 11.69 10.59 1.1 -2.1 0.14 0.13 1.61 1.46 1
4.15 11.39 -7.24 6.24 0.09 0.24 0.58 1.6 7.67 8.02 -0.35 7.35 0.13 0.13 1.05 1.1 3
8.59 8.3 0.29 -1.29 0.11 0.11 1.21 1.17 8.27 10 -1.73 3.73 0.12 0.14 1.14 1.38 1
9.59 10.35 -0.76 1.76 0.12 0.13 1.16 1.25 9.86 7.46 2.4 -0.4 0.12 0.09 1.21 0.91 3
8.99 9.36 -0.37 9.37 0.13 0.13 1.08 1.13 12.75 11.16 1.59 -3.59 0.14 0.12 1.53 1.34 1
8.13 8.2 -0.07 3.07 0.11 0.11 0.99 1 7.85 9.33 -1.48 -0.52 0.08 0.1 0.95 1.13 3
11.53 5.43 6.1 -2.1 0.11 0.05 1.39 0.65 13.44 7 6.44 -5.44 0.13 0.07 1.62 0.84 1
8.94 9.62 -0.68 0.68 0.1 0.11 1.1 1.18 12.31 9.09 3.22 -0.22 0.1 0.08 1.48 1.1 2
7.95 10.67 -2.72 2.72 0.08 0.11 0.96 1.28 11.29 12.93 -1.64 -4.36 0.14 0.17 1.37 1.57 1
9.97 14.35 -4.38 0.38 0.11 0.16 1.19 1.72 5.49 12.71 -7.22 4.22 0.09 0.22 0.68 1.56 2
7.78 15.74 -7.96 0.96 0.09 0.19 0.94 1.9 11.76 8.92 2.84 -0.84 0.12 0.09 1.42 1.07 1
13.7 12.32 1.38 -3.38 0.14 0.13 1.65 1.48 11.18 7.87 3.31 -2.31 0.12 0.09 1.36 0.96 1
13.66 11 2.66 -1.66 0.12 0.09 1.46 1.18 8.5 9.55 -1.05 1.05 0.1 0.12 0.92 1.04 1
12.68 10.46 2.22 0.78 0.1 0.08 1.36 1.12 12.06 16.06 -4 0 0.11 0.14 1.28 1.71 1
9.2 9.7 -0.5 1.5 0.09 0.09 0.99 1.05 14.5 13.79 0.71 -1.71 0.15 0.14 1.56 1.48 3
14.49 9.62 4.87 -6.87 0.13 0.08 1.55 1.03 9.42 11.85 -2.43 5.43 0.08 0.1 1.01 1.27 2
12.65 8.67 3.98 -3.98 0.12 0.08 1.37 0.94 10.31 9.99 0.32 -0.32 0.1 0.1 1.12 1.09 1
12.47 14.4 -1.93 -7.07 0.14 0.16 1.35 1.56 11.17 11.48 -0.31 0.31 0.12 0.12 1.19 1.23 3
13.7 12.12 1.58 -4.58 0.13 0.12 1.46 1.29 14.15 6.48 7.67 -0.67 0.12 0.05 1.51 0.69 3
10.99 9.04 1.95 1.05 0.12 0.1 1.19 0.98 9.95 10.31 -0.36 10.36 0.12 0.13 1.06 1.1 1
7.2 14.8 -7.6 4.6 0.1 0.21 0.78 1.61 9.86 17.64 -7.78 1.78 0.1 0.19 1.06 1.9 1
16.28 15.27 1.01 -1.01 0.16 0.15 1.56 1.47 12.74 12.52 0.22 7.78 0.13 0.13 1.22 1.2 3
12.87 12.38 0.49 1.51 0.13 0.12 1.24 1.2 14.33 9.14 5.19 -4.19 0.12 0.08 1.4 0.89 1
9.62 12.7 -3.08 2.08 0.1 0.14 0.94 1.24 14.47 11.51 2.96 1.04 0.1 0.08 1.4 1.11 2
13.2 11.83 1.37 3.63 0.13 0.12 1.28 1.15 13.37 16.1 -2.73 -8.27 0.13 0.16 1.31 1.57 1
10.68 11.48 -0.8 0.8 0.09 0.1 1.03 1.11 16.81 12.12 4.69 -2.69 0.12 0.09 1.63 1.17 2
10.78 11.67 -0.89 -0.11 0.1 0.11 1.06 1.15 9.12 15.24 -6.12 4.12 0.1 0.17 0.9 1.5 3
10.8 12.71 -1.91 4.91 0.09 0.1 1.04 1.22 15.68 6.99 8.69 0.31 0.13 0.06 1.51 0.67 3
13.11 17.85 -4.74 -0.26 0.1 0.14 1.26 1.71 15.35 11 4.35 -6.35 0.12 0.09 1.47 1.06 1
10.3 19.56 -9.26 2.26 0.1 0.19 1 1.9 14.21 13.65 0.56 -5.56 0.13 0.12 1.37 1.31 1
11.79 19.77 -7.98 3.98 0.1 0.16 1.04 1.74 10.58 13.06 -2.48 1.48 0.1 0.12 0.94 1.16 1
17.56 12.67 4.89 -9.89 0.12 0.09 1.54 1.11 16.72 17.11 -0.39 -1.61 0.15 0.16 1.46 1.49 1
18.33 7.19 11.14 -1.14 0.13 0.05 1.61 0.63 11.73 12.46 -0.73 -1.27 0.1 0.1 1.05 1.11 3
14.19 19.19 -5 -7 0.13 0.17 1.26 1.71 17.58 13.32 4.26 -2.26 0.13 0.1 1.55 1.17 2
9.91 16.19 -6.28 5.28 0.1 0.17 0.88 1.44 14.76 11.05 3.71 -3.71 0.11 0.08 1.31 0.98 3
14.78 20.06 -5.28 3.28 0.11 0.15 1.29 1.75 11.88 12.25 -0.37 0.37 0.09 0.09 1.05 1.08 3
11 15.36 -4.36 6.36 0.08 0.12 0.96 1.35 16.29 12.65 3.64 2.36 0.15 0.12 1.44 1.12 2
14.58 12.96 1.62 8.38 0.12 0.11 1.27 1.13 14.78 12.81 1.97 1.03 0.13 0.11 1.3 1.12 1
14.42 15.14 -0.72 -7.28 0.12 0.13 1.26 1.32 14.83 12.47 2.36 1.64 0.1 0.08 1.3 1.1 3
16.08 13.73 2.35 2.65 0.1 0.09 1.29 1.1 13.04 20.36 -7.32 4.32 0.09 0.14 1.05 1.64 1
17.32 11.57 5.75 -4.75 0.11 0.08 1.41 0.94 14.26 14 0.26 1.74 0.1 0.1 1.15 1.13 3
18.76 9.51 9.25 -1.25 0.12 0.06 1.5 0.76 16.92 12.84 4.08 1.92 0.14 0.1 1.37 1.04 3
18.26 13.41 4.85 -2.85 0.12 0.09 1.48 1.08 16.9 18.34 -1.44 -1.56 0.15 0.16 1.35 1.47 1
18.79 12.85 5.94 -9.94 0.12 0.08 1.51 1.03 14.05 12.89 1.16 -1.16 0.11 0.1 1.14 1.05 1
14.28 19.87 -5.59 -6.41 0.12 0.17 1.16 1.62 16.53 22.44 -5.91 1.91 0.12 0.16 1.32 1.8 2
15.68 16.39 -0.71 -8.29 0.12 0.12 1.25 1.31 15.64 13.62 2.02 -1.02 0.12 0.11 1.26 1.1 1
10.43 18.75 -8.32 6.32 0.1 0.18 0.85 1.53 11.17 14.31 -3.14 1.14 0.09 0.12 0.91 1.16 3
15.39 13.82 1.57 10.43 0.12 0.11 1.23 1.1 11.19 15.99 -4.8 6.8 0.08 0.11 0.9 1.28 1
15.42 15.13 0.29 2.71 0.1 0.1 1.15 1.12 12.35 18.27 -5.92 5.92 0.08 0.12 0.92 1.35 3
16.94 15.06 1.88 -2.88 0.12 0.11 1.26 1.12 13.67 21.63 -7.96 3.96 0.11 0.17 1.03 1.63 1
17.88 20.31 -2.43 -2.57 0.14 0.16 1.32 1.5 14.88 21.82 -6.94 -5.06 0.12 0.17 1.12 1.64 1
18.45 12.73 5.72 -5.72 0.11 0.08 1.38 0.95 19.59 11.21 8.38 -2.38 0.12 0.07 1.45 0.83 3
14.05 17.55 -3.5 3.5 0.11 0.14 1.05 1.31 17.67 14.98 2.69 11.31 0.13 0.11 1.3 1.11 3
18.48 23.04 -4.56 0.56 0.12 0.15 1.36 1.7 13.77 22.41 -8.64 3.64 0.09 0.14 1.02 1.66 2
15.36 14 1.36 -2.36 0.11 0.1 1.15 1.05 17.12 17.69 -0.57 -6.43 0.12 0.12 1.26 1.3 2
18.62 13.67 4.95 3.05 0.14 0.11 1.39 1.02 18.13 14.46 3.67 3.33 0.1 0.08 1.34 1.07 2
20.23 14.39 5.84 -1.84 0.12 0.09 1.51 1.07 19.9 14.16 5.74 -8.74 0.12 0.09 1.48 1.05 3
14.3 23.11 -8.81 3.81 0.09 0.14 0.98 1.59 16.12 14.07 2.05 -3.05 0.1 0.09 1.12 0.98 2
19.18 23.57 -4.39 0.39 0.11 0.14 1.32 1.62 20 20.81 -0.81 -1.19 0.14 0.15 1.37 1.43 1
16.01 24.66 -8.65 2.65 0.11 0.17 1.12 1.72 16.32 16.38 -0.06 1.06 0.1 0.1 1.13 1.13 1
21.24 15.39 5.85 -6.85 0.12 0.09 1.46 1.06 14.78 19.15 -4.37 2.37 0.11 0.14 1.02 1.33 3
15.38 23.94 -8.56 -6.44 0.11 0.18 1.07 1.67 19.92 13.43 6.49 -7.49 0.11 0.07 1.38 0.93 3
20.29 12.68 7.61 -0.61 0.11 0.07 1.39 0.87 19.97 17.4 2.57 -1.57 0.13 0.12 1.37 1.2 1
17.19 18.45 -1.26 -5.74 0.12 0.12 1.18 1.26 19.89 14.23 5.66 2.34 0.14 0.1 1.38 0.99 2
19.27 15.71 3.56 12.44 0.13 0.11 1.32 1.08 21.46 15.73 5.73 -3.73 0.12 0.09 1.48 1.09 3
13.6 19.17 -5.57 7.57 0.08 0.12 0.94 1.32 18.69 15.73 2.96 4.04 0.1 0.09 1.28 1.08 1
20.39 19.43 0.96 2.04 0.1 0.1 1.3 1.24 22.56 13.27 9.29 0.71 0.12 0.07 1.45 0.85 3
17.74 17.59 0.15 -0.15 0.1 0.1 1.15 1.14 22.19 16.96 5.23 -7.23 0.12 0.09 1.43 1.09 2
21.79 15.74 6.05 -6.05 0.11 0.08 1.41 1.02 21.68 14.9 6.78 1.22 0.14 0.09 1.4 0.96 3
20.36 17.18 3.18 10.82 0.12 0.1 1.3 1.1 16.41 24.11 -7.7 2.7 0.09 0.13 1.05 1.55 1
20.56 19.67 0.89 -2.89 0.13 0.13 1.32 1.26 22.93 16.82 6.11 -2.11 0.12 0.09 1.48 1.08 1
17.22 26.08 -8.86 3.86 0.11 0.17 1.12 1.7 17.86 20.24 -2.38 -4.62 0.11 0.13 1.14 1.29 2
22.24 23.84 -1.6 -3.4 0.15 0.16 1.42 1.53 17.3 20.87 -3.57 9.57 0.09 0.11 1.11 1.34 3
16.35 20.1 -3.75 2.75 0.11 0.13 1.06 1.3 22.21 25.81 -3.6 2.6 0.12 0.14 1.42 1.65 3
17.12 16.18 0.94 -1.94 0.1 0.1 1.11 1.05 17.69 25.81 -8.12 -7.88 0.12 0.18 1.15 1.68 1
18.31 27.97 -9.66 -8.34 0.12 0.19 1.12 1.71 24.29 17.23 7.06 10.94 0.13 0.09 1.46 1.03 2
18.76 21.16 -2.4 9.4 0.09 0.1 1.13 1.27 17.38 26.64 -9.26 4.26 0.11 0.17 1.06 1.63 3
24.38 17.7 6.68 -8.68 0.13 0.09 1.47 1.07 23.13 16.83 6.3 -7.3 0.11 0.08 1.4 1.02 1
23.68 18.75 4.93 -3.93 0.12 0.09 1.43 1.13 19.28 16.8 2.48 -1.48 0.11 0.09 1.18 1.02 2
22.2 21.18 1.02 0.98 0.11 0.1 1.33 1.27 18.48 19.78 -1.3 1.3 0.1 0.1 1.12 1.2 2
22.77 16.24 6.53 2.47 0.13 0.1 1.37 0.98 27.05 26.45 0.6 4.4 0.13 0.12 1.63 1.59 1
16.46 28.04 -11.58 2.58 0.09 0.15 0.99 1.69 22.49 20.42 2.07 -1.07 0.13 0.12 1.35 1.23 3
24.31 15.08 9.23 1.77 0.12 0.07 1.46 0.9 22.53 25.3 -2.77 -3.23 0.14 0.16 1.35 1.52 1
18.42 20.4 -1.98 -5.02 0.11 0.12 1.1 1.22 16.99 24.94 -7.95 0.95 0.11 0.16 1.03 1.52 3
26.95 17.62 9.33 2.67 0.14 0.09 1.53 1 23.14 26.89 -3.75 -3.25 0.14 0.16 1.31 1.52 3
19.79 30.12 -10.33 -7.67 0.12 0.18 1.14 1.73 23.66 21.79 1.87 0.13 0.11 0.1 1.33 1.23 3
28.43 30.63 -2.2 4.2 0.13 0.14 1.61 1.73 24.6 21.26 3.34 -1.34 0.14 0.12 1.39 1.2 3
17.3 30.15 -12.85 2.85 0.09 0.15 0.98 1.7 28.28 19.1 9.18 -7.18 0.14 0.09 1.61 1.09 2
19.71 21.38 -1.67 -6.33 0.1 0.11 1.11 1.21 19.09 21.24 -2.15 2.15 0.1 0.11 1.09 1.21 2
26.44 18.71 7.73 10.27 0.13 0.09 1.49 1.06 20.26 19.16 1.1 -0.1 0.1 0.1 1.16 1.1 3
18.69 27.18 -8.49 6.49 0.11 0.16 1.08 1.57 25.9 15.69 10.21 1.79 0.11 0.07 1.46 0.89 2
17.97 26.23 -8.26 2.26 0.11 0.16 1.03 1.5 26.04 19.73 6.31 -5.31 0.12 0.09 1.48 1.12 2
19.3 22.47 -3.17 7.17 0.09 0.11 1.1 1.28 24.53 20.73 3.8 -8.8 0.11 0.1 1.4 1.18 1
27 21.73 5.27 -4.27 0.12 0.1 1.44 1.16 21.12 23.05 -1.93 6.93 0.09 0.1 1.13 1.24 2
19.48 22.25 -2.77 2.77 0.09 0.11 1.05 1.2 18.27 30.83 -12.56 2.56 0.09 0.15 0.98 1.65 2
28.96 20.07 8.89 -6.89 0.14 0.09 1.56 1.08 27.32 19.23 8.09 2.91 0.14 0.1 1.47 1.03 3
26.6 22.89 3.71 -0.71 0.14 0.12 1.42 1.22 20.72 21.77 -1.05 -6.95 0.1 0.11 1.11 1.16 1
22.14 20.34 1.8 2.2 0.11 0.1 1.19 1.1 28.06 15.84 12.22 -0.22 0.12 0.07 1.5 0.85 1
24.75 27.26 -2.51 -3.49 0.14 0.15 1.33 1.46 26.2 24.12 2.08 0.92 0.11 0.1 1.39 1.28 3
19.97 27.19 -7.22 1.22 0.11 0.15 1.08 1.47 22.12 32.66 -10.54 -8.46 0.13 0.19 1.2 1.77 3
25.11 22.55 2.56 -8.56 0.11 0.1 1.35 1.21 18.84 29.34 -10.5 8.5 0.11 0.17 1.02 1.59 3
30.06 32.63 -2.57 3.57 0.13 0.14 1.6 1.74 27.62 20.59 7.03 7.97 0.13 0.1 1.47 1.1 3
27.88 25.44 2.44 1.56 0.11 0.1 1.4 1.28 26.47 24.35 2.12 -10.12 0.1 0.1 1.35 1.24 3
23.16 33.96 -10.8 -7.2 0.13 0.18 1.18 1.74 18.96 32.74 -13.78 3.78 0.09 0.15 0.96 1.66 1
29.29 22.29 7 -6 0.13 0.1 1.49 1.14 27.91 23.17 4.74 -0.74 0.14 0.12 1.4 1.17 1
29.54 19.56 9.98 2.02 0.14 0.09 1.5 0.99 22.29 23.44 -1.15 6.15 0.09 0.1 1.13 1.19 1
21.39 22.94 -1.55 1.55 0.1 0.1 1.09 1.17 21.27 28.23 -6.96 -0.04 0.11 0.14 1.08 1.44 1
29.93 17.32 12.61 -2.61 0.12 0.07 1.51 0.88 31.39 35.25 -3.86 1.86 0.12 0.14 1.58 1.78 1
21 23.08 -2.08 -6.92 0.1 0.11 1.06 1.17 27.39 22.9 4.49 -3.49 0.11 0.1 1.39 1.16 1
30.24 21.92 8.32 9.68 0.13 0.09 1.52 1.1 20.64 30.7 -10.06 10.06 0.11 0.17 1.06 1.58 2
23.62 22.21 1.41 4.59 0.11 0.1 1.21 1.13 26.07 28.94 -2.87 -4.13 0.14 0.15 1.32 1.47 2
20.76 36.05 -15.29 4.29 0.09 0.16 1 1.73 30.31 19.92 10.39 2.61 0.14 0.09 1.47 0.96 1
29.47 29.17 0.3 2.7 0.11 0.11 1.41 1.39 28.8 23.35 5.45 -5.45 0.11 0.09 1.39 1.12 2
26.47 35.76 -9.29 -7.71 0.13 0.18 1.28 1.73 30.52 23 7.52 -5.52 0.13 0.1 1.48 1.11 1
28.62 24.4 4.22 -1.22 0.14 0.12 1.37 1.17 32.22 17.59 14.63 -2.63 0.12 0.06 1.55 0.84 3
30.2 25.94 4.26 -11.26 0.11 0.09 1.46 1.25 23.49 30.32 -6.83 -1.17 0.11 0.14 1.14 1.47 3
21.45 24.49 -3.04 -4.96 0.1 0.11 1.03 1.17 24.3 22.9 1.4 4.6 0.11 0.1 1.18 1.11 1
32.65 22.97 9.68 8.32 0.13 0.09 1.56 1.1 26.76 29.62 -2.86 -4.14 0.13 0.15 1.29 1.43 1
21.69 33.11 -11.42 11.42 0.11 0.17 1.06 1.61 31.66 37.54 -5.88 1.88 0.12 0.14 1.52 1.8 3
22.65 24.21 -1.56 5.56 0.09 0.1 1.1 1.17 23.48 25.16 -1.68 2.68 0.1 0.11 1.14 1.22 1
29.97 23.56 6.41 -6.41 0.11 0.09 1.37 1.08 29.06 25.56 3.5 -1.5 0.14 0.12 1.33 1.17 1
33.25 22.19 11.06 0.94 0.14 0.09 1.53 1.02 30.76 27.73 3.03 -12.03 0.11 0.1 1.42 1.28 3
23.03 38.99 -15.96 5.96 0.1 0.16 1.05 1.78 29.68 30.34 -0.66 3.66 0.11 0.11 1.35 1.38 2
33.38 18.03 15.35 -2.35 0.12 0.06 1.53 0.83 22.59 25.59 -3 -4 0.1 0.11 1.03 1.17 2
25.4 24.04 1.36 3.64 0.1 0.1 1.17 1.11 24.98 27.42 -2.44 2.44 0.1 0.11 1.15 1.27 1
27.54 30.83 -3.29 -5.71 0.13 0.15 1.26 1.41 32.04 24.65 7.39 -7.39 0.13 0.1 1.48 1.14 3
25.28 30.88 -5.6 -0.4 0.11 0.14 1.17 1.43 23.45 34.57 -11.12 10.12 0.11 0.17 1.09 1.6 1
24.91 25.71 -0.8 5.8 0.1 0.1 1.15 1.18 33.86 23.75 10.11 9.89 0.13 0.09 1.54 1.08 2
33.12 39.3 -6.18 3.18 0.12 0.14 1.51 1.79 28.12 37.28 -9.16 -5.84 0.13 0.18 1.3 1.72 3
31.44 32.22 -0.78 3.78 0.1 0.11 1.36 1.4 34.66 22.99 11.67 -0.67 0.14 0.09 1.52 1.01 1
29.17 38.79 -9.62 -4.38 0.13 0.18 1.29 1.71 22.66 27.48 -4.82 -2.18 0.1 0.12 0.99 1.2 1
30.35 27.19 3.16 -3.16 0.13 0.12 1.33 1.19 27.64 24.77 2.87 6.13 0.11 0.09 1.22 1.09 2
27.67 31.53 -3.86 -6.14 0.13 0.15 1.21 1.38 31.6 24.85 6.75 -4.75 0.11 0.09 1.38 1.09 3
32.74 24.78 7.96 -6.96 0.12 0.09 1.44 1.09 34.63 40.35 -5.72 1.72 0.12 0.14 1.51 1.76 1
25.71 29.66 -3.95 -0.05 0.1 0.11 1.14 1.31 31.56 29.14 2.42 -10.42 0.11 0.1 1.39 1.28 1
36.12 24.19 11.93 8.07 0.13 0.09 1.57 1.05 35.27 18.1 17.17 -4.17 0.11 0.06 1.54 0.79 3
24.66 35.97 -11.31 7.31 0.11 0.16 1.09 1.59 25.35 27.97 -2.62 7.62 0.09 0.1 1.11 1.23 3
26.68 32.09 -5.41 2.41 0.11 0.14 1.18 1.42 24.91 40.75 -15.84 5.84 0.1 0.16 1.08 1.77 1
33.35 25.18 8.17 -6.17 0.12 0.09 1.41 1.06 26.86 30.93 -4.07 2.07 0.1 0.12 1.13 1.3 2
33.64 25.07 8.57 -4.57 0.11 0.08 1.41 1.05 37.12 27.03 10.09 8.91 0.13 0.09 1.54 1.12 3
32.83 30.29 2.54 -12.54 0.11 0.1 1.38 1.27 27.89 33.57 -5.68 -6.32 0.13 0.15 1.17 1.41 1
38.11 19.1 19.01 -5.01 0.12 0.06 1.59 0.8 28.36 32.94 -4.58 2.58 0.11 0.13 1.2 1.39 1
31.56 27.97 3.59 -3.59 0.13 0.11 1.32 1.17 32.02 33.83 -1.81 5.81 0.1 0.11 1.33 1.4 3
32.46 40.21 -7.75 -3.25 0.14 0.17 1.37 1.7 28.42 25.98 2.44 6.56 0.1 0.09 1.2 1.09 1
27.43 28.8 -1.37 8.37 0.1 0.1 1.16 1.21 35.03 40.96 -5.93 0.93 0.12 0.14 1.46 1.71 3
24.08 30.77 -6.69 -3.31 0.1 0.13 1 1.28 25.76 42.43 -16.67 5.67 0.1 0.16 1.07 1.77 1
25.49 38.05 -12.56 6.56 0.1 0.16 1.08 1.61 36.27 23.57 12.7 -2.7 0.14 0.09 1.52 0.99 2
28.11 35.22 -7.11 -8.89 0.12 0.15 1.13 1.42 26.28 40.08 -13.8 7.8 0.1 0.16 1.07 1.62 3
33.31 34.29 -0.98 5.98 0.1 0.1 1.32 1.36 28.87 29.65 -0.78 5.78 0.1 0.1 1.17 1.2 1
38.3 24.36 13.94 -3.94 0.14 0.09 1.54 0.98 25.36 31.27 -5.91 -1.09 0.1 0.13 1.01 1.25 2
26.26 43.71 -17.45 3.45 0.09 0.16 1.05 1.75 39.02 19.25 19.77 -4.77 0.11 0.06 1.56 0.77 1
28.33 32.03 -3.7 1.7 0.1 0.11 1.14 1.29 37.18 41.14 -3.96 -4.04 0.15 0.17 1.5 1.66 3
38.04 27.52 10.52 9.48 0.13 0.09 1.51 1.09 34.45 26.65 7.8 -5.8 0.12 0.09 1.39 1.07 1
29.35 30.7 -1.35 7.35 0.1 0.1 1.18 1.24 34.13 25.99 8.14 -5.14 0.11 0.08 1.37 1.04 3
28.51 33.85 -5.34 2.34 0.11 0.13 1.15 1.37 32.02 29.26 2.76 -3.76 0.12 0.11 1.28 1.17 1
35.88 42.4 -6.52 3.52 0.12 0.14 1.44 1.7 34.48 30.51 3.97 -9.97 0.11 0.1 1.39 1.23 1
35.83 26.95 8.88 -4.88 0.11 0.08 1.38 1.04 29.36 35.71 -6.35 -0.65 0.1 0.12 1.14 1.38 2
35.93 28.32 7.61 -7.61 0.12 0.09 1.39 1.1 28.26 41.1 -12.84 8.84 0.11 0.15 1.1 1.6 1
35.96 33.65 2.31 -10.31 0.11 0.1 1.39 1.3 32.61 30.08 2.53 -4.53 0.12 0.11 1.25 1.15 3
39.31 21.06 18.25 -5.25 0.11 0.06 1.51 0.81 35.01 35.83 -0.82 7.82 0.1 0.11 1.34 1.37 1
40.86 42.17 -1.31 -1.69 0.16 0.16 1.58 1.64 29.13 37.2 -8.07 -9.93 0.12 0.15 1.13 1.44 3
25.61 31.62 -6.01 -0.99 0.1 0.13 0.98 1.22 39.71 29 10.71 11.29 0.13 0.09 1.52 1.11 1
29.33 34.44 -5.11 3.11 0.11 0.13 1.13 1.33 38.65 24.61 14.04 -4.04 0.13 0.08 1.49 0.95 1
30.41 31.35 -0.94 3.94 0.1 0.1 1.18 1.22 28.07 44 -15.93 3.93 0.1 0.15 1.08 1.69 3
39.02 43.88 -4.86 3.86 0.12 0.13 1.5 1.69 30.31 32.4 -2.09 7.09 0.1 0.11 1.18 1.26 3
35.72 30.66 5.06 -6.06 0.12 0.11 1.31 1.13 30.44 44.7 -14.26 3.26 0.1 0.15 1.13 1.65 3
35.79 39.54 -3.75 3.75 0.1 0.11 1.32 1.45 37.22 29.18 8.04 -7.04 0.12 0.09 1.39 1.09 3
30.13 36.87 -6.74 -0.26 0.1 0.12 1.12 1.37 41.57 45.01 -3.44 1.44 0.12 0.13 1.54 1.66 3
36.54 36.76 -0.22 -8.78 0.11 0.11 1.36 1.37 26.48 32.05 -5.57 -0.43 0.1 0.12 0.98 1.18 2
43.02 21.84 21.18 -1.18 0.11 0.06 1.59 0.81 41.94 44.81 -2.87 -1.13 0.15 0.16 1.56 1.67 1
40.14 29.87 10.27 10.73 0.13 0.09 1.47 1.1 39.51 24.88 14.63 -5.63 0.13 0.08 1.47 0.92 2
29.12 42.39 -13.27 8.27 0.1 0.15 1.09 1.59 36.99 27.72 9.27 -5.27 0.11 0.08 1.37 1.03 2
31.44 34.95 -3.51 9.51 0.1 0.11 1.17 1.3 31.11 33.72 -2.61 4.61 0.1 0.11 1.16 1.26 1
31.77 38.28 -6.51 -10.49 0.12 0.15 1.18 1.42 29.6 35.3 -5.7 4.7 0.11 0.13 1.1 1.31 1
39.07 28.59 10.48 -6.48 0.11 0.08 1.39 1.02 42.49 46.91 -4.42 -1.58 0.15 0.17 1.52 1.68 3
36.61 41.65 -5.04 3.04 0.1 0.12 1.3 1.48 27.63 34.28 -6.65 0.65 0.1 0.12 0.98 1.22 1
40.42 25.98 14.44 -5.44 0.13 0.08 1.44 0.93 37.35 31.79 5.56 -7.56 0.12 0.1 1.32 1.13 3
31.57 46.33 -14.76 4.76 0.1 0.15 1.12 1.65 41.24 30.78 10.46 10.54 0.13 0.09 1.46 1.09 1
31.33 38.15 -6.82 -1.18 0.1 0.12 1.12 1.36 29.99 44.47 -14.48 9.48 0.1 0.15 1.08 1.6 1
32.87 35.58 -2.71 12.71 0.1 0.11 1.18 1.28 38.77 37.91 0.86 -9.86 0.11 0.1 1.39 1.36 1
32.26 38.93 -6.67 -9.33 0.12 0.14 1.15 1.39 45.12 22.39 22.73 -0.73 0.11 0.06 1.61 0.8 3
31.74 35.15 -3.41 1.41 0.1 0.11 1.14 1.26 39.33 30 9.33 -6.33 0.12 0.09 1.41 1.08 3
42.85 46.21 -3.36 2.36 0.12 0.13 1.53 1.65 30.25 35.79 -5.54 3.54 0.1 0.12 1.08 1.28 1
45.93 47.33 -1.4 3.4 0.12 0.13 1.58 1.63 39.33 43.12 -3.79 2.79 0.11 0.12 1.34 1.47 1
39.6 29.84 9.76 -6.76 0.11 0.08 1.36 1.03 32.41 47.31 -14.9 5.9 0.1 0.15 1.11 1.63 3
42.52 30.36 12.16 -4.16 0.12 0.09 1.47 1.05 47.37 22.61 24.76 -1.76 0.11 0.05 1.63 0.78 2
43.74 47.44 -3.7 -1.3 0.15 0.16 1.52 1.64 40.9 28.52 12.38 -5.38 0.12 0.09 1.41 0.98 3
29.1 37 -7.9 0.9 0.1 0.13 1 1.27 30.44 45.39 -14.95 8.95 0.1 0.15 1.06 1.58 3
42.22 31.62 10.6 9.4 0.12 0.09 1.44 1.08 39.84 40.15 -0.31 -9.69 0.11 0.11 1.38 1.39 3
39.89 32.27 7.62 -7.62 0.12 0.1 1.36 1.1 32.25 38.6 -6.35 -0.65 0.1 0.11 1.11 1.33 1
31.37 38.87 -7.5 2.5 0.1 0.13 1.08 1.34 35.11 36.65 -1.54 12.54 0.1 0.11 1.22 1.27 2
32.1 38.34 -6.24 -0.76 0.1 0.12 1.11 1.33 32.48 41.18 -8.7 -8.3 0.12 0.15 1.12 1.42 2
41.89 41.39 0.5 -7.5 0.11 0.11 1.4 1.38 44.12 49.48 -5.36 -0.64 0.15 0.16 1.47 1.65 3
42.94 28.9 14.04 -6.04 0.12 0.08 1.43 0.96 40.59 30.68 9.91 -7.91 0.1 0.08 1.35 1.02 3
33.25 48.3 -15.05 7.05 0.1 0.15 1.1 1.6 47.9 48.28 -0.38 3.38 0.12 0.12 1.59 1.6 1
48.39 22.72 25.67 -2.67 0.11 0.05 1.6 0.75 33.44 39.69 -6.25 -0.75 0.1 0.12 1.12 1.33 1
41.66 33.54 8.12 -4.12 0.12 0.1 1.37 1.11 43.46 33.67 9.79 7.21 0.12 0.09 1.43 1.11 1
31.14 46.95 -15.81 10.81 0.1 0.16 1.04 1.57 40.28 45.09 -4.81 2.81 0.11 0.12 1.33 1.49 2
37.01 37.56 -0.55 11.55 0.1 0.1 1.24 1.25 42.63 31.38 11.25 -3.25 0.12 0.09 1.42 1.05 1
33.83 42.52 -8.69 -8.31 0.12 0.15 1.13 1.42 33.52 40.37 -6.85 -4.15 0.1 0.12 1.11 1.34 2
32.28 40.77 -8.49 3.49 0.1 0.13 1.07 1.36 30.66 37.7 -7.04 -0.96 0.1 0.12 1.01 1.25 3
32.13 48.74 -16.61 11.61 0.1 0.16 1.04 1.58 42.12 34.55 7.57 -1.57 0.12 0.1 1.34 1.1 2
42.07 46.08 -4.01 2.01 0.11 0.12 1.34 1.47 34.64 42.17 -7.53 1.53 0.11 0.13 1.11 1.35 1
34.23 41.03 -6.8 -4.2 0.09 0.11 1.1 1.32 44.47 34.13 10.34 4.66 0.12 0.09 1.42 1.09 1
43.29 32.95 10.34 -4.34 0.12 0.09 1.4 1.06 41.62 31.95 9.67 -6.67 0.1 0.08 1.34 1.03 1
52.27 23.04 29.23 -4.23 0.12 0.05 1.67 0.74 43.56 42.94 0.62 -8.62 0.11 0.1 1.4 1.38 1
45.67 51.15 -5.48 0.48 0.14 0.16 1.47 1.65 33.76 43.57 -9.81 0.81 0.1 0.12 1.09 1.41 3
32.06 40.06 -8 1 0.1 0.12 1.03 1.28 34.49 43.23 -8.74 -8.26 0.12 0.15 1.11 1.39 1
38.58 38.22 0.36 12.64 0.1 0.1 1.24 1.23 34.19 49.89 -15.7 8.7 0.1 0.15 1.09 1.6 3
49.49 49.22 0.27 1.73 0.12 0.12 1.58 1.57 44.21 29.93 14.28 -7.28 0.12 0.08 1.42 0.96 3
42.4 33.37 9.03 -7.03 0.1 0.08 1.32 1.04 53.77 23.64 30.13 -2.13 0.12 0.05 1.67 0.73 1
43.49 47.77 -4.28 3.28 0.11 0.12 1.34 1.47 39.87 38.74 1.13 9.87 0.1 0.1 1.25 1.21 3
44.36 30.27 14.09 -6.09 0.12 0.08 1.38 0.94 36.24 42.24 -6 -4 0.1 0.11 1.13 1.31 2
34.71 51.18 -16.47 11.47 0.1 0.15 1.08 1.59 32.81 49.01 -16.2 11.2 0.1 0.15 1.03 1.53 1
44.16 44.44 -0.28 -10.72 0.11 0.11 1.38 1.38 44.71 33.73 10.98 -3.98 0.12 0.09 1.4 1.05 3
45.68 36.14 9.54 4.46 0.12 0.1 1.41 1.11 36.33 43.59 -7.26 0.26 0.11 0.13 1.13 1.36 3
42.39 35.23 7.16 -1.16 0.12 0.1 1.31 1.09 46.05 52.89 -6.84 0.84 0.14 0.16 1.44 1.65 1
35.24 44.72 -9.48 -8.52 0.11 0.14 1.1 1.39 49.83 49.37 0.46 0.54 0.12 0.12 1.54 1.53 3
35.5 43.95 -8.45 0.45 0.1 0.12 1.11 1.37 33.55 40.81 -7.26 1.26 0.1 0.12 1.04 1.26 2
43.17 34.6 8.57 -5.57 0.1 0.08 1.3 1.04 45.46 45.66 -0.2 -11.8 0.11 0.11 1.37 1.38 3
47.35 31.08 16.27 -8.27 0.12 0.08 1.43 0.94 55 24.41 30.59 -3.59 0.12 0.05 1.65 0.73 3
36.77 52.25 -15.48 11.48 0.1 0.15 1.1 1.57 36.04 46.87 -10.83 -8.17 0.11 0.15 1.09 1.41 1
37.05 45.23 -8.18 -1.82 0.1 0.12 1.12 1.36 44.87 48.92 -4.05 2.05 0.1 0.11 1.34 1.46 3
33.93 41.42 -7.49 1.49 0.1 0.12 1.02 1.24 51.98 50.17 1.81 0.19 0.12 0.12 1.56 1.5 1
46.59 36.58 10.01 2.99 0.12 0.09 1.39 1.09 47.45 54.29 -6.84 -1.16 0.14 0.16 1.44 1.64 3
43.79 36.63 7.16 0.84 0.12 0.1 1.31 1.1 36.11 44.33 -8.22 0.22 0.1 0.12 1.09 1.34 2
33.88 51.07 -17.19 11.19 0.1 0.15 1.03 1.55 41.02 40.12 0.9 11.1 0.1 0.1 1.24 1.21 1
36.77 44.5 -7.73 1.73 0.1 0.13 1.11 1.34 45.93 35.03 10.9 -2.9 0.12 0.09 1.39 1.06 3
1.14 0.43 0.71 -0.71 0.07 0.03 1.14 0.43 1.11 1.44 -0.33 -0.67 0.07 0.08 1.02 1.32 2
1.28 1.35 -0.07 0.07 0.09 0.1 1.28 1.35 1 0.57 0.43 -0.43 0.06 0.03 0.94 0.53 2
3.69 1.55 2.14 -1.14 0.17 0.07 3.53 1.48 0.38 0.19 0.19 -0.19 0.04 0.02 0.37 0.18 1
1.35 1.28 0.07 -0.07 0.19 0.18 1.35 1.28 1.55 3.69 -2.14 1.14 0.17 0.41 1.48 3.53 3
0.49 1.45 -0.96 -0.04 0.04 0.12 0.47 1.39 1.08 2.02 -0.94 -3.06 0.14 0.25 1.05 1.95 1
2.02 1.08 0.94 3.06 0.14 0.08 1.95 1.05 1.45 0.49 0.96 0.04 0.16 0.05 1.39 0.47 1
0.19 0.38 -0.19 0.19 0.02 0.05 0.18 0.37 1.48 1.21 0.27 -2.27 0.15 0.12 1.48 1.21 3
1.21 1.48 -0.27 2.27 0.12 0.15 1.21 1.48 0.43 1.14 -0.71 0.71 0.07 0.19 0.43 1.14 3
1.44 1.11 0.33 0.67 0.16 0.12 1.32 1.02 0.57 1 -0.43 0.43 0.04 0.08 0.53 0.94 3
1.84 1.12 0.72 0.28 0.07 0.04 0.88 0.54 0.68 3.09 -2.41 0.41 0.03 0.13 0.32 1.47 3
4.19 1.7 2.49 -2.49 0.13 0.05 2.03 0.82 2.64 3.42 -0.78 -1.22 0.11 0.14 1.26 1.64 1
3.69 4.98 -1.29 2.29 0.12 0.16 1.73 2.33 2.44 1.59 0.85 5.15 0.08 0.05 1.19 0.77 3
1.61 0.91 0.7 -0.7 0.06 0.03 0.77 0.43 1.56 2.38 -0.82 0.82 0.13 0.2 0.74 1.13 3
1.67 3.41 -1.74 0.74 0.07 0.14 0.79 1.61 1.96 4.52 -2.56 3.56 0.1 0.24 0.95 2.2 1
1.96 0.91 1.05 -2.05 0.15 0.07 0.95 0.44 1.62 1.96 -0.34 0.34 0.07 0.09 0.8 0.96 3
1.26 3.06 -1.8 0.8 0.08 0.2 0.61 1.47 2.12 1.53 0.59 -0.59 0.08 0.06 1.03 0.74 3
6.56 2.43 4.13 -2.13 0.17 0.06 3.14 1.16 3.11 0.99 2.12 -2.12 0.09 0.03 1.53 0.49 2
3.47 1.89 1.58 -0.58 0.14 0.08 1.69 0.92 1.16 3.65 -2.49 -2.51 0.09 0.28 0.57 1.79 1
1.85 5.24 -3.39 -3.61 0.09 0.25 0.59 1.68 1.84 1.8 0.04 -1.04 0.05 0.05 0.59 0.57 1
5.06 2.58 2.48 0.52 0.13 0.07 1.62 0.83 4.29 2.86 1.43 5.57 0.1 0.06 1.39 0.93 1
6.19 2.56 3.63 -0.63 0.12 0.05 2 0.83 2.84 3.66 -0.82 0.82 0.07 0.09 0.9 1.16 3
4.1 2.79 1.31 0.69 0.1 0.06 1.3 0.89 3.5 5.42 -1.92 -3.08 0.09 0.13 1.13 1.74 2
2.52 1.53 0.99 -2.99 0.1 0.06 0.81 0.49 1.52 3.16 -1.64 0.64 0.05 0.11 0.49 1.02 3
5.28 2.26 3.02 -3.02 0.11 0.05 1.71 0.73 4.96 6.83 -1.87 1.87 0.12 0.17 1.57 2.16 3
2.24 2.52 -0.28 1.28 0.07 0.08 0.73 0.82 1.91 1.96 -0.05 0.05 0.06 0.06 0.62 0.63 1
2.45 2.61 -0.16 1.16 0.1 0.1 0.78 0.83 7.83 4.6 3.23 -1.23 0.15 0.09 2.49 1.46 1
2.21 5.69 -3.48 3.48 0.08 0.2 0.71 1.84 2.52 5.04 -2.52 -0.48 0.08 0.15 0.8 1.59 1
8.34 6.62 1.72 -1.72 0.13 0.1 2.01 1.6 2.35 5.57 -3.22 -2.78 0.08 0.19 0.57 1.35 2
5.31 3.82 1.49 4.51 0.09 0.07 1.29 0.93 7.64 4.77 2.87 -1.87 0.12 0.07 1.86 1.16 1
3.1 5.63 -2.53 -1.47 0.07 0.13 0.74 1.35 3.37 2.48 0.89 -3.89 0.08 0.06 0.81 0.6 3
2.47 4.01 -1.54 1.54 0.07 0.11 0.6 0.97 6.02 3.6 2.42 1.58 0.12 0.07 1.45 0.87 2
2.17 2.3 -0.13 -1.87 0.05 0.05 0.52 0.55 5.05 5.11 -0.06 2.06 0.1 0.1 1.21 1.22 2
6.08 7.43 -1.35 2.35 0.12 0.15 1.46 1.78 5.42 3.7 1.72 0.28 0.1 0.07 1.3 0.89 3
4.47 3.12 1.35 1.65 0.14 0.09 1.08 0.75 2.67 2.57 0.1 1.9 0.06 0.06 0.65 0.63 3
1.96 2.39 -0.43 -0.57 0.05 0.07 0.48 0.58 5.88 3.38 2.5 -3.5 0.09 0.05 1.43 0.82 3
4.41 6.74 -2.33 -2.67 0.07 0.11 1.07 1.64 2.8 6.27 -3.47 4.47 0.06 0.14 0.68 1.53 3
5.82 5.71 0.11 1.89 0.09 0.09 1.11 1.09 8.55 4.51 4.04 5.96 0.11 0.06 1.67 0.88 1
7.03 3.41 3.62 -2.62 0.09 0.04 1.38 0.67 4.33 2.98 1.35 -2.35 0.08 0.05 0.84 0.58 2
3.18 4.66 -1.48 1.48 0.06 0.1 0.61 0.9 9.41 7.06 2.35 -2.35 0.11 0.09 1.82 1.36 3
8.33 8.01 0.32 -3.32 0.11 0.1 1.63 1.57 4.75 3.52 1.23 0.77 0.12 0.09 0.92 0.68 3
6.67 4.31 2.36 1.64 0.12 0.07 1.28 0.83 6.08 9.12 -3.04 -3.96 0.09 0.14 1.18 1.78 1
3.07 2.85 0.22 2.78 0.07 0.06 0.6 0.55 8.84 10.33 -1.49 1.49 0.13 0.15 1.7 1.98 1
3.6 6.59 -2.99 -3.01 0.06 0.12 0.69 1.27 2.79 6.64 -3.85 -2.15 0.08 0.19 0.54 1.29 1
5.18 7.94 -2.76 5.76 0.09 0.14 1.01 1.55 2.77 3.07 -0.3 -1.7 0.05 0.06 0.53 0.59 3
1.99 3.54 -1.55 -1.45 0.05 0.09 0.39 0.69 8.32 6.46 1.86 1.14 0.12 0.1 1.6 1.24 1
4.65 4.39 0.26 -1.26 0.08 0.07 0.75 0.71 9.59 8.9 0.69 -4.69 0.1 0.1 1.56 1.45 3
11.98 8.35 3.63 -0.63 0.12 0.09 1.93 1.34 9.04 5.18 3.86 5.14 0.11 0.06 1.47 0.84 2
8.33 5.28 3.05 1.95 0.12 0.08 1.33 0.85 6.49 6.2 0.29 2.71 0.08 0.08 1.04 0.99 1
3.34 9.68 -6.34 -2.66 0.08 0.22 0.54 1.56 8.44 3.73 4.71 -3.71 0.09 0.04 1.38 0.61 3
3.2 3.3 -0.1 0.1 0.05 0.05 0.51 0.53 7.05 10.78 -3.73 -4.27 0.09 0.13 1.14 1.74 3
9.79 11.23 -1.44 -1.56 0.12 0.14 1.57 1.8 4.47 7.23 -2.76 -0.24 0.08 0.12 0.72 1.16 3
5.64 4.78 0.86 2.14 0.13 0.11 0.9 0.77 6.64 7.14 -0.5 -2.5 0.09 0.1 1.07 1.15 1
9.78 7.45 2.33 -0.33 0.13 0.1 1.56 1.19 3.97 3.8 0.17 5.83 0.08 0.07 0.64 0.62 3
5.41 8.37 -2.96 3.96 0.08 0.13 0.88 1.36 2.98 5 -2.02 0.02 0.06 0.1 0.48 0.81 2
8.76 4.02 4.74 -2.74 0.09 0.04 1.23 0.56 7.24 8.68 -1.44 2.44 0.1 0.11 1.01 1.21 1
7.3 5.35 1.95 6.05 0.12 0.08 1.01 0.74 10.17 5.74 4.43 2.57 0.13 0.07 1.4 0.79 3
10.28 9.21 1.07 -4.07 0.1 0.09 1.43 1.28 12.63 10.25 2.38 0.62 0.12 0.1 1.73 1.4 1
5.46 7.83 -2.37 0.37 0.08 0.11 0.75 1.07 11.33 10.78 0.55 -0.55 0.13 0.12 1.55 1.47 1
3.29 6.83 -3.54 1.54 0.05 0.11 0.46 0.95 3.63 10 -6.37 -3.63 0.07 0.19 0.5 1.38 1
10.94 5.83 5.11 3.89 0.11 0.06 1.51 0.81 4.81 5.23 -0.42 -0.58 0.06 0.07 0.66 0.72 1
6.95 8.04 -1.09 2.09 0.08 0.09 0.96 1.11 7.9 8.87 -0.97 -4.03 0.09 0.1 1.09 1.23 1
8.98 12.39 -3.41 -3.59 0.09 0.13 1.25 1.72 4.96 5.08 -0.12 -1.88 0.07 0.07 0.69 0.7 1
10.39 12.22 -1.83 -2.17 0.11 0.13 1.42 1.67 7.37 6.04 1.33 3.67 0.15 0.12 1.02 0.84 2
5.58 5.65 -0.07 -2.93 0.07 0.07 0.68 0.69 7.88 7.44 0.44 4.56 0.14 0.13 0.95 0.9 2
13.24 13.08 0.16 -0.16 0.11 0.11 1.59 1.57 8.55 9.34 -0.79 2.79 0.08 0.09 1.03 1.13 1
9.2 10.47 -1.27 -4.73 0.09 0.1 1.12 1.27 11.79 12.73 -0.94 -3.06 0.11 0.12 1.41 1.52 1
4.22 10.5 -6.28 -4.72 0.07 0.17 0.51 1.27 7.65 9.94 -2.29 1.29 0.09 0.12 0.93 1.21 3
10.39 5.82 4.57 3.43 0.13 0.07 1.26 0.7 3.79 7.42 -3.63 2.63 0.05 0.1 0.46 0.9 1
12.23 11.66 0.57 -1.57 0.12 0.11 1.47 1.4 10.02 4.43 5.59 -1.59 0.09 0.04 1.23 0.54 3
5.86 5.93 -0.07 -1.93 0.07 0.07 0.7 0.71 13.11 9.82 3.29 -3.29 0.11 0.08 1.6 1.2 3
11.64 6.88 4.76 5.24 0.11 0.06 1.41 0.83 7.38 5.57 1.81 5.19 0.11 0.08 0.89 0.67 1
9.55 13.01 -3.46 -2.54 0.09 0.12 1.16 1.58 6.34 8.73 -2.39 1.39 0.08 0.11 0.76 1.05 3
8.11 9.21 -1.1 2.1 0.09 0.11 0.86 0.98 7.49 6.68 0.81 -3.81 0.08 0.07 0.8 0.71 3
8.5 7.23 1.27 4.73 0.11 0.09 0.92 0.78 14.67 13.89 0.78 0.22 0.11 0.1 1.57 1.48 3
9.36 10.77 -1.41 2.41 0.09 0.1 1.01 1.16 10.03 14.78 -4.75 -3.25 0.09 0.13 1.08 1.59 1
12 5.53 6.47 -1.47 0.09 0.04 1.31 0.6 11.27 11.81 -0.54 -4.46 0.1 0.1 1.22 1.28 1
4 9.1 -5.1 2.1 0.05 0.11 0.43 0.99 6.54 5.98 0.56 -3.56 0.07 0.06 0.71 0.65 3
13.86 11.45 2.41 -1.41 0.11 0.09 1.5 1.24 13.33 13.64 -0.31 -1.69 0.11 0.12 1.42 1.46 1
8.21 8.4 -0.19 5.19 0.13 0.13 0.88 0.9 4.65 12.72 -8.07 -4.93 0.06 0.18 0.5 1.38 1
9.87 10.37 -0.5 1.5 0.1 0.1 1.07 1.13 13.3 8 5.3 5.7 0.11 0.07 1.43 0.86 2
13.13 14.8 -1.67 -3.33 0.11 0.12 1.4 1.58 12.07 6.03 6.04 3.96 0.13 0.06 1.3 0.65 2
1.39 1.98 -0.59 -0.41 0.14 0.2 1.33 1.9 2.08 1.29 0.79 0.21 0.15 0.09 1.95 1.21 2
0.48 0.47 0.01 0.99 0.06 0.06 0.47 0.46 0.43 1.02 -0.59 0.59 0.04 0.09 0.4 0.96 2
0.53 1.96 -1.43 -0.57 0.09 0.33 0.52 1.92 1.02 0.43 0.59 -0.59 0.06 0.03 0.96 0.4 3
1.96 0.53 1.43 0.57 0.18 0.05 1.92 0.52 0.58 1.73 -1.15 -0.85 0.05 0.16 0.55 1.64 2
1.33 1.9 -0.57 -2.43 0.17 0.24 1.23 1.76 1.88 1.43 0.45 -1.45 0.1 0.08 1.76 1.34 1
1.43 1.88 -0.45 1.45 0.16 0.21 1.34 1.76 1.53 1.82 -0.29 -1.71 0.09 0.11 1.48 1.76 1
1.73 0.58 1.15 0.85 0.14 0.05 1.64 0.55 1.98 1.39 0.59 0.41 0.25 0.17 1.9 1.33 1
1.59 0.97 0.62 0.38 0.1 0.06 1.57 0.96 0.47 0.48 -0.01 -0.99 0.04 0.04 0.46 0.47 3
1.29 2.08 -0.79 -0.21 0.22 0.35 1.21 1.95 2.56 0.9 1.66 1.34 0.18 0.06 2.45 0.86 2
1.82 1.53 0.29 1.71 0.15 0.13 1.76 1.48 0.9 2.56 -1.66 -1.34 0.09 0.26 0.86 2.45 2
1.9 1.33 0.57 2.43 0.11 0.08 1.76 1.23 0.97 1.59 -0.62 -0.38 0.1 0.16 0.96 1.57 1
3.54 2.49 1.05 -1.05 0.21 0.15 1.7 1.2 3.44 4.17 -0.73 -1.27 0.11 0.14 1.66 2.01 3
4.07 3.46 0.61 -2.61 0.15 0.12 1.95 1.66 2.33 3.66 -1.33 -1.67 0.1 0.16 1.14 1.79 3
0.86 0.93 -0.07 1.07 0.05 0.06 0.42 0.45 0.85 3.02 -2.17 0.17 0.05 0.18 0.41 1.45 2
3.45 2.94 0.51 3.49 0.16 0.14 1.66 1.41 2.92 2.96 -0.04 2.04 0.12 0.12 1.44 1.46 1
2.95 2.33 0.62 -1.62 0.15 0.12 1.37 1.08 0.94 3.02 -2.08 -0.92 0.06 0.19 0.45 1.44 3
2.83 2.14 0.69 2.31 0.13 0.1 1.35 1.02 1.86 2.6 -0.74 -0.26 0.09 0.13 0.9 1.26 2
2.59 3.84 -1.25 -3.75 0.1 0.14 1.27 1.88 3.41 1.82 1.59 2.41 0.11 0.06 1.64 0.88 3
2.7 1.76 0.94 0.06 0.1 0.07 1.29 0.84 0.89 1.4 -0.51 0.51 0.04 0.06 0.42 0.66 1
1.89 1.19 0.7 -0.7 0.08 0.05 0.94 0.59 3.25 0.8 2.45 -0.45 0.12 0.03 1.58 0.39 3
0.69 0.78 -0.09 0.09 0.03 0.04 0.34 0.39 2.81 2.56 0.25 2.75 0.12 0.11 1.32 1.2 3
2.08 0.84 1.24 -0.24 0.07 0.03 0.97 0.39 1.46 3.1 -1.64 -0.36 0.08 0.16 0.73 1.54 1
3.35 1.07 2.28 0.72 0.1 0.03 1.08 0.35 2.47 2.83 -0.36 -0.64 0.1 0.11 0.78 0.9 3
3.78 5.11 -1.33 -0.67 0.11 0.14 1.23 1.66 3.06 2.75 0.31 2.69 0.09 0.08 0.96 0.87 2
3.46 3.3 0.16 0.84 0.11 0.11 1.13 1.08 4.28 3.07 1.21 0.79 0.1 0.07 1.37 0.98 2
5.07 5.36 -0.29 -7.71 0.11 0.12 1.63 1.72 1.8 3.13 -1.33 0.33 0.05 0.09 0.59 1.02 1
5.81 5.17 0.64 -1.64 0.14 0.13 1.85 1.64 4.31 4.34 -0.03 -1.97 0.13 0.13 1.35 1.36 1
5.5 1.61 3.89 0.11 0.11 0.03 1.72 0.5 1.61 1.36 0.25 0.75 0.07 0.06 0.52 0.44 3
1.28 3.77 -2.49 0.49 0.05 0.15 0.41 1.22 2.95 4.38 -1.43 -0.57 0.1 0.15 0.94 1.4 1
2.2 2.98 -0.78 -0.22 0.06 0.08 0.7 0.94 3.79 3.48 0.31 4.69 0.14 0.13 1.22 1.12 2
5.16 3.67 1.49 2.51 0.13 0.09 1.62 1.15 4.93 4.3 0.63 6.37 0.12 0.1 1.57 1.37 1
2.23 6.52 -4.29 -0.71 0.07 0.21 0.73 2.13 5.52 4.91 0.61 -3.61 0.13 0.11 1.77 1.57 3
4.54 4.86 -0.32 -0.68 0.17 0.19 1.44 1.55 2.16 1.29 0.87 -1.87 0.07 0.04 0.71 0.42 2
6.03 5.91 0.12 -2.12 0.12 0.12 1.45 1.42 5.19 5.55 -0.36 -0.64 0.12 0.13 1.24 1.32 1
3.53 6.75 -3.22 0.22 0.1 0.2 0.85 1.63 6.4 5.64 0.76 -7.76 0.11 0.1 1.53 1.35 2
4.92 6.96 -2.04 -2.96 0.13 0.19 1.16 1.64 2.08 4.46 -2.38 0.38 0.05 0.11 0.5 1.08 1
5.68 6.23 -0.55 -1.45 0.11 0.12 1.38 1.51 6.73 3.55 3.18 -2.18 0.11 0.06 1.6 0.85 3
4.44 3.61 0.83 0.17 0.09 0.07 1.08 0.88 6.46 4.42 2.04 4.96 0.13 0.09 1.55 1.06 1
3.97 3.76 0.21 0.79 0.1 0.09 0.94 0.89 8.43 5.78 2.65 -0.65 0.14 0.09 2.01 1.38 3
3.65 4.35 -0.7 -0.3 0.08 0.1 0.89 1.06 4.2 4.06 0.14 4.86 0.11 0.11 1.01 0.98 3
5.68 5.6 0.08 3.92 0.12 0.12 1.37 1.35 2.85 1.94 0.91 -1.91 0.07 0.05 0.69 0.47 2
3.55 2.59 0.96 3.04 0.13 0.09 0.87 0.63 3.23 7.03 -3.8 -2.2 0.06 0.14 0.79 1.71 3
4.59 4.05 0.54 1.46 0.1 0.09 1.1 0.97 4.28 2.57 1.71 -0.71 0.09 0.05 1.03 0.62 2
4.18 4.65 -0.47 3.47 0.1 0.11 0.99 1.1 2.78 3.39 -0.61 -0.39 0.05 0.06 0.66 0.81 1
4.39 3.26 1.13 1.87 0.11 0.08 0.86 0.64 9.97 5.96 4.01 -1.01 0.13 0.08 1.9 1.14 1
6.27 4.38 1.89 4.11 0.13 0.09 1.2 0.84 4.15 5.3 -1.15 1.15 0.09 0.12 0.79 1.01 1
8.98 7.69 1.29 -1.29 0.15 0.13 1.7 1.45 3.97 6.42 -2.45 0.45 0.08 0.13 0.77 1.24 1
2.81 8.52 -5.71 -1.29 0.06 0.17 0.54 1.65 6.2 4.73 1.47 1.53 0.1 0.08 1.22 0.93 3
7.67 6.18 1.49 -8.49 0.12 0.1 1.48 1.19 7.47 8.25 -0.78 -0.22 0.13 0.14 1.43 1.58 1
6.26 5.53 0.73 1.27 0.1 0.09 1.2 1.06 7.79 7.67 0.12 -3.12 0.12 0.12 1.52 1.49 2
4.32 4.09 0.23 -1.23 0.09 0.09 0.84 0.79 5.78 6.6 -0.82 4.82 0.11 0.13 1.11 1.26 2
7.58 6.18 1.4 3.6 0.12 0.1 1.46 1.19 8.17 5.66 2.51 -0.51 0.11 0.08 1.57 1.09 2
7.83 7.07 0.76 3.24 0.13 0.11 1.51 1.36 4.73 4.99 -0.26 -1.74 0.08 0.08 0.91 0.96 2
3.9 7.87 -3.97 -1.03 0.07 0.13 0.76 1.53 4.07 8.02 -3.95 0.95 0.09 0.17 0.79 1.56 3
7.53 6.99 0.54 -2.54 0.12 0.11 1.43 1.33 5.76 4.24 1.52 -0.52 0.09 0.07 1.11 0.82 1
8.2 7.86 0.34 -3.34 0.11 0.11 1.34 1.28 8.77 7.56 1.21 2.79 0.12 0.1 1.4 1.21 3
4.61 7.74 -3.13 -0.87 0.08 0.13 0.74 1.24 3.87 10.35 -6.48 -1.52 0.07 0.18 0.63 1.68 2
8.09 10.1 -2.01 0.01 0.12 0.15 1.3 1.62 5.12 4.04 1.08 2.92 0.1 0.08 0.83 0.66 1
5.22 5.93 -0.71 -1.29 0.07 0.08 0.83 0.95 8.26 8.23 0.03 -1.03 0.12 0.12 1.3 1.3 1
8.77 6.1 2.67 -0.67 0.11 0.08 1.41 0.98 5.75 4.89 0.86 -1.86 0.09 0.08 0.93 0.79 3
7 4.97 2.03 -2.03 0.09 0.06 1.12 0.79 9.52 6.8 2.72 -8.72 0.13 0.09 1.54 1.1 1
6.26 9.63 -3.37 2.37 0.1 0.16 1.01 1.55 4.64 6.65 -2.01 1.01 0.08 0.12 0.73 1.05 3
7.62 4.87 2.75 4.25 0.12 0.08 1.21 0.77 5.51 10.06 -4.55 -2.45 0.08 0.14 0.89 1.62 3
8.02 6.78 1.24 3.76 0.11 0.1 1.29 1.09 6.58 8.03 -1.45 5.45 0.11 0.13 1.06 1.29 3
8.03 5.79 2.24 1.76 0.1 0.07 1.32 0.95 10.3 8.33 1.97 0.03 0.14 0.11 1.62 1.31 1
10.75 6.69 4.06 -2.06 0.13 0.08 1.72 1.07 6.45 5.94 0.51 1.49 0.09 0.09 1.04 0.96 3
7.17 7.81 -0.64 0.64 0.1 0.11 0.97 1.06 8.91 7.51 1.4 2.6 0.11 0.09 1.23 1.03 2
6.01 8.09 -2.08 -1.92 0.08 0.11 0.83 1.11 9.74 6.45 3.29 4.71 0.11 0.07 1.36 0.9 3
9.57 8.15 1.42 3.58 0.11 0.09 1.31 1.12 10.86 9.21 1.65 -3.65 0.13 0.11 1.48 1.25 1
7.91 6.6 1.31 4.69 0.1 0.08 1.09 0.91 7.42 12.16 -4.74 2.74 0.11 0.18 1.03 1.68 2
6.46 5.61 0.85 1.15 0.11 0.09 0.9 0.78 9.32 5.92 3.4 2.6 0.13 0.08 1.27 0.81 3
6.56 11.76 -5.2 -0.8 0.08 0.15 0.91 1.63 8.79 8.66 0.13 -4.13 0.11 0.11 1.22 1.21 3
7.31 8.92 -1.61 6.61 0.11 0.13 1 1.22 9.66 11.44 -1.78 1.78 0.12 0.14 1.33 1.57 2
6.2 8.53 -2.33 1.33 0.07 0.1 0.85 1.17 4.22 11.75 -7.53 -0.47 0.06 0.18 0.58 1.63 2
10.72 8.53 2.19 -9.19 0.12 0.1 1.47 1.17 11.41 8.15 3.26 -5.26 0.12 0.09 1.56 1.11 2
10.06 8.77 1.29 -3.29 0.1 0.09 1.38 1.21 8.73 6.17 2.56 -1.56 0.1 0.07 1.19 0.84 2
8.42 6.18 2.24 0.76 0.11 0.08 1.17 0.86 10.96 10.04 0.92 -2.92 0.13 0.12 1.48 1.36 1
9.45 8.99 0.46 -0.46 0.12 0.11 1.12 1.07 8.15 9.35 -1.2 0.2 0.08 0.09 0.98 1.12 3
10.35 8.1 2.25 -1.25 0.1 0.08 1.23 0.96 10.58 9.13 1.45 4.55 0.11 0.1 1.28 1.1 1
11.84 10.22 1.62 -4.62 0.12 0.11 1.42 1.22 11.14 6.09 5.05 1.95 0.13 0.07 1.34 0.73 2
9.67 9.24 0.43 -2.43 0.11 0.1 1.18 1.13 6.85 9.18 -2.33 -2.67 0.08 0.1 0.83 1.11 1
10.61 13.09 -2.48 2.48 0.12 0.15 1.27 1.57 8.86 7.35 1.51 4.49 0.1 0.08 1.07 0.89 2
8.17 13.11 -4.94 2.94 0.1 0.17 0.99 1.59 13.53 8.8 4.73 -6.73 0.13 0.08 1.63 1.06 2
5.04 13.7 -8.66 0.66 0.07 0.18 0.61 1.65 7.14 12.64 -5.5 -2.5 0.08 0.15 0.87 1.54 2
10.09 9.79 0.3 3.7 0.11 0.11 1.22 1.18 10.9 7.24 3.66 1.34 0.12 0.08 1.32 0.88 1
10.83 7.29 3.54 5.46 0.11 0.07 1.33 0.89 11.99 10.39 1.6 -3.6 0.11 0.09 1.43 1.24 2
11.37 10.65 0.72 -7.72 0.12 0.11 1.37 1.29 6.63 7.43 -0.8 1.8 0.1 0.11 0.81 0.91 1
12.02 12.52 -0.5 -3.5 0.13 0.14 1.43 1.48 8.96 9.87 -0.91 5.91 0.11 0.12 1.07 1.18 1
7.02 10.5 -3.48 -2.52 0.08 0.11 0.75 1.12 10.95 13.54 -2.59 2.59 0.11 0.14 1.16 1.44 3
9.31 7.69 1.62 4.38 0.09 0.07 0.99 0.82 10.82 10.76 0.06 4.94 0.11 0.11 1.16 1.16 1
8.34 13.8 -5.46 -2.54 0.08 0.14 0.9 1.49 10.28 10.12 0.16 -1.16 0.12 0.11 1.09 1.07 2
11.49 6.92 4.57 2.43 0.12 0.07 1.23 0.74 9.32 15.07 -5.75 3.75 0.1 0.16 1 1.62 2
7.05 8.24 -1.19 1.19 0.1 0.11 0.77 0.89 12.67 10.57 2.1 -5.1 0.12 0.1 1.35 1.13 3
11.67 8.42 3.25 -0.25 0.1 0.07 1.23 0.89 13.25 14.01 -0.76 -2.24 0.13 0.13 1.4 1.49 1
9.28 10.18 -0.9 0.9 0.08 0.09 0.99 1.08 10.99 9.41 1.58 -2.58 0.1 0.09 1.19 1.02 1
15.49 9.95 5.54 -7.54 0.13 0.08 1.65 1.06 6.2 14.9 -8.7 0.7 0.07 0.17 0.66 1.6 3
13.39 11.59 1.8 -3.8 0.11 0.09 1.42 1.23 12.18 11.07 1.11 -7.11 0.12 0.11 1.31 1.19 2
11.87 7.97 3.9 0.1 0.12 0.08 1.28 0.86 12.03 8.69 3.34 5.66 0.11 0.08 1.31 0.94 3
10.45 11.1 -0.65 4.65 0.12 0.12 1.12 1.19 10.9 10.45 0.45 3.55 0.11 0.1 1.17 1.12 3
7.74 17.83 -10.09 3.09 0.09 0.2 0.75 1.72 14.77 8.72 6.05 -1.05 0.11 0.06 1.41 0.83 2
11.42 13.81 -2.39 4.39 0.11 0.13 1.1 1.33 7.58 12.6 -5.02 -1.98 0.08 0.13 0.73 1.21 3
11.8 11.42 0.38 -2.38 0.1 0.1 1.15 1.11 13.79 12.27 1.52 -7.52 0.12 0.11 1.33 1.19 3
12.55 9.51 3.04 6.96 0.1 0.08 1.23 0.93 12.41 13.42 -1.01 4.01 0.12 0.13 1.2 1.3 1
14.59 13.2 1.39 -3.39 0.1 0.09 1.4 1.26 18.42 11.49 6.93 -9.93 0.13 0.08 1.77 1.1 1
13.22 12.41 0.81 4.19 0.11 0.1 1.28 1.2 7.5 10.3 -2.8 1.8 0.09 0.13 0.73 1 3
10.06 16.16 -6.1 4.1 0.1 0.16 0.97 1.56 12.69 8.49 4.2 -1.2 0.11 0.07 1.23 0.83 3
14.73 11.02 3.71 -5.71 0.12 0.09 1.41 1.06 12.36 8.29 4.07 4.93 0.1 0.07 1.19 0.8 1
8.39 14.83 -6.44 -1.56 0.08 0.15 0.82 1.44 11.29 10.99 0.3 0.7 0.09 0.08 1.08 1.06 2
11.31 10.17 1.14 -2.14 0.11 0.1 1.08 0.97 13.55 17.11 -3.56 -1.44 0.12 0.16 1.3 1.64 2
12.58 7.66 4.92 2.08 0.12 0.07 1.21 0.74 13.05 14.1 -1.05 2.05 0.12 0.13 1.25 1.35 1
13.77 17.71 -3.94 -1.06 0.12 0.15 1.2 1.54 15.08 8.5 6.58 2.42 0.12 0.07 1.32 0.74 1
16.65 9.5 7.15 -2.15 0.11 0.06 1.44 0.82 12.31 11.96 0.35 -3.35 0.1 0.1 1.09 1.06 1
12.66 11.7 0.96 0.04 0.09 0.08 1.11 1.02 12.58 14.62 -2.04 3.04 0.11 0.12 1.1 1.28 1
14.95 9.86 5.09 5.91 0.11 0.07 1.33 0.87 16.68 12.45 4.23 -4.23 0.12 0.09 1.45 1.08 3
13.89 16.6 -2.71 1.71 0.11 0.13 1.21 1.45 10.57 16.78 -6.21 3.21 0.09 0.15 0.93 1.47 3
14.33 12.78 1.55 -6.55 0.12 0.11 1.26 1.13 8.39 13.76 -5.37 -0.63 0.08 0.13 0.73 1.2 1
19.58 12.35 7.23 -11.23 0.12 0.08 1.71 1.08 9.1 16.2 -7.1 -0.9 0.09 0.15 0.8 1.43 1
13.79 10.24 3.55 3.45 0.1 0.08 1.2 0.89 12.76 15.82 -3.06 5.06 0.11 0.14 1.12 1.39 3
11.91 10.39 1.52 -2.52 0.11 0.1 1.03 0.9 13.95 14.12 -0.17 4.17 0.1 0.11 1.22 1.24 2
13.31 9 4.31 -0.31 0.1 0.07 1.18 0.79 9.21 11.03 -1.82 1.82 0.09 0.11 0.81 0.97 3
8.52 19.71 -11.19 4.19 0.09 0.2 0.74 1.72 15.45 14.36 1.09 -2.09 0.1 0.09 1.34 1.25 3
13.86 13.19 0.67 -4.67 0.11 0.1 1.13 1.07 9.53 21.34 -11.81 3.81 0.09 0.2 0.76 1.71 1
14.93 17.63 -2.7 0.7 0.11 0.13 1.19 1.41 12.94 12.31 0.63 -1.63 0.1 0.1 1.03 0.98 3
11.08 12.88 -1.8 2.8 0.1 0.11 0.89 1.04 15.28 10.29 4.99 5.01 0.11 0.07 1.24 0.83 3
12.93 17.22 -4.29 3.29 0.1 0.13 1.04 1.38 21.69 12.77 8.92 -10.92 0.12 0.07 1.74 1.02 3
14.05 12.6 1.45 2.55 0.1 0.09 1.13 1.01 15.16 10.87 4.29 -1.29 0.11 0.08 1.22 0.88 3
9.33 16.15 -6.82 -1.18 0.08 0.14 0.75 1.3 15.87 15.15 0.72 3.28 0.11 0.1 1.27 1.22 3
9.52 18.31 -8.79 -1.21 0.08 0.16 0.77 1.49 16.72 13.72 3 -6 0.13 0.11 1.35 1.11 2
15.17 9.3 5.87 2.13 0.11 0.07 1.22 0.75 17.88 11.05 6.83 -0.83 0.11 0.07 1.42 0.88 2
15.12 16.08 -0.96 5.96 0.12 0.12 1.22 1.3 17.08 15.37 1.71 -1.71 0.1 0.09 1.36 1.23 1
17.11 12.78 4.33 -3.33 0.12 0.09 1.37 1.02 14.57 17.8 -3.23 -0.77 0.12 0.14 1.17 1.43 3
11.6 17.82 -6.22 4.22 0.09 0.14 0.93 1.43 15.26 12.05 3.21 -0.21 0.09 0.07 1.22 0.96 1
18.61 11.81 6.8 -0.8 0.1 0.07 1.37 0.87 10.43 18.99 -8.56 -1.44 0.08 0.15 0.78 1.42 1
15.29 12.05 3.24 -2.24 0.09 0.07 1.13 0.89 16.03 11.34 4.69 -0.69 0.1 0.07 1.2 0.85 1
14.94 13.96 0.98 1.02 0.11 0.1 1.1 1.03 17.4 14.63 2.77 -5.77 0.12 0.1 1.3 1.09 1
18.15 16.82 1.33 -2.33 0.1 0.09 1.33 1.24 16.58 19.63 -3.05 -1.95 0.12 0.14 1.23 1.45 1
15.3 20.4 -5.1 2.1 0.12 0.16 1.13 1.51 12.08 13.59 -1.51 1.51 0.09 0.11 0.9 1.01 3
16.68 17.11 -0.43 5.43 0.11 0.11 1.23 1.27 14.52 13.47 1.05 1.95 0.09 0.09 1.08 1 1
22.34 13.23 9.11 -10.11 0.12 0.07 1.66 0.98 11.29 16.96 -5.67 -3.33 0.08 0.13 0.84 1.26 1
13.39 17.87 -4.48 2.48 0.1 0.13 1 1.33 15.93 10.03 5.9 2.1 0.11 0.07 1.19 0.75 1
15.25 13.58 1.67 -3.67 0.11 0.1 1.15 1.02 19.71 13.51 6.2 -6.2 0.12 0.08 1.45 0.99 2
15.99 11.29 4.7 6.3 0.11 0.08 1.2 0.84 11.6 17.85 -6.25 6.25 0.09 0.14 0.86 1.33 1
16.57 17.15 -0.58 6.58 0.12 0.12 1.23 1.28 9.92 22.73 -12.81 2.81 0.09 0.2 0.73 1.68 1
17.19 10.53 6.66 -1.66 0.11 0.06 1.19 0.73 15.97 15.38 0.59 1.41 0.1 0.09 1.1 1.06 3
20.57 14.06 6.51 -6.51 0.11 0.08 1.41 0.96 13.86 19.12 -5.26 4.26 0.1 0.14 0.96 1.32 3
16.96 23.26 -6.3 -0.7 0.11 0.15 1.17 1.6 13.89 19.13 -5.24 6.24 0.09 0.13 0.96 1.32 1
13.05 14.43 -1.38 2.38 0.09 0.1 0.9 0.99 15.8 14.44 1.36 -3.36 0.11 0.1 1.1 1.01 2
10.22 24.5 -14.28 1.28 0.08 0.2 0.7 1.68 16.7 14.72 1.98 1.02 0.11 0.1 1.14 1.01 3
17.39 12.43 4.96 1.04 0.09 0.07 1.2 0.86 20.54 11.85 8.69 -0.69 0.11 0.06 1.4 0.81 1
17.26 13.55 3.71 8.29 0.11 0.09 1.2 0.94 18.59 18.56 0.03 5.97 0.11 0.11 1.28 1.27 2
18.16 16.39 1.77 -5.77 0.13 0.11 1.26 1.13 18.34 17.45 0.89 8.11 0.12 0.11 1.26 1.2 2
21.78 17.2 4.58 -3.58 0.11 0.09 1.49 1.18 16.14 21.37 -5.23 1.23 0.12 0.15 1.1 1.46 2
16.41 13.44 2.97 -3.97 0.1 0.08 1.14 0.93 22.76 13.41 9.35 -9.35 0.12 0.07 1.57 0.92 2
10.47 20.92 -10.45 -1.55 0.08 0.16 0.73 1.46 11.47 17.38 -5.91 -4.09 0.08 0.13 0.79 1.19 3
19.12 15.66 3.46 2.54 0.12 0.1 1.22 1 18.21 14.76 3.45 8.55 0.11 0.09 1.18 0.96 1
15.84 20.01 -4.17 5.17 0.1 0.13 1.02 1.29 13.87 15.1 -1.23 2.23 0.09 0.1 0.89 0.97 1
12.18 17.83 -5.65 -3.35 0.08 0.12 0.78 1.14 23.62 18.59 5.03 -4.03 0.11 0.09 1.5 1.18 3
23.39 14.47 8.92 -8.92 0.11 0.07 1.51 0.93 19.02 12.83 6.19 0.81 0.1 0.07 1.23 0.83 2
16.62 15.93 0.69 2.31 0.1 0.1 1.07 1.02 10.92 21.63 -10.71 -2.29 0.08 0.15 0.71 1.4 2
15.97 20.34 -4.37 4.37 0.1 0.13 1.03 1.31 20.94 13.48 7.46 -0.46 0.1 0.07 1.34 0.86 3
16.47 15.26 1.21 -3.21 0.11 0.1 1.07 1 17.47 14.07 3.4 -4.4 0.1 0.08 1.13 0.91 1
19.41 17.01 2.4 -6.4 0.13 0.11 1.25 1.1 21.46 16.04 5.42 -7.42 0.12 0.09 1.37 1.03 3
17.53 23.21 -5.68 1.68 0.11 0.15 1.11 1.48 18.17 25.34 -7.17 1.17 0.11 0.16 1.17 1.63 1
19.8 19.51 0.29 5.71 0.1 0.1 1.27 1.25 11.16 26.92 -15.76 -0.24 0.09 0.21 0.71 1.72 1
18.96 18.7 0.26 8.74 0.11 0.11 1.22 1.2 17.74 11.18 6.56 -2.56 0.1 0.06 1.14 0.72 3
21.62 13.95 7.67 1.33 0.1 0.07 1.3 0.84 25.38 15.51 9.87 -9.87 0.11 0.07 1.53 0.94 1
16.56 21.14 -4.58 6.58 0.1 0.13 1 1.28 16.44 21.02 -4.58 2.58 0.09 0.12 0.99 1.27 1
19.56 19.86 -0.3 7.3 0.11 0.11 1.18 1.2 11.8 22.33 -10.53 -2.47 0.08 0.15 0.72 1.36 1
22.99 16.51 6.48 -7.48 0.12 0.08 1.38 0.99 12.13 28.49 -16.36 -0.64 0.09 0.2 0.73 1.71 2
19.73 24.55 -4.82 2.82 0.12 0.15 1.18 1.47 21.37 20.48 0.89 6.11 0.1 0.1 1.29 1.23 2
18.9 11.78 7.12 -1.12 0.1 0.06 1.14 0.71 17.45 16.37 1.08 -2.08 0.11 0.1 1.07 1 2
18.58 15.05 3.53 -5.53 0.1 0.08 1.13 0.92 13.06 19.93 -6.87 -4.13 0.09 0.13 0.79 1.2 3
20.06 14.82 5.24 1.76 0.1 0.07 1.21 0.9 19.88 18.54 1.34 -6.34 0.12 0.11 1.2 1.12 1
19.16 17.88 1.28 6.72 0.1 0.1 1.17 1.09 19.51 27.54 -8.03 0.03 0.11 0.16 1.18 1.66 1
25.72 19.47 6.25 -3.25 0.11 0.09 1.54 1.16 17.32 16.81 0.51 2.49 0.1 0.09 1.04 1.01 2
15 15.82 -0.82 0.82 0.09 0.09 0.9 0.95 22.24 16.61 5.63 4.37 0.13 0.09 1.33 1 3
14.26 21.9 -7.64 -1.36 0.09 0.14 0.81 1.24 20.35 15.06 5.29 2.71 0.1 0.07 1.16 0.86 3
24.66 23.74 0.92 6.08 0.1 0.1 1.4 1.35 19.38 13.3 6.08 -0.08 0.1 0.07 1.1 0.76 1
15.47 16.81 -1.34 -2.66 0.09 0.09 0.88 0.95 18.17 18.52 -0.35 3.35 0.1 0.1 1.03 1.05 3
13.24 30.38 -17.14 0.14 0.09 0.21 0.75 1.71 19.79 21.66 -1.87 7.87 0.11 0.12 1.13 1.23 3
18.97 16.85 2.12 -3.12 0.11 0.1 1.09 0.97 22.99 27.84 -4.85 2.85 0.13 0.15 1.29 1.56 1
20 28.63 -8.63 -1.37 0.11 0.16 1.13 1.62 22.04 14.73 7.31 2.69 0.1 0.07 1.24 0.83 3
20.12 18.83 1.29 -7.29 0.12 0.11 1.15 1.07 16.96 24.25 -7.29 1.29 0.09 0.13 0.96 1.38 3
12.79 24.24 -11.45 -2.55 0.08 0.16 0.73 1.39 20.25 18.37 1.88 8.12 0.1 0.09 1.16 1.05 1
24.88 17.62 7.26 -8.26 0.12 0.08 1.4 0.99 27.43 20.32 7.11 -4.11 0.11 0.08 1.54 1.14 1
26.16 15.93 10.23 -11.23 0.11 0.07 1.48 0.9 21.47 20.85 0.62 7.38 0.11 0.11 1.22 1.19 3
23.23 17.08 6.15 7.85 0.12 0.09 1.31 0.96 20.55 16.25 4.3 -8.3 0.1 0.08 1.17 0.93 3
23.26 15.19 8.07 2.93 0.1 0.06 1.24 0.81 17.76 18.14 -0.38 -4.62 0.09 0.09 0.95 0.97 3
23.64 28.46 -4.82 1.82 0.12 0.15 1.26 1.51 13.74 25.16 -11.42 -1.58 0.09 0.16 0.74 1.36 1
21.24 15.43 5.81 3.19 0.09 0.07 1.14 0.83 21.17 19.32 1.85 7.15 0.1 0.09 1.15 1.05 3
18.73 25.03 -6.3 1.3 0.1 0.13 1 1.34 25.94 18.63 7.31 -4.31 0.12 0.08 1.38 0.99 3
19.5 20.81 -1.31 5.31 0.1 0.11 1.04 1.11 14.63 22.79 -8.16 -1.84 0.09 0.13 0.78 1.22 1
24.14 19.33 4.81 7.19 0.12 0.1 1.29 1.03 19.59 17.5 2.09 -2.09 0.11 0.1 1.06 0.95 3
20.46 29.85 -9.39 -1.61 0.11 0.16 1.1 1.6 14.53 31.66 -17.13 -0.87 0.09 0.2 0.77 1.69 2
27.02 16.92 10.1 -12.1 0.11 0.07 1.44 0.9 25.37 24.26 1.11 6.89 0.1 0.1 1.36 1.3 3
22.8 17.16 5.64 -7.64 0.1 0.07 1.23 0.92 20.9 20.6 0.3 -7.3 0.11 0.11 1.12 1.1 1
21.07 22.95 -1.88 8.88 0.11 0.12 1.13 1.24 22.46 21.71 0.75 8.25 0.11 0.11 1.2 1.16 3
19.9 14.01 5.89 -0.89 0.1 0.07 1.07 0.75 28.44 21.38 7.06 -8.06 0.11 0.08 1.51 1.14 2
14.84 32.72 -17.88 -0.12 0.09 0.19 0.75 1.65 20.38 15.05 5.33 -0.33 0.1 0.07 1.04 0.77 1
15.38 24.06 -8.68 -3.32 0.09 0.13 0.78 1.22 26.85 20.24 6.61 -2.61 0.11 0.08 1.36 1.02 3
21.73 18.52 3.21 2.79 0.09 0.08 1.11 0.95 24.31 28.82 -4.51 2.51 0.12 0.14 1.23 1.45 1
20.77 21.56 -0.79 6.79 0.1 0.1 1.05 1.09 21.24 22.1 -0.86 -8.14 0.11 0.12 1.08 1.12 1
21.31 24.11 -2.8 8.8 0.11 0.12 1.09 1.23 26.92 25.05 1.87 7.13 0.1 0.09 1.36 1.27 2
14.1 25.83 -11.73 -2.27 0.09 0.16 0.72 1.33 20.34 25.94 -5.6 -0.4 0.1 0.13 1.03 1.32 3
20.84 18.27 2.57 -1.57 0.11 0.1 1.07 0.94 27.81 18.47 9.34 -12.34 0.11 0.07 1.41 0.93 1
24.26 19.81 4.45 7.55 0.1 0.08 1.25 1.02 23.77 15.78 7.99 1.01 0.1 0.06 1.2 0.8 1
24.3 17.5 6.8 -6.8 0.1 0.07 1.24 0.89 21.52 30.16 -8.64 -2.36 0.1 0.15 1.09 1.53 2
29.48 21.86 7.62 -8.62 0.11 0.08 1.48 1.1 24.91 20.58 4.33 6.67 0.12 0.1 1.26 1.04 1
23.62 21.95 1.67 8.33 0.11 0.1 1.2 1.12 18.35 18.65 -0.3 -2.7 0.09 0.09 0.93 0.95 2
24.88 16.59 8.29 -0.29 0.09 0.06 1.2 0.8 24.32 22.2 2.12 7.88 0.1 0.09 1.18 1.07 2
15.84 34.11 -18.27 1.27 0.09 0.19 0.76 1.63 22.34 22.16 0.18 8.82 0.1 0.1 1.08 1.07 1
25.99 21.28 4.71 5.29 0.12 0.1 1.25 1.02 15.68 26.28 -10.6 -4.4 0.08 0.14 0.76 1.27 2
18.6 19.35 -0.75 -2.25 0.09 0.09 0.9 0.94 21.61 26.25 -4.64 -0.36 0.1 0.12 1.04 1.27 2
22.08 19.77 2.31 -0.31 0.11 0.1 1.08 0.97 22.28 25.26 -2.98 8.98 0.11 0.12 1.08 1.22 1
29.07 20.54 8.53 -1.53 0.11 0.08 1.4 0.99 14.41 27.1 -12.69 -2.31 0.08 0.16 0.7 1.32 2
22.69 32.04 -9.35 -1.65 0.11 0.15 1.09 1.54 23.55 19.15 4.4 3.6 0.09 0.08 1.14 0.93 3
21.84 23.67 -1.83 -10.17 0.11 0.12 1.06 1.14 24.94 30.64 -5.7 1.7 0.12 0.15 1.19 1.47 3
29.31 19.71 9.6 -13.6 0.11 0.07 1.41 0.95 25.07 20.92 4.15 8.85 0.1 0.08 1.22 1.02 1
21.77 16.05 5.72 -1.72 0.1 0.07 1.05 0.77 26.18 18.67 7.51 -7.51 0.1 0.07 1.27 0.9 2
28.07 26.02 2.05 6.95 0.1 0.09 1.35 1.25 30.18 22.94 7.24 -7.24 0.11 0.08 1.45 1.1 3
25.74 30.97 -5.23 2.23 0.12 0.14 1.17 1.41 29.75 21.42 8.33 -1.33 0.11 0.08 1.36 0.98 3
16.97 27.96 -10.99 -4.01 0.09 0.14 0.78 1.28 25.51 17.54 7.97 0.03 0.09 0.06 1.17 0.8 1
25.27 22.83 2.44 7.56 0.1 0.09 1.17 1.05 22.17 24.47 -2.3 -10.7 0.11 0.12 1.02 1.12 3
25.27 19.9 5.37 4.63 0.1 0.08 1.17 0.92 19.26 20.4 -1.14 -1.86 0.09 0.09 0.89 0.94 1
22.66 26.91 -4.25 -0.75 0.09 0.11 1.04 1.24 16.81 34.84 -18.03 3.03 0.09 0.18 0.77 1.59 1
23.07 23.13 -0.06 7.06 0.1 0.1 1.06 1.06 22.57 18.37 4.2 -0.2 0.09 0.08 1.04 0.84 3
32.47 24.77 7.7 -4.7 0.11 0.09 1.48 1.13 23.97 20.02 3.95 0.05 0.12 0.1 1.12 0.93 2
25.26 22.91 2.35 7.65 0.1 0.09 1.17 1.07 27.67 22.57 5.1 4.9 0.12 0.1 1.26 1.03 3
31.3 19.9 11.4 -12.4 0.11 0.07 1.43 0.91 23.44 33.76 -10.32 -2.68 0.11 0.15 1.08 1.55 1
28.5 19.47 9.03 -9.03 0.1 0.07 1.31 0.9 29.9 28.31 1.59 4.41 0.1 0.09 1.36 1.29 2
22.53 27.15 -4.62 8.62 0.1 0.12 1.04 1.25 15.29 27.78 -12.49 -2.51 0.08 0.15 0.71 1.29 3
26.21 17.95 8.26 -1.26 0.09 0.06 1.15 0.79 17.66 37.42 -19.76 -0.24 0.08 0.18 0.77 1.63 1
26.48 31.99 -5.51 0.51 0.11 0.14 1.15 1.39 31.1 21.13 9.97 -9.97 0.1 0.07 1.37 0.93 3
23.8 23.39 0.41 5.59 0.09 0.09 1.04 1.02 31.56 30.91 0.65 5.35 0.1 0.1 1.37 1.35 1
30.23 24.69 5.54 6.46 0.13 0.1 1.32 1.08 24.4 28.34 -3.94 6.94 0.11 0.12 1.07 1.25 3
19.69 22.3 -2.61 -2.39 0.09 0.1 0.87 0.98 33.3 25.92 7.38 -4.38 0.11 0.09 1.45 1.13 3
16.48 29.65 -13.17 -0.83 0.08 0.15 0.73 1.31 31.68 20.09 11.59 -11.59 0.11 0.07 1.38 0.88 1
30.77 22.16 8.61 0.39 0.11 0.08 1.34 0.97 27.38 25.47 1.91 6.09 0.1 0.09 1.21 1.13 1
22.51 24.81 -2.3 -9.7 0.1 0.12 0.99 1.09 25.12 20.85 4.27 -0.27 0.12 0.1 1.12 0.93 1
17.38 28.66 -11.28 -2.72 0.08 0.14 0.76 1.25 25.24 27.76 -2.52 2.52 0.1 0.11 1.11 1.22 3
22.83 19.1 3.73 1.27 0.09 0.08 1 0.84 27.17 20.33 6.84 5.16 0.1 0.07 1.2 0.9 2
23.63 34.14 -10.51 -3.49 0.1 0.15 1.03 1.49 25.61 23.17 2.44 6.56 0.1 0.09 1.13 1.02 3
27.92 18.82 9.1 -0.1 0.09 0.06 1.17 0.79 25.08 24.47 0.61 7.39 0.09 0.09 1.05 1.02 2
18.53 39.13 -20.6 -1.4 0.09 0.18 0.77 1.63 28.09 34.06 -5.97 -0.03 0.11 0.14 1.17 1.41 1
26.41 24.12 2.29 7.71 0.1 0.09 1.12 1.02 33.17 22.74 10.43 -9.43 0.11 0.07 1.39 0.96 1
28.05 21.37 6.68 5.32 0.1 0.07 1.18 0.9 17.86 28.96 -11.1 -3.9 0.08 0.13 0.75 1.21 1
30.98 27.48 3.5 6.5 0.12 0.11 1.3 1.15 24.58 34.94 -10.36 -4.64 0.1 0.15 1.03 1.47 1
33.66 26.56 7.1 -3.1 0.11 0.08 1.4 1.11 27.19 29.09 -1.9 6.9 0.11 0.12 1.15 1.23 1
16.57 31.15 -14.58 1.58 0.08 0.15 0.7 1.32 23.87 19.98 3.89 1.11 0.09 0.08 1 0.84 1
26.97 21.52 5.45 -2.45 0.12 0.09 1.15 0.92 20.33 22.66 -2.33 -3.67 0.09 0.1 0.86 0.95 3
28.18 26.66 1.52 5.48 0.1 0.1 1.19 1.13 23.18 26.66 -3.48 -7.52 0.11 0.12 0.98 1.12 2
32.64 32.19 0.45 3.55 0.1 0.1 1.36 1.34 25.54 28.24 -2.7 3.7 0.1 0.11 1.08 1.19 2
33.18 20.18 13 -14 0.11 0.07 1.38 0.84 31.96 22.96 9 1 0.11 0.08 1.33 0.96 1
28.2 30.86 -2.66 4.66 0.11 0.12 1.14 1.25 20.31 40.76 -20.45 -0.55 0.09 0.18 0.81 1.63 3
29.72 35.84 -6.12 -0.88 0.12 0.14 1.18 1.43 32.28 28.63 3.65 7.35 0.12 0.11 1.29 1.15 1
26.99 24.56 2.43 8.57 0.1 0.09 1.09 1 18.67 30.02 -11.35 -4.65 0.08 0.13 0.75 1.21 1
26.76 30.89 -4.13 5.13 0.1 0.11 1.08 1.25 23.42 27.27 -3.85 -7.15 0.1 0.12 0.94 1.1 2
27.35 23.24 4.11 -2.11 0.12 0.1 1.11 0.95 24.53 21.94 2.59 0.41 0.09 0.08 0.98 0.88 1
28.79 26.9 1.89 5.11 0.1 0.09 1.17 1.09 18.53 31.81 -13.28 2.28 0.09 0.15 0.75 1.29 3
33.36 23.9 9.46 -0.46 0.11 0.08 1.34 0.96 29.11 22.18 6.93 6.07 0.1 0.07 1.18 0.9 3
25.73 36.24 -10.51 -5.49 0.1 0.14 1.03 1.46 35.29 33.41 1.88 2.12 0.1 0.1 1.41 1.33 2
34.12 21.58 12.54 -12.54 0.11 0.07 1.36 0.86 28.24 19.42 8.82 0.18 0.09 0.06 1.14 0.78 1
33.61 23.32 10.29 -10.29 0.1 0.07 1.35 0.94 35.43 27.57 7.86 -0.86 0.11 0.08 1.42 1.1 2
25.68 24.79 0.89 7.11 0.09 0.09 1.03 0.99 22.05 23.04 -0.99 -4.01 0.09 0.09 0.89 0.93 1
23.75 26.04 -2.29 -3.71 0.09 0.1 0.92 1.01 30.33 36.66 -6.33 0.33 0.11 0.14 1.16 1.4 3
28.86 22.33 6.53 0.47 0.09 0.07 1.11 0.86 35.82 28.04 7.78 -0.78 0.11 0.08 1.38 1.08 2
30.14 31.78 -1.64 2.64 0.11 0.11 1.17 1.23 31.13 27.19 3.94 2.06 0.1 0.09 1.21 1.06 3
25.44 23.94 1.5 0.5 0.09 0.08 0.98 0.92 37.03 22.2 14.83 -12.83 0.11 0.07 1.42 0.85 1
21.23 42.7 -21.47 1.47 0.09 0.18 0.82 1.64 29.35 24.15 5.2 -2.2 0.12 0.09 1.15 0.94 2
19.72 31.08 -11.36 -5.64 0.08 0.13 0.76 1.2 28.68 26.49 2.19 6.81 0.1 0.09 1.1 1.02 3
30.25 23.3 6.95 7.05 0.1 0.07 1.17 0.9 33.1 29.24 3.86 6.14 0.12 0.11 1.28 1.13 1
27.24 31.12 -3.88 4.88 0.1 0.11 1.06 1.21 18.82 34.15 -15.33 5.33 0.09 0.16 0.73 1.33 1
23.65 27.75 -4.1 -6.9 0.1 0.12 0.92 1.07 34.08 23.71 10.37 -10.37 0.1 0.07 1.32 0.92 2
34.48 25.04 9.44 -1.44 0.11 0.08 1.32 0.96 27.72 37.5 -9.78 -6.22 0.11 0.14 1.07 1.45 1
36.55 35.4 1.15 2.85 0.1 0.1 1.4 1.35 28.05 25.61 2.44 9.56 0.1 0.09 1.09 1 3
31.23 39.5 -8.27 3.27 0.12 0.15 1.15 1.45 30.96 23.48 7.48 7.52 0.1 0.07 1.15 0.87 3
20.3 32.09 -11.79 -6.21 0.08 0.13 0.75 1.19 29.64 24.5 5.14 -2.14 0.11 0.09 1.11 0.92 1
29.69 27.07 2.62 7.38 0.1 0.09 1.1 1 35.75 25.37 10.38 -1.38 0.11 0.08 1.32 0.94 1
33.28 29.95 3.33 5.67 0.12 0.11 1.23 1.11 29.73 23.03 6.7 0.3 0.08 0.07 1.1 0.85 3
36.52 28.91 7.61 -0.61 0.1 0.08 1.35 1.07 29.24 26.94 2.3 10.7 0.1 0.09 1.1 1.01 3
19.35 35.94 -16.59 3.59 0.09 0.16 0.72 1.34 37.88 36.59 1.29 1.71 0.1 0.1 1.4 1.35 1
24.68 29.03 -4.35 -6.65 0.1 0.12 0.92 1.08 30.43 34.07 -3.64 2.64 0.11 0.12 1.14 1.27 1
37.82 24.04 13.78 -12.78 0.11 0.07 1.4 0.89 29.03 31.65 -2.62 6.62 0.1 0.11 1.08 1.18 1
27.28 24.73 2.55 0.45 0.09 0.08 1.01 0.92 21.58 42.99 -21.41 1.41 0.09 0.17 0.8 1.59 1
33.42 27.48 5.94 2.06 0.1 0.09 1.25 1.03 26.59 26.94 -0.35 -6.65 0.09 0.1 0.99 1 1
28.05 38.77 -10.72 -6.28 0.1 0.14 1.04 1.44 35.36 24.74 10.62 -10.62 0.11 0.07 1.32 0.92 3
30.17 24.22 5.95 2.05 0.08 0.07 1.07 0.86 29.48 33.15 -3.67 6.67 0.1 0.11 1.06 1.19 1
31.19 36.44 -5.25 1.25 0.11 0.12 1.12 1.31 21.39 32.69 -11.3 -5.7 0.08 0.13 0.76 1.17 3
22.61 44.79 -22.18 -0.82 0.09 0.17 0.8 1.59 32.24 24.58 7.66 8.34 0.1 0.07 1.16 0.88 3
30.24 25.59 4.65 -2.65 0.11 0.09 1.09 0.92 31.35 28.64 2.71 8.29 0.1 0.09 1.12 1.02 1
27.19 28.99 -1.8 -9.2 0.09 0.1 0.97 1.03 27.05 29.79 -2.74 -5.26 0.1 0.11 0.97 1.07 3
35.47 28.08 7.39 4.61 0.1 0.08 1.28 1.01 29.08 25.76 3.32 2.68 0.09 0.08 1.04 0.92 1
28.4 40 -11.6 -6.4 0.1 0.14 1.02 1.43 37.7 30.83 6.87 -0.87 0.1 0.09 1.34 1.09 3
36.59 25.09 11.5 -10.5 0.1 0.07 1.31 0.9 34.47 30.39 4.08 3.92 0.12 0.1 1.23 1.08 3
31.16 28.12 3.04 10.96 0.1 0.09 1.12 1.01 32.33 40.78 -8.45 2.45 0.12 0.15 1.15 1.45 2
39.34 37.78 1.56 -0.56 0.1 0.1 1.4 1.34 39.32 24.49 14.83 -12.83 0.11 0.07 1.4 0.87 2
20.54 37.4 -16.86 5.86 0.09 0.16 0.74 1.34 37.32 27.03 10.29 -2.29 0.11 0.08 1.33 0.96 3
29.73 34.5 -4.77 5.77 0.09 0.11 1.03 1.19 35.08 42.15 -7.07 1.07 0.12 0.15 1.2 1.44 1
33.2 29.7 3.5 6.5 0.1 0.09 1.14 1.02 37.35 28.33 9.02 5.98 0.1 0.08 1.3 0.98 2
36.14 31.67 4.47 4.53 0.12 0.1 1.24 1.09 21.36 39.91 -18.55 3.55 0.09 0.17 0.74 1.38 3
40.35 32.81 7.54 0.46 0.11 0.09 1.38 1.12 22.94 45.1 -22.16 -1.84 0.09 0.17 0.79 1.54 1
32.55 24.91 7.64 9.36 0.1 0.07 1.12 0.86 32.53 30.87 1.66 12.34 0.1 0.1 1.13 1.07 3
39.83 27.85 11.98 0.02 0.11 0.08 1.37 0.96 28.54 31.2 -2.66 -11.34 0.1 0.1 0.98 1.07 1
40.4 38.19 2.21 -1.21 0.1 0.1 1.38 1.31 22.92 34.14 -11.22 -4.78 0.09 0.13 0.79 1.18 3
29.26 31.14 -1.88 -3.12 0.11 0.11 1.01 1.08 31.52 24.47 7.05 2.95 0.08 0.06 1.08 0.84 1
39.73 25.55 14.18 -12.18 0.11 0.07 1.36 0.87 31.3 27.44 3.86 -0.86 0.11 0.1 1.09 0.95 1
37.87 26.76 11.11 -11.11 0.1 0.07 1.31 0.93 29.33 27.64 1.69 1.31 0.09 0.09 1.01 0.95 3
32.64 37.97 -5.33 0.33 0.1 0.12 1.13 1.32 30.38 42.65 -12.27 -7.73 0.1 0.15 1.05 1.47 3
35.53 42.59 -7.06 0.06 0.12 0.14 1.18 1.41 33.87 30.03 3.84 6.16 0.1 0.09 1.12 0.99 3
23.42 46.16 -22.74 -3.26 0.08 0.16 0.77 1.53 39.2 27.17 12.03 -13.03 0.1 0.07 1.31 0.91 3
24.59 36.04 -11.45 -3.55 0.09 0.13 0.82 1.2 37.09 32.96 4.13 3.87 0.12 0.1 1.23 1.09 2
34.25 25.22 9.03 6.97 0.1 0.07 1.14 0.84 41.41 33.29 8.12 1.88 0.11 0.09 1.37 1.1 3
33.04 29.74 3.3 -4.3 0.11 0.1 1.11 1 22.65 40.86 -18.21 4.21 0.09 0.17 0.76 1.37 2
37.68 29 8.68 6.32 0.1 0.08 1.26 0.97 42.03 27.29 14.74 -8.74 0.11 0.07 1.39 0.9 3
29.23 32.79 -3.56 -11.44 0.09 0.11 0.97 1.09 31.99 25.34 6.65 2.35 0.08 0.06 1.06 0.84 3
29.74 28.97 0.77 3.23 0.09 0.09 0.99 0.96 30.17 34.95 -4.78 6.78 0.09 0.11 1.01 1.16 3
32.84 32.57 0.27 14.73 0.1 0.1 1.1 1.09 33.2 38.68 -5.48 -1.52 0.1 0.12 1.11 1.3 1
41.42 28.54 12.88 0.12 0.11 0.08 1.37 0.95 42.3 39.86 2.44 -2.44 0.1 0.1 1.4 1.32 2
31.09 43.21 -12.12 -5.88 0.1 0.14 1.04 1.44 30.13 31.61 -1.48 -2.52 0.11 0.11 1.01 1.06 3
33.63 26.15 7.48 4.52 0.08 0.07 1.08 0.84 39.78 29.5 10.28 3.72 0.1 0.08 1.29 0.96 1
23.39 41.79 -18.4 4.4 0.09 0.16 0.76 1.35 30.04 34.43 -4.39 -13.61 0.09 0.1 0.97 1.11 2
33.33 40.04 -6.71 -1.29 0.1 0.12 1.08 1.3 44.92 30.86 14.06 -1.06 0.11 0.08 1.44 0.99 3
23.63 48.98 -25.35 -2.65 0.08 0.17 0.75 1.56 42.53 29.39 13.14 -6.14 0.11 0.07 1.36 0.94 3
31.07 35.81 -4.74 7.74 0.09 0.1 1 1.15 35.92 26.93 8.99 5.01 0.1 0.07 1.16 0.87 2
33.97 30.48 3.49 -4.49 0.11 0.1 1.1 0.99 31.14 44.3 -13.16 -5.84 0.1 0.14 1.01 1.43 1
44.62 43.36 1.26 -1.26 0.1 0.1 1.42 1.38 36.62 43.74 -7.12 -0.88 0.12 0.14 1.17 1.4 3
31.22 31.66 -0.44 -2.56 0.11 0.11 1.01 1.02 30.6 29.87 0.73 2.27 0.09 0.09 0.98 0.96 3
38.63 33.57 5.06 2.94 0.12 0.1 1.24 1.07 34.2 32.7 1.5 14.5 0.1 0.09 1.11 1.06 3
43.12 34.96 8.16 3.84 0.11 0.09 1.38 1.12 25.2 37.58 -12.38 -2.62 0.09 0.13 0.81 1.2 1
42.02 27.38 14.64 -13.64 0.11 0.07 1.35 0.88 35.02 31.12 3.9 7.1 0.1 0.09 1.12 1 3
30.51 35.12 -4.61 -13.39 0.09 0.1 0.95 1.09 33.53 40.33 -6.8 -2.2 0.1 0.12 1.05 1.26 1
34.5 26.81 7.69 5.31 0.08 0.06 1.07 0.83 36.49 27.47 9.02 4.98 0.1 0.07 1.14 0.86 3
24.08 42.26 -18.18 4.18 0.09 0.16 0.75 1.32 23.85 51.05 -27.2 -4.8 0.08 0.17 0.74 1.58 2
25.47 38.82 -13.35 -3.65 0.09 0.13 0.79 1.2 43.65 28.84 14.81 -14.81 0.11 0.07 1.36 0.9 2
32.89 45.29 -12.4 -7.6 0.1 0.14 1.03 1.41 40.44 30.37 10.07 2.93 0.1 0.08 1.27 0.95 3
44.6 29.61 14.99 -3.99 0.11 0.07 1.38 0.92 32.47 31.99 0.48 -4.48 0.1 0.1 1.02 1 1
36.48 32.75 3.73 8.27 0.1 0.09 1.13 1.01 44.36 35.23 9.13 4.87 0.11 0.09 1.37 1.09 1
30.93 31.12 -0.19 4.19 0.09 0.09 0.96 0.96 38.63 44.2 -5.57 1.57 0.12 0.14 1.19 1.37 3
35.13 34.02 1.11 16.89 0.1 0.09 1.1 1.06 31.61 36.38 -4.77 7.77 0.09 0.1 0.98 1.13 2
45.08 45.37 -0.29 -3.71 0.1 0.1 1.39 1.4 34.96 32.23 2.73 -2.73 0.11 0.11 1.1 1.01 3
39.95 34.5 5.45 0.55 0.12 0.1 1.24 1.07 45.21 31.06 14.15 -0.15 0.11 0.08 1.4 0.96 1
