0.67 0.45 0.22 2.78 0.06 0.04 0.67 0.45 0.38 3.39 -3.01 2.01 0.04 0.34 0.38 3.39 1
1.83 4.43 -2.6 2.6 0.13 0.32 1.79 4.33 1.01 0.65 0.36 0.64 0.06 0.04 0.98 0.63 3
1.62 0.36 1.26 -0.26 0.12 0.03 1.62 0.36 1.28 1.29 -0.01 0.01 0.14 0.14 1.27 1.28 2
4.43 1.83 2.6 -2.6 0.26 0.11 4.33 1.79 1.29 1.28 0.01 -0.01 0.08 0.08 1.28 1.27 2
3.17 0.4 2.77 1.23 0.23 0.03 3.07 0.39 3.39 0.38 3.01 -2.01 0.26 0.03 3.39 0.38 1
0.65 1.01 -0.36 -0.64 0.07 0.1 0.63 0.98 0.36 1.62 -1.26 0.26 0.05 0.2 0.36 1.62 1
0.62 0.95 -0.33 2.33 0.07 0.11 0.58 0.89 0.45 0.67 -0.22 -2.78 0.04 0.06 0.45 0.67 1
0.4 3.17 -2.77 -1.23 0.07 0.53 0.39 3.07 0.95 0.62 0.33 -2.33 0.08 0.05 0.89 0.58 3
0.57 4.67 -4.1 2.1 0.03 0.26 0.28 2.32 9.18 4 5.18 -5.18 0.24 0.1 4.37 1.9 1
3.46 6.03 -2.57 2.57 0.11 0.19 1.66 2.89 1.95 0.64 1.31 2.69 0.08 0.02 0.97 0.32 3
0.89 2.45 -1.56 -0.44 0.04 0.1 0.44 1.2 4.8 1.09 3.71 1.29 0.13 0.03 2.32 0.53 3
1.81 3.62 -1.81 0.81 0.1 0.19 0.85 1.7 3.85 1.8 2.05 2.95 0.18 0.09 1.83 0.86 3
1.52 3.44 -1.92 -2.08 0.1 0.22 0.74 1.67 3.55 1.33 2.22 -1.22 0.11 0.04 1.77 0.66 3
2.25 3.22 -0.97 0.97 0.17 0.25 1.11 1.59 3.4 4.03 -0.63 -4.37 0.11 0.13 1.62 1.92 3
4.79 1.06 3.73 -3.73 0.17 0.04 2.32 0.51 1.48 1.54 -0.06 0.06 0.06 0.07 0.71 0.74 1
2.27 8.22 -5.95 1.95 0.1 0.37 1.1 4 3.39 2.02 1.37 1.63 0.13 0.07 1.6 0.95 1
6.37 1.3 5.07 0.93 0.13 0.03 2.07 0.42 7.4 1.49 5.91 -4.91 0.17 0.03 2.41 0.49 1
4.97 3.12 1.85 4.15 0.17 0.1 1.6 1.01 2.86 8.59 -5.73 2.73 0.08 0.25 0.93 2.8 3
3.76 2.61 1.15 0.85 0.11 0.08 1.2 0.83 5.94 3.77 2.17 0.83 0.14 0.09 1.95 1.24 2
3.96 5.83 -1.87 -4.13 0.13 0.19 1.28 1.89 3.13 4.74 -1.61 -0.39 0.09 0.14 1 1.51 2
1.91 4.15 -2.24 1.24 0.06 0.13 0.62 1.35 3.88 3.89 -0.01 -0.99 0.13 0.13 1.25 1.25 1
3.43 1.45 1.98 3.02 0.09 0.04 1.13 0.48 11.46 6.13 5.33 -6.33 0.22 0.12 3.66 1.96 3
4.27 7.51 -3.24 2.24 0.09 0.16 1.37 2.41 2.7 6.95 -4.25 3.25 0.08 0.21 0.89 2.28 1
11.94 7.84 4.1 -7.1 0.18 0.12 2.87 1.89 5.5 6.36 -0.86 0.86 0.1 0.11 1.32 1.52 1
4.04 9.52 -5.48 3.48 0.09 0.22 0.99 2.33 3.22 5.05 -1.83 -0.17 0.08 0.13 0.78 1.22 1
4.39 4.29 0.1 1.9 0.09 0.09 1.05 1.03 7.77 2.99 4.78 -6.78 0.15 0.06 1.88 0.72 3
3.92 8.29 -4.37 4.37 0.09 0.18 0.95 2.02 4.27 5.92 -1.65 -4.35 0.11 0.15 1.04 1.45 2
1.8 5.45 -3.65 -3.35 0.05 0.14 0.44 1.34 5.14 1.93 3.21 3.79 0.09 0.03 1.26 0.47 1
7.62 4.4 3.22 -0.22 0.13 0.08 1.87 1.08 5.61 8.73 -3.12 1.12 0.09 0.13 1.34 2.08 3
7.87 1.67 6.2 2.8 0.12 0.03 1.9 0.4 3.88 3.89 -0.01 -0.99 0.13 0.13 1.25 1.25 1
5.9 4.3 1.6 3.4 0.15 0.11 1.43 1.04 1.91 4.15 -2.24 1.24 0.06 0.13 0.62 1.35 1
9.27 2.72 6.55 -0.55 0.13 0.04 1.81 0.53 9.38 4.69 4.69 -2.69 0.12 0.06 1.8 0.9 1
4.74 8.04 -3.3 -2.7 0.1 0.17 0.93 1.58 7.69 4.74 2.95 3.05 0.13 0.08 1.49 0.92 2
2.59 9.58 -6.99 0.99 0.06 0.21 0.51 1.87 5.51 6.48 -0.97 0.97 0.09 0.11 1.06 1.25 2
4.72 5.74 -1.02 -1.98 0.09 0.11 0.91 1.11 11 3.03 7.97 2.03 0.13 0.03 2.12 0.58 3
5.24 7.02 -1.78 -0.22 0.14 0.18 1.26 1.69 6.04 8.76 -2.72 2.72 0.1 0.15 1.18 1.71 3
5.9 10.49 -4.59 3.59 0.08 0.15 1.11 1.98 4.73 11.02 -6.29 5.29 0.09 0.22 0.92 2.15 2
9.96 4.11 5.85 -5.85 0.15 0.06 1.93 0.8 13.04 10.81 2.23 -4.23 0.17 0.14 2.5 2.07 1
2.35 5.94 -3.59 1.59 0.06 0.15 0.57 1.44 8.47 7.46 1.01 -2.01 0.11 0.1 1.62 1.42 2
13.68 12.71 0.97 -6.97 0.16 0.15 2.19 2.04 6.59 7.31 -0.72 0.72 0.1 0.11 1.05 1.17 1
5.91 7.15 -1.24 -2.76 0.09 0.11 0.95 1.15 3.42 10.66 -7.24 1.24 0.06 0.18 0.55 1.72 2
8.02 8.86 -0.84 -2.16 0.14 0.15 1.53 1.69 11.86 4.75 7.11 -3.11 0.15 0.06 1.92 0.77 1
10.08 8.06 2.02 -3.02 0.11 0.09 1.61 1.29 5.28 9.49 -4.21 -1.79 0.09 0.16 0.86 1.55 3
7.88 11.54 -3.66 4.66 0.11 0.15 1.27 1.86 9.14 5.28 3.86 2.14 0.14 0.08 1.47 0.85 3
6 12.92 -6.92 5.92 0.1 0.21 0.97 2.09 11.21 3.26 7.95 -0.95 0.12 0.04 1.81 0.53 3
12.41 4.22 8.19 2.81 0.12 0.04 1.99 0.68 7.8 11.76 -3.96 2.96 0.09 0.14 1.23 1.85 1
9.92 6.63 3.29 -2.29 0.12 0.08 1.59 1.06 2.95 7.55 -4.6 2.6 0.06 0.15 0.57 1.46 1
4.03 9.64 -5.61 0.61 0.07 0.16 0.65 1.56 8.34 14.66 -6.32 5.32 0.1 0.17 1.15 2.02 2
12.26 5.74 6.52 1.48 0.15 0.07 1.69 0.79 14.8 14.63 0.17 -4.17 0.15 0.15 2.03 2 1
12.01 7.71 4.3 -0.3 0.13 0.08 1.65 1.06 7.7 7.89 -0.19 -3.81 0.09 0.09 1.06 1.09 1
14.67 4.08 10.59 -2.59 0.13 0.04 2.03 0.57 17.23 5.19 12.04 1.96 0.15 0.05 2.37 0.71 3
4.16 12.45 -8.29 2.29 0.07 0.19 0.57 1.72 9.05 9.68 -0.63 -1.37 0.14 0.15 1.44 1.54 3
8.51 8.43 0.08 -2.08 0.1 0.1 1.16 1.15 11.22 8.73 2.49 -4.49 0.1 0.08 1.53 1.19 1
5.95 10.63 -4.68 -0.32 0.09 0.16 0.83 1.47 6.82 16.38 -9.56 7.56 0.1 0.23 0.95 2.28 2
12.68 5.78 6.9 -3.9 0.14 0.06 1.76 0.8 8.77 16.58 -7.81 3.81 0.09 0.18 1.19 2.24 2
1.21 0.14 1.07 -1.07 0.08 0.01 1.17 0.14 2.88 0.85 2.03 0.97 0.13 0.04 2.82 0.83 1
0.08 1.15 -1.07 2.07 0.04 0.58 0.08 1.15 0.99 2.43 -1.44 -0.56 0.11 0.27 0.96 2.35 1
0.83 0.4 0.43 -1.43 0.12 0.06 0.8 0.39 1.25 0.9 0.35 0.65 0.18 0.13 1.25 0.9 1
1.47 1.36 0.11 0.89 0.25 0.23 1.47 1.36 0.26 1.68 -1.42 0.42 0.03 0.17 0.26 1.68 1
1.36 1.47 -0.11 -0.89 0.1 0.11 1.36 1.47 0.14 1.21 -1.07 1.07 0.03 0.24 0.14 1.17 3
2.43 0.99 1.44 0.56 0.14 0.06 2.35 0.96 1.15 0.08 1.07 -2.07 0.08 0.01 1.15 0.08 2
0.85 2.88 -2.03 -0.97 0.09 0.29 0.83 2.82 1.68 0.26 1.42 -0.42 0.21 0.03 1.68 0.26 2
0.9 1.25 -0.35 -0.65 0.08 0.11 0.9 1.25 0.4 0.83 -0.43 1.43 0.05 0.1 0.39 0.8 1
1.43 2.64 -1.21 -0.79 0.1 0.18 0.71 1.31 1.09 2.97 -1.88 -4.12 0.07 0.19 0.52 1.42 2
3.11 3.05 0.06 1.94 0.1 0.1 1.52 1.49 3.04 3.12 -0.08 -1.92 0.12 0.12 1.5 1.54 1
1.79 2.89 -1.1 2.1 0.14 0.22 0.87 1.41 2.57 0.58 1.99 0.01 0.14 0.03 1.25 0.28 3
1.07 3.45 -2.38 -0.62 0.05 0.16 0.53 1.71 0.71 1.7 -0.99 0.99 0.04 0.1 0.35 0.83 1
2.25 0.48 1.77 -0.77 0.12 0.03 1.13 0.24 2.77 1.95 0.82 1.18 0.12 0.08 1.35 0.95 3
0.62 1.25 -0.63 5.63 0.06 0.13 0.3 0.61 3.41 0.37 3.04 -2.04 0.14 0.02 1.66 0.18 3
2.11 0.42 1.69 -2.69 0.08 0.02 1.05 0.21 1.76 3.46 -1.7 -2.3 0.1 0.19 0.87 1.7 3
1.77 1.56 0.21 -0.21 0.06 0.05 0.88 0.77 3.25 2.86 0.39 3.61 0.19 0.17 1.6 1.41 1
4.84 1.04 3.8 1.2 0.16 0.03 1.57 0.34 2.4 1.96 0.44 0.56 0.05 0.04 0.77 0.63 2
3.44 3.37 0.07 2.93 0.09 0.09 1.12 1.09 1.93 3.7 -1.77 -0.23 0.08 0.16 0.64 1.22 3
3.36 3.45 -0.09 -2.91 0.11 0.11 1.1 1.13 1.09 4.31 -3.22 -2.78 0.07 0.27 0.34 1.35 1
2.77 2.64 0.13 -2.13 0.08 0.08 0.89 0.85 1.99 2.45 -0.46 -0.54 0.06 0.08 0.64 0.79 1
3.34 2.83 0.51 -1.51 0.09 0.08 1.08 0.92 0.82 2.56 -1.74 5.74 0.04 0.13 0.27 0.84 1
2.25 5.16 -2.91 0.91 0.1 0.22 0.73 1.67 2.35 0.59 1.76 -4.76 0.06 0.02 0.78 0.2 2
3.65 3.49 0.16 2.84 0.14 0.13 1.17 1.12 1.82 4.73 -2.91 0.91 0.06 0.14 0.59 1.54 1
5.12 3.04 2.08 1.92 0.17 0.1 1.63 0.97 4.72 0.57 4.15 -2.15 0.12 0.02 1.54 0.19 3
4.81 0.82 3.99 -6.99 0.09 0.02 1.19 0.2 6.89 4.82 2.07 1.93 0.18 0.12 1.65 1.16 1
2.16 4.04 -1.88 -2.12 0.06 0.12 0.52 0.97 4.34 4.24 0.1 -1.1 0.1 0.1 1.06 1.04 2
3.3 4.3 -1 1 0.1 0.13 0.81 1.05 5.43 1.68 3.75 1.25 0.14 0.04 1.33 0.41 1
4.36 2.81 1.55 -0.55 0.09 0.06 1.04 0.67 5.81 1.74 4.07 -1.07 0.12 0.03 1.42 0.43 1
3.15 7.97 -4.82 1.82 0.07 0.19 0.76 1.93 6.29 4.13 2.16 0.84 0.13 0.09 1.51 0.99 3
1.88 5.29 -3.41 -4.59 0.07 0.2 0.45 1.25 2.48 7.62 -5.14 3.14 0.09 0.27 0.6 1.84 3
3.04 2.55 0.49 0.51 0.06 0.05 0.74 0.62 5.51 3.59 1.92 -1.92 0.12 0.08 1.34 0.88 1
1.58 4.73 -3.15 6.15 0.05 0.16 0.39 1.16 4.04 4.74 -0.7 1.7 0.07 0.09 0.98 1.15 2
6.93 3.29 3.64 -1.64 0.12 0.06 1.35 0.64 4.69 10.45 -5.76 0.76 0.09 0.19 0.91 2.02 3
4.03 4.63 -0.6 1.6 0.1 0.12 0.79 0.9 5.91 3.93 1.98 0.02 0.09 0.06 1.13 0.75 3
8.77 5.67 3.1 1.9 0.14 0.09 1.68 1.09 5.29 5.53 -0.24 1.24 0.07 0.08 1.02 1.07 2
3.53 8.09 -4.56 3.56 0.1 0.24 0.69 1.57 3.71 3.57 0.14 1.86 0.06 0.06 0.73 0.7 3
5.55 4.5 1.05 -2.05 0.11 0.09 1.09 0.88 2.37 5.98 -3.61 6.61 0.06 0.14 0.46 1.17 3
6.53 4.26 2.27 -3.27 0.1 0.07 1.28 0.83 5.26 1.48 3.78 -5.78 0.09 0.02 1.03 0.29 2
2.35 6.34 -3.99 -5.01 0.06 0.17 0.45 1.21 2.42 5.25 -2.83 -1.17 0.05 0.11 0.47 1.01 2
7.55 5.27 2.28 0.72 0.16 0.11 1.45 1.01 5.76 2.41 3.35 0.65 0.1 0.04 1.12 0.47 1
4.74 4.84 -0.1 0.1 0.09 0.09 0.77 0.78 3.57 7.45 -3.88 -5.12 0.06 0.13 0.57 1.19 2
3.53 6.47 -2.94 -1.06 0.06 0.12 0.57 1.04 8.95 4.58 4.37 -5.37 0.11 0.06 1.45 0.74 1
6.12 4.64 1.48 1.52 0.08 0.06 0.97 0.74 10.04 5.3 4.74 3.26 0.15 0.08 1.61 0.85 1
5.79 4.9 0.89 -1.89 0.1 0.09 0.94 0.79 5.98 12.47 -6.49 4.49 0.09 0.19 0.96 2 1
5.02 8.99 -3.97 1.97 0.11 0.2 0.81 1.45 7.14 6.08 1.06 -2.06 0.1 0.08 1.16 0.99 3
6.57 7.41 -0.84 -2.16 0.1 0.11 1.07 1.2 9.81 7.41 2.4 2.6 0.15 0.11 1.56 1.18 3
7.03 6.57 0.46 0.54 0.07 0.07 1.13 1.05 7.08 2.09 4.99 -6.99 0.1 0.03 1.16 0.34 3
4.61 5.06 -0.45 3.45 0.06 0.07 0.75 0.82 5.28 7 -1.72 6.72 0.09 0.13 0.85 1.13 3
5.16 8.43 -3.27 0.27 0.07 0.12 0.71 1.16 5.21 5.34 -0.13 0.13 0.08 0.09 0.72 0.74 2
6.24 14.76 -8.52 4.52 0.08 0.2 0.86 2.04 7.6 8.57 -0.97 -3.03 0.09 0.1 1.05 1.18 3
8.76 7.23 1.53 -0.53 0.1 0.08 1.22 1 8.44 5.74 2.7 1.3 0.09 0.06 1.15 0.79 3
4.07 7.92 -3.85 -5.15 0.06 0.12 0.56 1.08 8.42 9.33 -0.91 -1.09 0.07 0.08 1.16 1.28 3
5.94 8.81 -2.87 8.87 0.1 0.14 0.82 1.21 10.97 8.44 2.53 3.47 0.14 0.11 1.49 1.15 3
11.14 7.62 3.52 3.48 0.15 0.1 1.54 1.05 6.17 10.61 -4.44 0.44 0.11 0.19 0.85 1.46 1
9.84 3.48 6.36 -5.36 0.13 0.05 1.37 0.49 8.08 5.16 2.92 -1.92 0.12 0.07 1.12 0.72 1
10.91 6.21 4.7 -6.7 0.12 0.07 1.51 0.86 6.42 5.72 0.7 1.3 0.07 0.06 0.88 0.79 1
