0.37 0.95 -0.58 1.58 0.07 0.19 0.37 0.95 1.5 0.51 0.99 1.01 0.11 0.04 1.47 0.5 1
1.54 0.88 0.66 -1.66 0.14 0.08 1.54 0.88 3.47 0.28 3.19 -0.19 0.32 0.03 3.47 0.28 3
0.51 1.5 -0.99 -1.01 0.05 0.15 0.5 1.47 1.22 2.8 -1.58 0.58 0.07 0.16 1.18 2.71 3
0.28 3.47 -3.19 0.19 0.05 0.58 0.28 3.47 0.95 0.37 0.58 -1.58 0.06 0.02 0.95 0.37 2
2.8 1.22 1.58 -0.58 0.35 0.15 2.71 1.18 1.84 2.62 -0.78 -1.22 0.12 0.17 1.8 2.56 1
2.62 1.84 0.78 1.22 0.24 0.17 2.56 1.8 2.49 0.49 2 0 0.17 0.03 2.41 0.47 2
0.49 2.49 -2 0 0.06 0.31 0.47 2.41 3.2 1.96 1.24 -2.24 0.21 0.13 3.1 1.9 1
1.53 0.19 1.34 0.66 0.1 0.01 1.43 0.18 0.88 1.54 -0.66 1.66 0.08 0.14 0.88 1.54 2
0.53 3.39 -2.86 -1.14 0.11 0.68 0.52 3.32 0.19 1.53 -1.34 -0.66 0.03 0.26 0.18 1.43 1
1.96 3.2 -1.24 2.24 0.18 0.29 1.9 3.1 3.39 0.53 2.86 1.14 0.16 0.03 3.32 0.52 1
2.84 1.48 1.36 -0.36 0.09 0.05 1.39 0.72 2.3 0.61 1.69 0.31 0.09 0.02 1.11 0.29 1
6.84 1.81 5.03 -0.03 0.24 0.06 3.36 0.89 3.61 2.59 1.02 -3.02 0.16 0.12 1.76 1.26 1
2.09 6.16 -4.07 0.07 0.1 0.28 1.03 3.03 1.63 4.23 -2.6 -0.4 0.09 0.24 0.79 2.06 2
1.47 3.91 -2.44 2.44 0.06 0.16 0.72 1.92 1.3 2.31 -1.01 2.01 0.07 0.12 0.65 1.15 2
1.71 1.72 -0.01 -0.99 0.06 0.06 0.83 0.84 6.34 1.47 4.87 -1.87 0.3 0.07 3.1 0.72 3
1.62 1.75 -0.13 -2.87 0.08 0.08 0.8 0.87 1.34 2.29 -0.95 2.95 0.11 0.19 0.66 1.13 1
2.17 4.33 -2.16 -0.84 0.12 0.24 1.03 2.06 3.32 4.24 -0.92 3.92 0.13 0.17 1.58 2.02 1
3.29 1.96 1.33 0.67 0.11 0.07 1.6 0.95 3.07 4.25 -1.18 -1.82 0.15 0.21 1.51 2.09 1
1.13 3.17 -2.04 -0.96 0.06 0.17 0.53 1.48 4.09 2.64 1.45 0.55 0.2 0.13 2 1.29 1
4.43 1.89 2.54 -0.54 0.14 0.06 2.12 0.9 1.12 2.9 -1.78 0.78 0.09 0.22 0.54 1.41 2
5.02 1.66 3.36 -0.36 0.09 0.03 1.63 0.54 3.66 4.06 -0.4 -4.6 0.08 0.09 1.18 1.31 3
3.62 6.65 -3.03 5.03 0.11 0.21 1.16 2.13 9.61 3.24 6.37 0.63 0.23 0.08 3.13 1.06 3
8.68 3.42 5.26 1.74 0.3 0.12 2.81 1.11 1.93 5.66 -3.73 0.73 0.09 0.27 0.61 1.79 3
3.67 6.21 -2.54 -3.46 0.12 0.21 1.2 2.03 4.58 4.63 -0.05 -1.95 0.18 0.18 1.47 1.48 3
2.48 2.79 -0.31 0.31 0.08 0.08 0.79 0.89 3.52 6.46 -2.94 -1.06 0.09 0.17 1.12 2.06 3
5.04 5.36 -0.32 -3.68 0.15 0.16 1.63 1.74 5.25 2.56 2.69 2.31 0.13 0.06 1.71 0.83 1
2.21 4.15 -1.94 0.94 0.12 0.22 0.72 1.35 1.69 4.09 -2.4 2.4 0.05 0.11 0.55 1.33 3
1.48 2.53 -1.05 2.05 0.06 0.11 0.49 0.83 3.48 2.62 0.86 -0.86 0.1 0.07 1.13 0.85 2
3.06 4.59 -1.53 0.53 0.15 0.23 1 1.5 4.33 4.43 -0.1 -1.9 0.13 0.13 1.37 1.4 1
5.35 5.84 -0.49 1.49 0.16 0.18 1.74 1.9 6.12 3.83 2.29 -0.29 0.14 0.09 1.97 1.24 3
4.33 7.27 -2.94 -1.06 0.08 0.14 1.04 1.74 5.27 5.09 0.18 0.82 0.15 0.15 1.28 1.23 1
11.19 4.53 6.66 2.34 0.23 0.09 2.7 1.09 2.33 2.82 -0.49 1.49 0.06 0.07 0.57 0.69 1
3.34 6.63 -3.29 2.29 0.12 0.23 0.8 1.58 8.23 2.33 5.9 -3.9 0.1 0.03 1.98 0.56 2
9.65 4.83 4.82 0.18 0.23 0.12 2.33 1.17 5.73 7.1 -1.37 -1.63 0.15 0.18 1.4 1.74 3
2.83 5.48 -2.65 3.65 0.06 0.12 0.69 1.34 4.17 4.15 0.02 -1.02 0.1 0.1 1 0.99 2
3.77 3.47 0.3 -0.3 0.08 0.08 0.91 0.84 6.99 3.25 3.74 0.26 0.12 0.06 1.71 0.8 3
5.67 6.06 -0.39 -0.61 0.18 0.2 1.37 1.47 7.78 7.12 0.66 -0.66 0.19 0.17 1.91 1.75 2
4.88 8.15 -3.27 0.27 0.09 0.16 1.16 1.95 3.6 5.29 -1.69 -0.31 0.1 0.15 0.88 1.29 2
4.83 6.64 -1.81 -2.19 0.12 0.16 1.14 1.57 4.91 8.23 -3.32 3.32 0.11 0.19 1.17 1.96 2
7.4 6.26 1.14 1.86 0.13 0.11 1.8 1.52 5.1 7.3 -2.2 -4.8 0.1 0.15 1.25 1.8 1
8.45 8.3 0.15 -0.15 0.16 0.15 1.66 1.63 6.65 9.02 -2.37 2.37 0.11 0.15 1.27 1.72 2
10.86 4.9 5.96 -0.96 0.14 0.07 2.12 0.95 5.64 8.94 -3.3 0.3 0.09 0.14 1.08 1.71 1
4.76 4.37 0.39 -1.39 0.1 0.09 0.91 0.84 5.42 7.34 -1.92 0.92 0.1 0.14 1.05 1.42 1
3.22 5.69 -2.47 -0.53 0.06 0.11 0.63 1.11 5.15 8.42 -3.27 2.27 0.11 0.18 0.98 1.6 1
4.39 6.05 -1.66 -0.34 0.1 0.14 0.86 1.18 11.81 6.64 5.17 -2.17 0.21 0.12 2.27 1.28 2
3.05 6.07 -3.02 4.02 0.06 0.11 0.59 1.18 5.88 8.29 -2.41 -0.59 0.09 0.13 1.14 1.6 1
7.54 9.26 -1.72 0.72 0.14 0.17 1.46 1.8 6.85 6.73 0.12 -1.12 0.16 0.16 1.33 1.31 2
6.29 6.64 -0.35 0.35 0.14 0.15 1.23 1.3 14.06 5.42 8.64 4.36 0.22 0.09 2.72 1.05 3
5.12 9.26 -4.14 -6.86 0.1 0.18 1.01 1.83 5.62 8.38 -2.76 -1.24 0.1 0.15 1.07 1.59 3
10.02 4.14 5.88 -3.88 0.1 0.04 1.92 0.79 9.36 6.28 3.08 3.92 0.13 0.09 1.83 1.23 1
6.72 9.57 -2.85 -1.15 0.09 0.13 1.07 1.53 6.22 9.7 -3.48 -0.52 0.09 0.13 1 1.56 3
10.19 9.02 1.17 -1.17 0.15 0.13 1.66 1.47 8.24 9.7 -1.46 0.46 0.12 0.14 1.33 1.57 3
7.29 7.43 -0.14 -0.86 0.15 0.15 1.18 1.2 6.71 6.43 0.28 -2.28 0.09 0.09 1.08 1.04 3
7.37 10.76 -3.39 3.39 0.11 0.16 1.17 1.71 7.09 10.11 -3.02 -9.98 0.11 0.15 1.16 1.65 2
12.01 8.02 3.99 -0.99 0.2 0.13 1.93 1.29 13.53 5.15 8.38 -4.38 0.12 0.05 2.17 0.82 3
6.47 10.35 -3.88 1.88 0.1 0.16 1.02 1.63 11.49 5.98 5.51 0.49 0.13 0.07 1.86 0.97 1
10.37 9.79 0.58 4.42 0.13 0.12 1.69 1.6 5.9 5.04 0.86 0.14 0.09 0.08 0.95 0.81 1
6.09 8.48 -2.39 -0.61 0.1 0.14 0.98 1.37 7.15 8.91 -1.76 -0.24 0.13 0.16 1.16 1.44 1
5.89 11.91 -6.02 4.02 0.1 0.21 0.93 1.88 4.46 6.41 -1.95 3.95 0.07 0.1 0.72 1.04 2
16.33 6.28 10.05 4.95 0.21 0.08 2.62 1.01 5.77 6.25 -0.48 -1.52 0.1 0.11 0.94 1.01 1
8.69 7.16 1.53 -2.53 0.1 0.08 1.2 0.99 10.9 9.32 1.58 -2.58 0.15 0.13 1.53 1.3 1
7.27 10.87 -3.6 0.6 0.09 0.13 1.01 1.51 20.51 6.72 13.79 4.21 0.22 0.07 2.82 0.92 3
6.54 6.66 -0.12 0.12 0.09 0.09 0.9 0.92 13.64 11.22 2.42 -2.42 0.16 0.13 1.88 1.54 1
6.21 10.43 -4.22 -0.78 0.1 0.16 0.86 1.45 7.7 12.87 -5.17 4.17 0.11 0.18 1.04 1.74 2
16.73 6.78 9.95 -2.95 0.13 0.05 2.3 0.93 7.89 10.62 -2.73 -2.27 0.1 0.13 1.09 1.46 2
6.77 14.21 -7.44 5.44 0.1 0.21 0.92 1.93 6.77 10.41 -3.64 1.64 0.09 0.14 0.94 1.44 1
8.54 10.41 -1.87 1.87 0.12 0.14 1.19 1.45 7.57 11.04 -3.47 -9.53 0.1 0.14 1.05 1.53 3
9.08 9.59 -0.51 -2.49 0.12 0.13 1.26 1.33 8.02 9.41 -1.39 -0.61 0.11 0.13 1.12 1.31 2
6.76 7.29 -0.53 2.53 0.09 0.09 0.94 1.01 8.3 11.24 -2.94 2.94 0.11 0.15 1.13 1.52 1
14.01 7.21 6.8 -1.8 0.14 0.07 1.93 1 11.99 10.43 1.56 4.44 0.13 0.11 1.67 1.46 1
8.63 11.52 -2.89 0.89 0.12 0.15 1.04 1.39 7.53 15.1 -7.57 1.57 0.08 0.16 0.91 1.83 2
17.28 7.41 9.87 -1.87 0.15 0.06 2.09 0.9 11.22 9.98 1.24 -0.24 0.11 0.1 1.36 1.21 1
8.72 13.76 -5.04 2.04 0.1 0.16 1.02 1.62 6.58 10.57 -3.99 -1.01 0.09 0.15 0.8 1.28 2
9.07 11.37 -2.3 -9.7 0.1 0.13 1.1 1.38 9.28 7.71 1.57 3.43 0.1 0.08 1.12 0.93 2
8.87 11.91 -3.04 2.04 0.11 0.14 1.08 1.45 8.31 7.51 0.8 2.2 0.1 0.09 1 0.91 2
6.88 11.51 -4.63 1.63 0.09 0.14 0.83 1.39 14.49 12.99 1.5 -4.5 0.14 0.13 1.75 1.57 1
7.84 13.24 -5.4 4.4 0.1 0.17 0.93 1.57 9.35 13.35 -4 -1 0.09 0.13 1.12 1.59 1
13.72 11.85 1.87 -4.87 0.15 0.13 1.68 1.45 11.19 10.2 0.99 -3.99 0.12 0.11 1.35 1.23 3
12.19 13.7 -1.51 4.51 0.12 0.14 1.49 1.67 7.87 14.32 -6.45 5.45 0.1 0.18 0.94 1.7 1
24.74 6.98 17.76 3.24 0.22 0.06 2.98 0.84 19.46 8.24 11.22 -4.22 0.13 0.05 2.32 0.98 1
21.05 13.23 7.82 -5.82 0.13 0.08 2.24 1.41 9.65 14.83 -5.18 2.18 0.1 0.15 1.01 1.55 1
29.73 8.57 21.16 4.84 0.24 0.07 3.19 0.92 7.11 12.05 -4.94 2.94 0.08 0.14 0.76 1.29 1
9.76 9.37 0.39 2.61 0.11 0.11 1.04 1 14.15 13.19 0.96 -4.96 0.14 0.13 1.54 1.44 1
7.65 11.5 -3.85 -1.15 0.1 0.15 0.82 1.24 10.73 13.36 -2.63 1.63 0.1 0.13 1.15 1.44 2
9.67 14.85 -5.18 -2.82 0.09 0.13 1.03 1.58 9.49 12.09 -2.6 0.6 0.11 0.14 1.02 1.3 1
15.03 13.22 1.81 -5.81 0.14 0.12 1.61 1.42 18.06 8.32 9.74 0.26 0.14 0.07 1.95 0.9 3
8.57 16.57 -8 5 0.1 0.19 0.91 1.75 9.95 12.92 -2.97 -9.03 0.1 0.13 1.07 1.39 2
10.83 8.59 2.24 2.76 0.1 0.08 1.16 0.92 9.34 13.56 -4.22 6.22 0.1 0.15 0.99 1.44 1
12.13 10.76 1.37 -2.37 0.11 0.1 1.31 1.16 12.53 10.63 1.9 -3.9 0.12 0.1 1.35 1.15 2
8.1 15.96 -7.86 1.86 0.08 0.16 0.87 1.72 14.44 14.4 0.04 4.96 0.13 0.13 1.56 1.56 3
10.5 16.76 -6.26 1.26 0.09 0.14 0.99 1.59 13.66 12.74 0.92 -1.92 0.12 0.11 1.32 1.23 2
12.51 14.67 -2.16 1.16 0.1 0.12 1.21 1.42 22.98 14.08 8.9 -4.9 0.13 0.08 2.21 1.35 3
9.74 14.91 -5.17 -0.83 0.11 0.17 0.95 1.45 12.72 9.3 3.42 3.58 0.11 0.08 1.22 0.9 3
15.4 13.95 1.45 -6.45 0.14 0.12 1.51 1.37 16.43 15.35 1.08 -6.08 0.13 0.12 1.59 1.49 2
20.19 9.72 10.47 0.53 0.15 0.07 1.96 0.94 9.39 16.91 -7.52 4.52 0.1 0.19 0.9 1.61 1
10.29 13.74 -3.45 -8.55 0.1 0.13 1 1.33 10.52 10.62 -0.1 4.1 0.11 0.11 1.01 1.02 2
7.5 13.9 -6.4 -0.6 0.08 0.15 0.73 1.35 12.49 15.1 -2.61 -1.39 0.1 0.12 1.2 1.46 3
14.51 12.16 2.35 -4.35 0.12 0.1 1.41 1.18 8.96 13.28 -4.32 -0.68 0.1 0.15 0.87 1.29 3
10.05 15.45 -5.4 5.4 0.1 0.15 0.96 1.47 8.89 16.76 -7.87 0.87 0.08 0.14 0.86 1.63 3
15.24 15.19 0.05 5.95 0.12 0.12 1.48 1.48 31.58 8.96 22.62 8.38 0.22 0.06 3.06 0.87 3
32.91 9.3 23.61 9.39 0.22 0.06 2.89 0.82 21.2 9.92 11.28 0.72 0.15 0.07 1.88 0.88 1
25.52 14.74 10.78 -5.78 0.14 0.08 2.23 1.29 11.34 16.84 -5.5 4.5 0.09 0.13 0.98 1.46 2
12 11.6 0.4 3.6 0.11 0.11 1.05 1.02 10.96 17.36 -6.4 -2.6 0.11 0.17 0.97 1.53 2
9.27 13.87 -4.6 1.6 0.1 0.15 0.82 1.22 16.14 14.72 1.42 -6.42 0.13 0.12 1.44 1.31 1
10.28 18.05 -7.77 1.77 0.08 0.14 0.9 1.59 8.12 15.98 -7.86 -0.14 0.07 0.14 0.71 1.41 1
17.2 16.09 1.11 -6.11 0.12 0.11 1.52 1.42 12.13 18.38 -6.25 1.25 0.09 0.14 1.04 1.58 3
9.59 17.92 -8.33 4.33 0.1 0.19 0.83 1.56 15.1 12.47 2.63 -6.63 0.11 0.09 1.33 1.1 3
14.57 15.72 -1.15 -1.85 0.1 0.11 1.28 1.38 11.27 15.22 -3.95 -8.05 0.1 0.13 0.99 1.34 1
15.28 14.37 0.91 -1.91 0.12 0.11 1.34 1.26 13.17 17.21 -4.04 2.04 0.1 0.13 1.16 1.51 1
15.17 10.52 4.65 5.35 0.11 0.07 1.33 0.92 15.58 16.52 -0.94 4.94 0.12 0.12 1.37 1.46 1
22.06 12.52 9.54 1.46 0.15 0.08 1.79 1.02 13.01 12.35 0.66 3.34 0.1 0.1 1.05 0.99 2
11.36 17.88 -6.52 -10.48 0.1 0.15 0.92 1.45 25.72 15.44 10.28 -5.28 0.14 0.08 2.06 1.24 3
18 16.28 1.72 -1.72 0.12 0.11 1.44 1.3 10.34 14.51 -4.17 2.17 0.1 0.14 0.84 1.18 1
13.77 19.97 -6.2 5.2 0.09 0.14 1.09 1.58 11.49 18.7 -7.21 2.21 0.08 0.14 0.93 1.51 3
15.08 19.93 -4.85 1.85 0.1 0.14 1.21 1.6 16.16 11.95 4.21 8.79 0.1 0.08 1.3 0.96 1
11.71 18.37 -6.66 -2.34 0.11 0.17 0.95 1.49 8.77 17.19 -8.42 -0.58 0.07 0.14 0.71 1.39 3
12.04 17.04 -5 4 0.08 0.12 0.96 1.36 11.13 20.72 -9.59 4.59 0.11 0.2 0.88 1.65 2
17.01 17.51 -0.5 1.5 0.12 0.12 1.38 1.42 18.79 17.73 1.06 -10.06 0.12 0.11 1.52 1.43 1
17.9 14.01 3.89 -6.89 0.12 0.09 1.44 1.12 17.23 15.81 1.42 0.58 0.11 0.1 1.38 1.27 2
16.78 15.79 0.99 -6.99 0.13 0.13 1.38 1.29 35.51 10.16 25.35 8.65 0.21 0.06 2.86 0.82 3
27.09 16.59 10.5 -3.5 0.13 0.08 2.01 1.23 19.08 16.98 2.1 -0.1 0.12 0.11 1.41 1.25 1
39.88 12.09 27.79 10.21 0.22 0.07 2.97 0.9 13.3 18.82 -5.52 -4.48 0.1 0.15 0.99 1.4 1
19.26 19.94 -0.68 -10.32 0.11 0.12 1.44 1.49 13.35 17.56 -4.21 3.21 0.08 0.11 0.98 1.29 2
17.37 17.26 0.11 1.89 0.11 0.11 1.29 1.28 15.86 20.15 -4.29 2.29 0.1 0.13 1.18 1.5 2
13.12 13.65 -0.53 4.53 0.1 0.11 0.98 1.01 14.72 21.43 -6.71 4.71 0.09 0.14 1.07 1.56 3
11.65 22.03 -10.38 5.38 0.1 0.19 0.86 1.62 18.71 20.16 -1.45 -8.55 0.13 0.14 1.42 1.53 3
11.04 15.59 -4.55 0.55 0.1 0.14 0.82 1.16 12.51 19.25 -6.74 -12.26 0.1 0.15 0.93 1.44 1
16.38 12.73 3.65 8.35 0.1 0.08 1.22 0.94 19.35 14.15 5.2 -8.2 0.12 0.09 1.43 1.05 2
12.95 19.65 -6.7 2.7 0.09 0.13 0.96 1.46 23.36 12.63 10.73 0.27 0.14 0.07 1.75 0.95 1
9.22 18.78 -9.56 1.56 0.07 0.14 0.69 1.4 19.22 17.98 1.24 1.76 0.12 0.11 1.43 1.34 3
19.71 17.64 2.07 -1.07 0.12 0.1 1.35 1.21 18.64 18.09 0.55 1.45 0.1 0.1 1.28 1.25 1
23.57 13.22 10.35 -1.35 0.13 0.07 1.64 0.92 27.75 17.22 10.53 -2.53 0.13 0.08 1.91 1.18 2
19.57 20.95 -1.38 -7.62 0.13 0.14 1.38 1.47 18.72 14.26 4.46 7.54 0.11 0.08 1.29 0.98 3
16.69 21.42 -4.73 2.73 0.1 0.13 1.15 1.48 12.44 22.89 -10.45 4.45 0.1 0.19 0.85 1.57 2
13.52 19.74 -6.22 -13.78 0.1 0.15 0.94 1.37 13.54 19.86 -6.32 4.32 0.09 0.12 0.94 1.37 2
15.57 22.35 -6.78 5.78 0.09 0.13 1.06 1.52 10.61 21.43 -10.82 0.82 0.08 0.15 0.73 1.48 1
13.73 20.09 -6.36 -4.64 0.1 0.15 0.95 1.39 19.95 20.35 -0.4 -10.6 0.11 0.11 1.39 1.41 2
20.88 16.49 4.39 -7.39 0.12 0.09 1.43 1.13 14.04 14.5 -0.46 3.46 0.1 0.1 0.97 1 3
21.87 19.37 2.5 2.5 0.12 0.11 1.52 1.34 11.53 16.6 -5.07 2.07 0.09 0.13 0.8 1.15 2
13.76 18.25 -4.49 3.49 0.08 0.11 0.94 1.25 41.15 12.52 28.63 10.37 0.21 0.06 2.84 0.86 2
13.91 20.76 -6.85 4.85 0.08 0.12 0.9 1.34 17.69 22.43 -4.74 2.74 0.1 0.13 1.14 1.45 2
10.88 23.42 -12.54 -0.46 0.07 0.16 0.7 1.51 20.13 21.65 -1.52 -8.48 0.12 0.13 1.32 1.42 3
19.42 14.82 4.6 8.4 0.1 0.08 1.25 0.96 24.16 15.34 8.82 0.18 0.13 0.08 1.56 0.99 3
21.42 21 0.42 -11.42 0.11 0.11 1.39 1.36 14.42 20.11 -5.69 -14.31 0.1 0.14 0.94 1.3 1
14.8 20.3 -5.5 4.5 0.08 0.11 0.95 1.3 21.57 18.12 3.45 0.55 0.12 0.1 1.38 1.16 1
19.12 19.95 -0.83 -0.17 0.1 0.1 1.23 1.28 22.38 19.63 2.75 2.25 0.12 0.1 1.45 1.27 1
29.87 17.81 12.06 -4.06 0.13 0.08 1.91 1.14 21.22 18.99 2.23 -8.23 0.11 0.1 1.36 1.22 3
13.45 23.89 -10.44 4.44 0.1 0.19 0.86 1.52 17.56 22.62 -5.06 7.06 0.1 0.12 1.12 1.44 3
11.79 17.11 -5.32 2.32 0.09 0.13 0.77 1.11 14.38 21.56 -7.18 -3.82 0.1 0.14 0.93 1.39 3
16.54 14.84 1.7 4.3 0.11 0.1 1.07 0.96 43.2 13.56 29.64 9.36 0.21 0.07 2.78 0.87 2
22.3 21.09 1.21 -5.21 0.11 0.1 1.34 1.27 21.69 21.96 -0.27 -9.73 0.11 0.11 1.32 1.33 1
15.38 20.38 -5 -16 0.1 0.13 0.93 1.24 11.58 25.32 -13.74 -1.26 0.07 0.16 0.7 1.53 3
17.53 17.14 0.39 5.61 0.11 0.11 1.06 1.03 14.57 26.68 -12.11 5.11 0.1 0.19 0.87 1.6 2
25.98 16.18 9.8 0.2 0.13 0.08 1.58 0.98 13.54 18.83 -5.29 1.29 0.09 0.12 0.82 1.14 2
18.18 24.18 -6 4 0.1 0.13 1.1 1.46 17.1 22.72 -5.62 5.62 0.08 0.11 1.02 1.36 3
16.1 23.31 -7.21 -2.79 0.1 0.15 0.97 1.4 31.97 18.89 13.08 -7.08 0.13 0.08 1.92 1.14 2
20.35 23.74 -3.39 6.39 0.1 0.12 1.21 1.42 20.72 21.65 -0.93 0.93 0.1 0.11 1.25 1.31 1
22.03 22.35 -0.32 -7.68 0.13 0.13 1.35 1.37 15.66 21.25 -5.59 3.59 0.09 0.12 0.95 1.28 2
23.99 20.42 3.57 -0.57 0.12 0.1 1.43 1.22 24.08 21.23 2.85 1.15 0.12 0.11 1.47 1.29 1
45.5 14.55 30.95 8.05 0.21 0.07 2.74 0.88 20.26 16.64 3.62 8.38 0.1 0.08 1.23 1.01 1
14.81 20.68 -5.87 1.87 0.09 0.13 0.84 1.18 18.9 17.62 1.28 4.72 0.11 0.1 1.07 1 1
20.79 24.26 -3.47 7.47 0.1 0.11 1.17 1.36 27.83 17.45 10.38 -0.38 0.13 0.08 1.59 0.99 3
16.68 21.81 -5.13 3.13 0.09 0.12 0.95 1.24 25.76 21.15 4.61 -0.61 0.12 0.1 1.45 1.19 2
33.38 19.81 13.57 -7.57 0.12 0.07 1.88 1.12 22.59 23.37 -0.78 -7.22 0.13 0.13 1.31 1.35 1
15.05 28.05 -13 6 0.1 0.19 0.85 1.58 17.02 24.72 -7.7 -2.3 0.11 0.15 0.96 1.39 1
13.57 26.98 -13.41 -0.59 0.08 0.16 0.77 1.53 20.54 24.6 -4.06 1.06 0.1 0.12 1.17 1.4 2
21.24 22.09 -0.85 -0.15 0.1 0.1 1.21 1.25 20.61 19.3 1.31 6.69 0.09 0.09 1.17 1.1 1
17.04 22.37 -5.33 -16.67 0.1 0.13 0.97 1.28 24.06 21.75 2.31 -4.31 0.11 0.1 1.37 1.24 1
24.81 23 1.81 1.19 0.12 0.11 1.42 1.32 17.52 25.08 -7.56 8.56 0.08 0.12 0.99 1.41 1
22.35 23.72 -1.37 -10.63 0.1 0.11 1.28 1.36 48.16 14.9 33.26 9.74 0.2 0.06 2.73 0.84 3
19.82 18.13 1.69 3.31 0.11 0.1 1.07 0.97 20.14 23.47 -3.33 1.33 0.1 0.11 1.08 1.26 1
21.12 21.09 0.03 5.97 0.09 0.09 1.13 1.13 35.86 19.91 15.95 -6.95 0.12 0.07 1.92 1.06 2
25.39 22.33 3.06 -6.06 0.11 0.09 1.37 1.2 22.29 25.57 -3.28 6.28 0.1 0.11 1.18 1.35 1
29.14 18.95 10.19 0.81 0.13 0.09 1.56 1.02 18.26 25.81 -7.55 -3.45 0.11 0.15 0.97 1.37 3
51.03 15.18 35.85 11.15 0.2 0.06 2.73 0.81 23.03 22.6 0.43 0.57 0.1 0.1 1.23 1.21 1
27.42 24.61 2.81 1.19 0.12 0.11 1.46 1.31 22.63 26.59 -3.96 -12.04 0.1 0.12 1.22 1.44 1
20.88 26.34 -5.46 2.46 0.1 0.13 1.12 1.42 26.9 23.19 3.71 0.29 0.11 0.1 1.46 1.26 2
22.69 25.85 -3.16 -7.84 0.12 0.14 1.24 1.41 17.62 23.7 -6.08 -14.92 0.1 0.13 0.95 1.28 3
15.32 21.6 -6.28 3.28 0.09 0.13 0.82 1.16 16.14 29.29 -13.15 7.15 0.1 0.19 0.86 1.55 2
17.71 27.17 -9.46 9.46 0.08 0.13 0.94 1.45 15.31 27.32 -12.01 -1.99 0.08 0.14 0.82 1.47 2
16.62 30.57 -13.95 7.95 0.1 0.19 0.84 1.54 30.12 20.71 9.41 0.59 0.13 0.09 1.53 1.05 3
36.59 20.74 15.85 -6.85 0.12 0.07 1.85 1.05 16.6 22.08 -5.48 2.48 0.09 0.12 0.85 1.12 2
15.76 27.84 -12.08 -1.92 0.08 0.14 0.8 1.42 52.77 15.47 37.3 10.7 0.19 0.06 2.68 0.79 3
18.85 23.93 -5.08 -13.92 0.1 0.13 0.97 1.23 29.74 25.69 4.05 2.95 0.12 0.11 1.5 1.3 3
21.56 24.46 -2.9 -1.1 0.1 0.11 1.1 1.25 18.23 27.62 -9.39 9.39 0.08 0.12 0.92 1.4 1
23.32 24.34 -1.02 1.02 0.1 0.1 1.18 1.24 27.17 23.25 3.92 -2.92 0.11 0.09 1.39 1.19 3
20.02 26.79 -6.77 -3.23 0.11 0.15 1.01 1.35 20.81 19.55 1.26 5.74 0.11 0.11 1.06 1 3
23.71 28.91 -5.2 -13.8 0.1 0.13 1.22 1.48 21.95 21.82 0.13 5.87 0.09 0.09 1.11 1.11 2
27.66 24.91 2.75 1.25 0.11 0.1 1.42 1.28 22.92 27.08 -4.16 -8.84 0.12 0.14 1.19 1.4 2
23.21 27.35 -4.14 3.14 0.09 0.11 1.16 1.37 22.6 27.1 -4.5 1.5 0.1 0.12 1.15 1.38 1
32.41 22 10.41 1.59 0.13 0.09 1.56 1.06 16.11 30.39 -14.28 -2.72 0.08 0.15 0.78 1.47 1
55.32 15.82 39.5 11.5 0.19 0.05 2.67 0.76 19.21 24.3 -5.09 -14.91 0.1 0.12 0.93 1.18 1
23.7 27.95 -4.25 -8.75 0.12 0.14 1.17 1.38 22.01 20.84 1.17 6.83 0.11 0.11 1.07 1.01 3
17.07 23.09 -6.02 3.02 0.09 0.12 0.83 1.12 22.55 25.51 -2.96 -0.04 0.1 0.11 1.1 1.24 2
25.03 28.79 -3.76 4.76 0.1 0.11 1.19 1.37 21.31 27.99 -6.68 -4.32 0.11 0.15 1.02 1.34 3
27.43 24.59 2.84 -0.84 0.11 0.1 1.33 1.19 23.59 22.77 0.82 5.18 0.09 0.09 1.14 1.1 2
24.04 28.92 -4.88 -0.12 0.1 0.12 1.16 1.4 24.66 24.6 0.06 -1.06 0.09 0.09 1.19 1.19 1
17.91 32.86 -14.95 6.95 0.1 0.19 0.85 1.57 28.53 25.69 2.84 1.16 0.11 0.1 1.39 1.25 3
19.28 28.61 -9.33 8.33 0.08 0.12 0.93 1.38 24.66 30.55 -5.89 -13.11 0.1 0.13 1.2 1.49 1
30.11 26.05 4.06 3.94 0.12 0.11 1.45 1.25 37.6 21.21 16.39 -7.39 0.12 0.07 1.81 1.02 3
29.35 25.96 3.39 1.61 0.11 0.1 1.36 1.21 34.45 22.46 11.99 1.01 0.13 0.09 1.58 1.03 3
25.36 32.32 -6.96 -13.04 0.1 0.13 1.17 1.5 24.06 29.17 -5.11 -11.89 0.12 0.14 1.13 1.37 1
19.23 30.55 -11.32 -17.68 0.1 0.15 0.89 1.42 18.1 24.22 -6.12 3.12 0.09 0.12 0.83 1.11 3
23.68 26.54 -2.86 -0.14 0.1 0.11 1.09 1.22 25.73 29.49 -3.76 3.76 0.09 0.11 1.17 1.34 1
23.23 21.2 2.03 9.97 0.11 0.1 1.07 0.98 21.05 29.31 -8.26 8.26 0.08 0.11 0.96 1.34 1
23.97 23.56 0.41 5.59 0.09 0.09 1.1 1.09 18.18 33.68 -15.5 6.5 0.1 0.19 0.83 1.53 1
16.57 32.43 -15.86 -2.14 0.08 0.16 0.76 1.5 39.59 23.2 16.39 -6.39 0.12 0.07 1.81 1.06 3
22.01 28.69 -6.68 -3.32 0.11 0.14 1 1.31 24.16 29.8 -5.64 1.64 0.1 0.13 1.11 1.37 2
61.57 15.84 45.73 14.27 0.19 0.05 2.83 0.73 28.22 24.97 3.25 -1.25 0.1 0.09 1.3 1.15 1
25.54 24.72 0.82 -2.82 0.09 0.09 1.17 1.13 32.1 28.04 4.06 2.94 0.13 0.11 1.47 1.28 2
36.86 23.26 13.6 0.4 0.13 0.08 1.61 1.01 25.23 27.16 -1.93 0.93 0.1 0.11 1.11 1.19 1
25.2 31.08 -5.88 -13.12 0.11 0.14 1.13 1.39 23.16 29.97 -6.81 -3.19 0.11 0.14 1.01 1.3 1
25.44 30.95 -5.51 1.51 0.1 0.12 1.12 1.36 27.27 33.46 -6.19 -11.81 0.1 0.13 1.21 1.48 1
29.34 28.02 1.32 -2.32 0.1 0.1 1.29 1.23 17.01 33.62 -16.61 -2.39 0.08 0.15 0.75 1.48 1
18.72 24.62 -5.9 3.9 0.09 0.11 0.82 1.08 30.15 28.37 1.78 2.22 0.11 0.1 1.33 1.25 1
26.35 31.04 -4.69 2.69 0.09 0.11 1.14 1.35 25.27 23.72 1.55 6.45 0.09 0.09 1.11 1.04 2
40.78 23.64 17.14 -6.14 0.12 0.07 1.78 1.03 64.62 16.96 47.66 15.34 0.19 0.05 2.84 0.75 1
33.71 29.75 3.96 3.04 0.13 0.11 1.47 1.3 23.47 21.73 1.74 11.26 0.11 0.1 1.03 0.96 1
18.34 34.98 -16.64 5.64 0.1 0.19 0.8 1.52 27.25 26.33 0.92 -2.92 0.09 0.09 1.19 1.15 3
21.58 29.55 -7.97 6.97 0.08 0.11 0.94 1.29 19.63 31.17 -11.54 -18.46 0.1 0.15 0.87 1.38 2
27.44 35.68 -8.24 -10.76 0.1 0.13 1.16 1.51 30.96 28.77 2.19 0.81 0.1 0.1 1.31 1.21 3
66.73 20.68 46.05 15.95 0.19 0.06 2.81 0.87 22.28 30.59 -8.31 7.31 0.08 0.11 0.93 1.28 1
17.22 35.48 -18.26 -1.74 0.08 0.16 0.73 1.5 18.58 36.3 -17.72 5.72 0.09 0.18 0.77 1.51 1
23.94 23.28 0.66 11.34 0.11 0.11 1.01 0.98 27.66 31.12 -3.46 0.46 0.11 0.12 1.16 1.31 3
28.57 26.57 2 -3 0.09 0.09 1.19 1.11 26.94 31.73 -4.79 2.79 0.09 0.1 1.12 1.32 3
25.96 24.31 1.65 6.35 0.09 0.09 1.09 1.02 26.03 31.73 -5.7 -12.3 0.11 0.14 1.11 1.36 2
23.81 30.8 -6.99 -4.01 0.11 0.14 0.99 1.28 19.12 25.43 -6.31 5.31 0.09 0.11 0.8 1.07 2
20.67 31.87 -11.2 -18.8 0.1 0.15 0.88 1.35 39.19 23.54 15.65 2.35 0.14 0.08 1.63 0.98 3
31.2 28.23 2.97 -2.97 0.11 0.1 1.32 1.19 35.26 30.22 5.04 2.96 0.13 0.11 1.47 1.26 1
25.51 29.49 -3.98 -1.02 0.1 0.12 1.07 1.24 44.5 25.75 18.75 -6.75 0.12 0.07 1.86 1.08 1
28.98 33.65 -4.67 4.67 0.09 0.11 1.15 1.34 28.92 37.38 -8.46 -11.54 0.1 0.13 1.17 1.51 1
46.05 27.05 19 -8 0.12 0.07 1.85 1.09 20.99 32.83 -11.84 -20.16 0.09 0.15 0.85 1.33 1
32.66 30.25 2.41 1.59 0.11 0.1 1.32 1.22 18.06 35.81 -17.75 -1.25 0.08 0.15 0.73 1.45 1
28.63 32.46 -3.83 1.83 0.11 0.12 1.15 1.31 26.81 31.04 -4.23 0.23 0.1 0.12 1.08 1.25 1
27.01 33.34 -6.33 -11.67 0.11 0.14 1.11 1.37 30.49 28.61 1.88 -4.88 0.1 0.09 1.22 1.14 1
40.15 23.86 16.29 3.71 0.13 0.08 1.6 0.95 27.57 25.29 2.28 5.72 0.09 0.09 1.11 1.02 2
22.92 32.98 -10.06 8.06 0.08 0.12 0.92 1.32 24.04 31.61 -7.57 -3.43 0.1 0.14 0.96 1.26 1
18.91 37.14 -18.23 5.23 0.09 0.18 0.75 1.48 25.28 24.25 1.03 9.97 0.11 0.1 1.02 0.98 2
19.93 25.66 -5.73 4.73 0.09 0.11 0.8 1.03 33.72 30.39 3.33 -0.33 0.11 0.1 1.36 1.23 1
37.42 32.74 4.68 0.32 0.13 0.11 1.5 1.31 69.12 21.32 47.8 15.2 0.19 0.06 2.78 0.86 3
29.86 38.51 -8.65 -13.35 0.1 0.13 1.16 1.49 37.56 33.98 3.58 0.42 0.12 0.11 1.44 1.31 3
26.14 24.63 1.51 9.49 0.11 0.1 1.02 0.96 41.01 24.14 16.87 3.13 0.13 0.08 1.58 0.93 2
70.36 21.46 48.9 15.1 0.19 0.06 2.72 0.83 30.11 34.59 -4.48 6.48 0.09 0.1 1.15 1.32 1
22.57 34.7 -12.13 -20.87 0.1 0.15 0.88 1.35 30.17 32.81 -2.64 3.64 0.11 0.12 1.17 1.27 1
18.51 37.09 -18.58 -2.42 0.08 0.15 0.72 1.44 27.16 32.58 -5.42 -1.58 0.1 0.12 1.05 1.26 1
30.56 29.88 0.68 -4.68 0.1 0.09 1.17 1.15 23.77 33.9 -10.13 9.13 0.08 0.12 0.91 1.3 1
24.96 32.46 -7.5 -4.5 0.1 0.13 0.95 1.24 19.29 38 -18.71 5.71 0.09 0.17 0.74 1.45 2
27.85 26.15 1.7 6.3 0.09 0.09 1.08 1.01 20.54 26.06 -5.52 6.52 0.09 0.11 0.79 1.01 3
34.12 31 3.12 -2.12 0.11 0.1 1.33 1.2 33.94 30.7 3.24 2.76 0.1 0.09 1.32 1.19 2
28.28 33.41 -5.13 -11.87 0.11 0.13 1.11 1.31 47.92 28.63 19.29 -7.29 0.12 0.07 1.85 1.1 1
21.28 39.55 -18.27 5.27 0.09 0.17 0.78 1.45 74.85 21.75 53.1 13.9 0.19 0.06 2.78 0.81 3
30.34 33.09 -2.75 2.75 0.11 0.12 1.13 1.23 29.02 34.83 -5.81 -9.19 0.11 0.13 1.1 1.32 2
22.63 27.97 -5.34 8.34 0.09 0.11 0.84 1.04 19.5 37.36 -17.86 -2.14 0.08 0.15 0.73 1.4 2
27.43 33.57 -6.14 -1.86 0.1 0.12 1.02 1.25 26.69 25.92 0.77 10.23 0.1 0.1 1 0.97 1
42.3 24.69 17.61 2.39 0.13 0.08 1.56 0.91 30.25 39.75 -9.5 -13.5 0.1 0.13 1.13 1.48 1
22.85 34.87 -12.02 -19.98 0.09 0.14 0.86 1.31 32.28 30.01 2.27 -5.27 0.1 0.09 1.19 1.11 2
49.34 29.37 19.97 -9.97 0.12 0.07 1.83 1.09 26.51 34.45 -7.94 -4.06 0.1 0.13 0.97 1.26 1
34.63 31.26 3.37 2.63 0.1 0.09 1.29 1.16 38.8 34.37 4.43 0.57 0.12 0.11 1.44 1.27 1
23.9 35.62 -11.72 9.72 0.08 0.12 0.88 1.32 29.76 28.24 1.52 4.48 0.09 0.09 1.11 1.05 3
30.4 39.08 -8.68 7.68 0.09 0.12 1.12 1.44 34.68 31.69 2.99 -1.99 0.1 0.1 1.29 1.18 1
26.97 27.6 -0.63 10.63 0.1 0.1 0.97 0.99 52.76 29.69 23.07 -9.07 0.12 0.07 1.88 1.06 2
30.74 40.68 -9.94 -14.06 0.1 0.13 1.1 1.46 23.82 29.53 -5.71 8.71 0.09 0.11 0.85 1.05 2
30.54 35.97 -5.43 -9.57 0.11 0.13 1.11 1.31 24.95 37.88 -12.93 9.93 0.08 0.12 0.89 1.35 2
21.06 38.55 -17.49 -2.51 0.08 0.15 0.76 1.39 31.26 40.13 -8.87 9.87 0.09 0.11 1.11 1.42 1
32.02 29.29 2.73 4.27 0.1 0.09 1.15 1.05 31.48 34.61 -3.13 3.13 0.11 0.12 1.13 1.24 2
39.03 36.71 2.32 0.68 0.12 0.11 1.39 1.31 43.23 25.18 18.05 2.95 0.13 0.07 1.54 0.9 3
26.83 37.87 -11.04 -4.96 0.1 0.14 0.95 1.34 23.28 35.77 -12.49 -19.51 0.09 0.14 0.84 1.29 1
35.73 32.55 3.18 -4.18 0.11 0.1 1.28 1.17 21.72 44.46 -22.74 8.74 0.09 0.19 0.77 1.57 1
36.97 31.49 5.48 2.52 0.11 0.09 1.33 1.13 29.11 33.85 -4.74 -2.26 0.1 0.12 1.04 1.21 1
33.18 30.44 2.74 -5.74 0.1 0.09 1.18 1.08 79.76 22.19 57.57 10.43 0.19 0.05 2.86 0.8 1
29.45 34.66 -5.21 -2.79 0.1 0.12 1.02 1.2 27.62 38.32 -10.7 -4.3 0.1 0.14 0.94 1.31 2
44.53 25.63 18.9 3.1 0.13 0.07 1.53 0.88 31.27 37.85 -6.58 -8.42 0.11 0.13 1.1 1.33 3
31.79 42.19 -10.4 10.4 0.09 0.11 1.08 1.44 27.34 30.9 -3.56 13.56 0.1 0.11 0.95 1.07 2
32.84 35.17 -2.33 2.33 0.11 0.11 1.14 1.22 23.12 39.08 -15.96 -3.04 0.08 0.14 0.8 1.36 2
23.73 36.56 -12.83 -20.17 0.09 0.15 0.82 1.27 31.62 43.41 -11.79 -12.21 0.1 0.14 1.1 1.5 1
21.95 47.15 -25.2 9.2 0.09 0.19 0.75 1.61 39.48 38.01 1.47 0.53 0.12 0.12 1.36 1.31 3
56.06 30.06 26 -12 0.13 0.07 1.93 1.04 32.58 30.65 1.93 5.07 0.1 0.09 1.13 1.06 1
26.55 30.41 -3.86 6.86 0.09 0.11 0.91 1.05 35.22 31.27 3.95 -5.95 0.1 0.09 1.21 1.07 1
26.83 38.61 -11.78 8.78 0.08 0.12 0.92 1.33 38.42 32.78 5.64 -4.64 0.11 0.09 1.33 1.13 2
80.59 24.23 56.36 10.64 0.19 0.06 2.79 0.84 37.78 31.83 5.95 3.05 0.11 0.09 1.31 1.1 1
38.94 34.66 4.28 -3.28 0.11 0.1 1.3 1.16 59.57 30.74 28.83 -13.83 0.13 0.07 1.98 1.02 3
37.96 33.63 4.33 2.67 0.11 0.09 1.27 1.12 33.89 35.44 -1.55 1.55 0.11 0.11 1.13 1.19 2
23.39 40.13 -16.74 -2.26 0.08 0.14 0.78 1.34 28.71 39.13 -10.42 7.42 0.09 0.12 0.95 1.3 2
32.05 45.34 -13.29 -11.71 0.1 0.14 1.07 1.51 29.86 35.43 -5.57 -2.43 0.1 0.11 1 1.18 3
32.68 39 -6.32 -7.68 0.11 0.13 1.11 1.32 21.97 49.43 -27.46 6.46 0.09 0.2 0.73 1.63 3
35.51 31.69 3.82 -6.82 0.1 0.09 1.18 1.05 45.68 27.04 18.64 2.36 0.13 0.08 1.51 0.9 3
28.39 38.73 -10.34 -4.66 0.1 0.13 0.94 1.28 82.39 24.41 57.98 11.02 0.19 0.06 2.75 0.81 3
41.76 38.03 3.73 3.27 0.12 0.11 1.39 1.26 33.79 42.81 -9.02 9.02 0.09 0.11 1.11 1.41 1
33.26 34.16 -0.9 6.9 0.1 0.1 1.11 1.14 25.66 36.99 -11.33 -20.67 0.1 0.14 0.86 1.24 1
27.96 32.9 -4.94 14.94 0.1 0.11 0.94 1.1 26.97 30.7 -3.73 7.73 0.09 0.1 0.9 1.02 1
29.33 40.17 -10.84 7.84 0.09 0.12 0.94 1.29 39.65 35.9 3.75 3.25 0.11 0.1 1.28 1.16 1
61.41 31.26 30.15 -14.15 0.13 0.06 1.98 1.01 32.37 46.43 -14.06 -11.94 0.1 0.14 1.05 1.5 3
36.16 37.13 -0.97 0.97 0.11 0.11 1.17 1.2 39.46 36.5 2.96 -2.96 0.11 0.1 1.28 1.18 2
25.91 39.07 -13.16 -20.84 0.09 0.14 0.84 1.27 34.55 39.84 -5.29 -9.71 0.1 0.12 1.13 1.3 2
35.22 44.56 -9.34 8.34 0.09 0.11 1.12 1.42 22.81 51.3 -28.49 8.49 0.09 0.2 0.73 1.64 1
24.43 40.75 -16.32 -2.68 0.08 0.13 0.79 1.32 43.51 39.46 4.05 3.95 0.12 0.11 1.4 1.27 2
29.12 40.08 -10.96 -5.04 0.1 0.13 0.93 1.28 37.36 34.29 3.07 -7.07 0.1 0.09 1.2 1.1 1
27.39 33.1 -5.71 5.71 0.09 0.11 0.88 1.07 48.28 28.89 19.39 2.61 0.13 0.08 1.55 0.93 2
30.95 35.75 -4.8 -2.2 0.1 0.11 1 1.16 35.34 34.41 0.93 7.07 0.1 0.1 1.14 1.11 1
83.74 25.14 58.6 11.4 0.19 0.06 2.7 0.81 30.36 33.32 -2.96 16.96 0.1 0.11 0.98 1.08 2
37.97 37.49 0.48 -5.48 0.1 0.1 1.18 1.17 64.63 31.81 32.82 -18.82 0.13 0.06 2.02 0.99 1
32.92 49.65 -16.73 -7.27 0.1 0.14 1.03 1.55 26.16 42.42 -16.26 -2.74 0.08 0.14 0.82 1.33 2
36.48 40.28 -3.8 -11.2 0.1 0.11 1.15 1.28 28.68 33.67 -4.99 4.99 0.09 0.11 0.89 1.05 2
40.77 37.32 3.45 1.55 0.1 0.1 1.27 1.16 36.38 44.68 -8.3 9.3 0.09 0.11 1.12 1.37 1
30.84 36.66 -5.82 19.82 0.1 0.12 0.97 1.15 26.35 41 -14.65 -19.35 0.09 0.14 0.83 1.28 2
22.93 52.46 -29.53 7.53 0.09 0.2 0.71 1.62 38.01 39.45 -1.44 1.44 0.11 0.11 1.19 1.23 3
41.78 38.35 3.43 -3.43 0.11 0.1 1.31 1.2 32.17 36.47 -4.3 -1.7 0.1 0.11 1.01 1.14 2
36.06 35.63 0.43 6.57 0.1 0.09 1.13 1.12 32.32 40.69 -8.37 -6.63 0.1 0.13 1 1.26 1
45.18 41.19 3.99 4.01 0.12 0.11 1.4 1.28 30.75 41.29 -10.54 9.54 0.09 0.12 0.96 1.28 1
48.85 30.18 18.67 3.33 0.13 0.08 1.52 0.94 87.08 25.62 61.46 8.54 0.19 0.05 2.72 0.8 1
34.18 49.78 -15.6 -8.4 0.09 0.14 1.04 1.51 42.44 38.85 3.59 -3.59 0.11 0.1 1.29 1.18 1
65.6 32.55 33.05 -20.05 0.13 0.06 1.98 0.98 40 39.85 0.15 0.85 0.11 0.11 1.21 1.21 1
29.08 42.01 -12.93 -21.07 0.1 0.14 0.88 1.28 41.93 38.28 3.65 2.35 0.1 0.09 1.26 1.15 3
32.67 37.13 -4.46 -1.54 0.09 0.11 0.99 1.13 23.33 54.45 -31.12 8.12 0.09 0.21 0.7 1.63 3
37.34 45.84 -8.5 8.5 0.09 0.11 1.11 1.37 31.04 43.22 -12.18 8.18 0.09 0.12 0.93 1.3 1
31.85 39.39 -7.54 21.54 0.1 0.12 0.97 1.2 37.26 36.14 1.12 6.88 0.1 0.09 1.13 1.1 3
38.71 38.46 0.25 -4.25 0.1 0.1 1.17 1.16 26.29 43.68 -17.39 -1.61 0.08 0.14 0.8 1.32 1
32.83 41.89 -9.06 -6.94 0.1 0.13 0.98 1.25 50.42 32.08 18.34 7.66 0.13 0.08 1.52 0.97 2
29.22 35.8 -6.58 6.58 0.09 0.11 0.88 1.08 47.11 41.48 5.63 5.37 0.12 0.11 1.42 1.25 3
88.98 27.19 61.79 4.21 0.19 0.06 2.69 0.82 38.61 40.82 -2.21 -12.79 0.1 0.11 1.18 1.25 1
32.1 44.45 -12.35 7.35 0.09 0.12 0.94 1.3 68.64 33.13 35.51 -21.51 0.13 0.06 2.01 0.97 3
44.74 39.7 5.04 2.96 0.11 0.1 1.31 1.16 39.7 39.15 0.55 -3.55 0.1 0.1 1.16 1.14 3
24.17 56.31 -32.14 10.14 0.09 0.21 0.7 1.64 35.54 50.65 -15.11 -7.89 0.09 0.14 1.04 1.49 1
26.98 44.67 -17.69 -2.31 0.08 0.14 0.79 1.31 32.1 42.47 -10.37 22.37 0.1 0.13 0.94 1.25 2
51.69 33.02 18.67 7.33 0.13 0.08 1.51 0.96 38.57 46.9 -8.33 9.33 0.09 0.11 1.12 1.36 1
40.58 42.89 -2.31 2.31 0.11 0.11 1.19 1.26 30.13 37.76 -7.63 5.63 0.09 0.11 0.88 1.11 2
49.07 42.39 6.68 6.32 0.12 0.1 1.43 1.24 33.77 43.16 -9.39 -6.61 0.1 0.13 0.98 1.25 1
34.53 37.97 -3.44 -3.56 0.1 0.1 1.01 1.12 30.5 44.82 -14.32 -21.68 0.1 0.15 0.9 1.32 1
40.34 36.39 3.95 6.05 0.1 0.09 1.19 1.07 92.02 28.59 63.43 4.57 0.19 0.06 2.7 0.84 1
43.31 40.21 3.1 -4.1 0.11 0.1 1.27 1.18 40.01 43.86 -3.85 -13.15 0.1 0.11 1.19 1.3 2
32.29 42.81 -10.52 22.52 0.1 0.13 0.92 1.22 46.77 41.01 5.76 1.24 0.11 0.09 1.33 1.16 2
94.52 30.62 63.9 3.1 0.19 0.06 2.69 0.87 37.01 38.71 -1.7 -2.3 0.1 0.1 1.06 1.1 2
33.17 48 -14.83 8.83 0.09 0.13 0.94 1.36 41.37 43.59 -2.22 2.22 0.11 0.11 1.18 1.24 3
31.24 47.3 -16.06 -22.94 0.1 0.15 0.89 1.35 25.08 57.52 -32.44 11.44 0.09 0.21 0.71 1.62 2
30.83 38.55 -7.72 5.72 0.09 0.11 0.88 1.1 38.83 49.07 -10.24 6.24 0.09 0.11 1.09 1.38 3
42.37 38.89 3.48 7.52 0.1 0.09 1.21 1.11 27.32 44.86 -17.54 -2.46 0.08 0.14 0.78 1.28 2
41.01 41.18 -0.17 -1.83 0.1 0.1 1.16 1.17 36.75 51.56 -14.81 -9.19 0.1 0.13 1.05 1.47 1
35.12 45.15 -10.03 -7.97 0.1 0.13 0.99 1.27 45.47 41.37 4.1 -5.1 0.11 0.1 1.3 1.18 2
41.17 46.02 -4.85 -12.15 0.1 0.11 1.19 1.33 51.06 43.74 7.32 7.68 0.12 0.1 1.45 1.24 3
72.19 34.2 37.99 -22.99 0.13 0.06 2.05 0.97 53.86 33.28 20.58 10.42 0.13 0.08 1.53 0.94 2
1.05 1.59 -0.54 -1.46 0.13 0.2 0.95 1.45 0.94 0.51 0.43 -0.43 0.1 0.06 0.92 0.5 3
0.72 0.1 0.62 1.38 0.18 0.03 0.65 0.09 0.45 1.51 -1.06 0.06 0.04 0.13 0.45 1.49 3
0.93 1.09 -0.16 0.16 0.07 0.08 0.91 1.07 1.75 0.36 1.39 -0.39 0.15 0.03 1.64 0.34 2
1.89 0.07 1.82 -0.82 0.15 0.01 1.81 0.07 1.25 2.34 -1.09 -0.91 0.14 0.26 1.15 2.15 1
1.47 0.84 0.63 0.37 0.16 0.09 1.42 0.81 0.88 0.68 0.2 -0.2 0.05 0.04 0.88 0.68 1
0.51 0.94 -0.43 0.43 0.05 0.09 0.5 0.92 0.1 0.72 -0.62 -1.38 0.01 0.09 0.09 0.65 1
0.36 1.75 -1.39 0.39 0.05 0.22 0.34 1.64 1.59 1.05 0.54 1.46 0.13 0.09 1.45 0.95 3
1.51 0.45 1.06 -0.06 0.19 0.06 1.49 0.45 0.07 1.89 -1.82 0.82 0.02 0.47 0.07 1.81 3
2.34 1.25 1.09 0.91 0.2 0.1 2.15 1.15 0.84 1.47 -0.63 -0.37 0.06 0.1 0.81 1.42 1
0.68 0.88 -0.2 0.2 0.09 0.11 0.68 0.88 1.09 0.93 0.16 -0.16 0.11 0.09 1.07 0.91 3
1.42 1.75 -0.33 0.33 0.06 0.08 0.69 0.85 1.83 3.08 -1.25 -0.75 0.08 0.14 0.84 1.42 3
3.46 3.64 -0.18 1.18 0.25 0.26 1.61 1.7 2.43 1.8 0.63 0.37 0.11 0.08 1.16 0.86 3
1.69 3.5 -1.81 1.81 0.13 0.27 0.82 1.69 0.82 1.09 -0.27 2.27 0.04 0.06 0.4 0.53 2
2.48 1.57 0.91 0.09 0.1 0.06 1.17 0.74 2.69 2.01 0.68 2.32 0.13 0.1 1.29 0.97 1
0.25 1.03 -0.78 -3.22 0.02 0.09 0.12 0.49 3.49 2.07 1.42 1.58 0.17 0.1 1.63 0.97 3
2.09 5.27 -3.18 -2.82 0.12 0.31 0.98 2.47 4.18 4.11 0.07 -3.07 0.18 0.18 1.88 1.85 3
1.66 2.62 -0.96 -1.04 0.07 0.11 0.79 1.25 2.14 1.82 0.32 -0.32 0.08 0.07 1.03 0.88 3
3.12 2.07 1.05 -1.05 0.16 0.11 1.53 1.02 0.96 1.07 -0.11 1.11 0.08 0.09 0.45 0.5 3
2.92 2.52 0.4 2.6 0.15 0.13 1.33 1.15 1.55 2.22 -0.67 -0.33 0.08 0.11 0.75 1.07 2
2.05 1.9 0.15 -2.15 0.07 0.07 1 0.93 4.82 0.91 3.91 1.09 0.22 0.04 2.31 0.44 3
5.04 6.21 -1.17 0.17 0.19 0.23 1.58 1.94 4 2.45 1.55 0.45 0.09 0.06 1.28 0.78 1
5.61 4.69 0.92 -0.92 0.16 0.13 1.74 1.46 0.57 2.1 -1.53 -5.47 0.04 0.13 0.18 0.67 1
2.74 3.51 -0.77 -0.23 0.09 0.12 0.88 1.13 2.2 2.91 -0.71 -2.29 0.07 0.09 0.7 0.93 2
2.43 2.36 0.07 0.93 0.07 0.07 0.78 0.76 2.97 2.96 0.01 -3.01 0.08 0.08 0.96 0.95 2
4.56 2.39 2.17 3.83 0.17 0.09 1.45 0.76 4.14 2.77 1.37 -2.37 0.14 0.1 1.36 0.91 1
5 3.38 1.62 1.38 0.13 0.09 1.58 1.07 4.21 3.71 0.5 2.5 0.16 0.14 1.3 1.15 1
5.88 1.83 4.05 1.95 0.2 0.06 1.87 0.58 2.49 3.83 -1.34 0.34 0.07 0.11 0.8 1.23 1
3.57 3.53 0.04 1.96 0.12 0.11 1.16 1.14 2.67 6.7 -4.03 -4.97 0.11 0.28 0.85 2.14 2
0.98 1.65 -0.67 2.67 0.04 0.06 0.32 0.54 1.66 2.09 -0.43 2.43 0.08 0.1 0.53 0.66 1
3.91 4.15 -0.24 -0.76 0.11 0.12 1.21 1.29 2.25 3.66 -1.41 1.41 0.11 0.17 0.73 1.18 1
3.28 6.51 -3.23 0.23 0.08 0.16 0.79 1.58 8.22 3.53 4.69 0.31 0.16 0.07 1.96 0.84 2
1.98 4.62 -2.64 3.64 0.08 0.18 0.47 1.1 6.6 2.72 3.88 4.12 0.17 0.07 1.57 0.65 2
2.97 4.78 -1.81 -0.19 0.1 0.16 0.72 1.15 2.74 2.88 -0.14 1.14 0.07 0.07 0.66 0.69 1
3.49 3.27 0.22 -3.22 0.07 0.06 0.84 0.79 5.03 4.87 0.16 0.84 0.1 0.1 1.18 1.14 1
4.53 3.23 1.3 -1.3 0.08 0.06 1.08 0.77 3.96 4.67 -0.71 -0.29 0.1 0.11 0.95 1.12 2
1.48 3.26 -1.78 -6.22 0.05 0.12 0.35 0.78 5.59 4.57 1.02 0.98 0.13 0.11 1.35 1.11 3
3.71 8.72 -5.01 -3.99 0.11 0.26 0.89 2.09 3.51 1.97 1.54 1.46 0.09 0.05 0.85 0.48 1
3.36 4.13 -0.77 -2.23 0.07 0.09 0.8 0.99 6.77 5.6 1.17 -0.17 0.15 0.13 1.58 1.31 1
4.47 4.81 -0.34 -2.66 0.12 0.13 1.09 1.18 8.56 2.62 5.94 2.06 0.18 0.05 2.05 0.63 3
4.36 6.93 -2.57 3.57 0.15 0.23 1.02 1.62 5.82 6.74 -0.92 1.92 0.14 0.16 1.36 1.58 2
6.4 7.85 -1.45 2.45 0.13 0.15 1.21 1.48 3.53 5.64 -2.11 0.11 0.07 0.1 0.68 1.08 1
8.28 5.77 2.51 -2.51 0.14 0.09 1.56 1.08 4.59 5.62 -1.03 0.03 0.1 0.12 0.89 1.09 3
4.71 6.74 -2.03 1.03 0.09 0.13 0.91 1.3 1.89 4.7 -2.81 -6.19 0.05 0.13 0.36 0.9 1
3.58 4.5 -0.92 0.92 0.07 0.08 0.69 0.87 5 8.85 -3.85 -1.15 0.12 0.21 0.96 1.71 1
8.62 4.06 4.56 0.44 0.14 0.07 1.63 0.77 6.6 3.98 2.62 -2.62 0.09 0.06 1.27 0.76 1
9.8 3.18 6.62 2.38 0.16 0.05 1.89 0.61 7.71 3.76 3.95 4.05 0.15 0.07 1.48 0.72 1
7.03 4.98 2.05 0.95 0.14 0.1 1.35 0.96 3.81 6.91 -3.1 0.1 0.08 0.15 0.73 1.33 1
3.64 3.26 0.38 -1.38 0.09 0.08 0.71 0.63 5.03 6.05 -1.02 -2.98 0.11 0.14 0.99 1.19 1
5.24 5.83 -0.59 0.59 0.1 0.11 0.98 1.1 3.02 5.73 -2.71 3.71 0.1 0.18 0.58 1.1 1
5.47 7.51 -2.04 3.04 0.13 0.17 1.03 1.41 4.45 3.48 0.97 -2.97 0.07 0.06 0.85 0.67 3
4.15 8.47 -4.32 -0.68 0.08 0.16 0.67 1.36 5.93 3.92 2.01 -1.01 0.11 0.08 0.96 0.63 2
3.33 6.45 -3.12 3.12 0.09 0.17 0.54 1.04 11.89 3.34 8.55 2.45 0.16 0.04 1.91 0.54 3
7.06 7.38 -0.32 1.32 0.12 0.13 1.14 1.19 7.28 8.79 -1.51 3.51 0.12 0.15 1.14 1.38 1
6.63 4.7 1.93 0.07 0.09 0.06 1.06 0.75 10.04 8.24 1.8 -3.8 0.13 0.11 1.57 1.29 1
7.18 4.92 2.26 -3.26 0.09 0.06 1.15 0.79 6.69 9.69 -3 0 0.13 0.18 1.05 1.53 1
7.87 5.85 2.02 3.98 0.14 0.11 1.26 0.94 5.96 6.14 -0.18 1.18 0.09 0.1 0.94 0.97 1
2.49 5.23 -2.74 -7.26 0.05 0.1 0.4 0.83 4.88 5.36 -0.48 2.48 0.08 0.08 0.79 0.87 3
5.86 10.15 -4.29 -2.71 0.1 0.18 0.95 1.64 5.24 7.34 -2.1 2.1 0.09 0.12 0.84 1.18 1
4.47 6.52 -2.05 -0.95 0.07 0.1 0.71 1.04 9.56 4.64 4.92 1.08 0.13 0.07 1.51 0.73 3
5.69 8.34 -2.65 -3.35 0.11 0.16 0.92 1.35 8.59 5.32 3.27 1.73 0.14 0.09 1.39 0.86 1
7.68 11.66 -3.98 2.98 0.11 0.17 1.04 1.58 2.79 6.65 -3.86 -7.14 0.05 0.11 0.38 0.91 3
10.82 9.07 1.75 -5.75 0.13 0.11 1.46 1.23 4.69 8.78 -4.09 -0.91 0.08 0.15 0.65 1.22 2
5.69 9.27 -3.58 1.58 0.08 0.13 0.79 1.28 4.72 8.04 -3.32 1.32 0.1 0.17 0.65 1.11 1
11.42 5.58 5.84 -4.84 0.11 0.05 1.56 0.76 9.93 7.78 2.15 1.85 0.14 0.11 1.38 1.08 3
6.3 5.66 0.64 2.36 0.08 0.07 0.88 0.79 7.31 8.88 -1.57 -2.43 0.12 0.14 1.02 1.24 2
11.39 4.78 6.61 2.39 0.14 0.06 1.55 0.65 7.46 5.48 1.98 2.02 0.09 0.07 1.03 0.76 2
9.13 6.94 2.19 0.81 0.13 0.1 1.27 0.96 10.51 6.15 4.36 3.64 0.15 0.09 1.44 0.85 3
6.24 4.46 1.78 -0.78 0.11 0.08 0.87 0.62 13.48 4.73 8.75 4.25 0.16 0.06 1.87 0.65 1
6.26 8.78 -2.52 1.52 0.09 0.13 0.85 1.19 7.79 10.6 -2.81 -2.19 0.12 0.16 1.08 1.47 3
7.35 13.93 -6.58 1.58 0.12 0.23 0.99 1.89 4.61 8.35 -3.74 -2.26 0.07 0.13 0.63 1.14 1
5.29 9.59 -4.3 -0.7 0.08 0.15 0.64 1.16 11.09 14.28 -3.19 1.19 0.15 0.19 1.32 1.7 1
5.12 9.46 -4.34 0.34 0.1 0.18 0.62 1.15 10.7 9.23 1.47 0.53 0.14 0.12 1.3 1.12 2
10.85 8.39 2.46 2.54 0.14 0.11 1.32 1.02 7.11 9.67 -2.56 2.56 0.08 0.12 0.86 1.18 1
8.16 6.24 1.92 2.08 0.09 0.07 0.99 0.76 7.86 13.47 -5.61 3.61 0.11 0.18 0.94 1.61 2
12.8 7.72 5.08 3.92 0.15 0.09 1.54 0.93 6.59 5.18 1.41 0.59 0.1 0.08 0.8 0.63 2
14.2 5.08 9.12 2.88 0.14 0.05 1.72 0.62 7.73 7.07 0.66 2.34 0.09 0.08 0.94 0.86 3
4.6 6.83 -2.23 -7.77 0.06 0.09 0.55 0.82 8.27 9.68 -1.41 -0.59 0.1 0.12 0.98 1.15 2
8.69 12.61 -3.92 -0.08 0.13 0.18 1.05 1.53 12.15 5.48 6.67 2.33 0.13 0.06 1.46 0.66 1
4.96 12.09 -7.13 -1.87 0.07 0.17 0.6 1.45 12.03 6.5 5.53 -5.53 0.11 0.06 1.45 0.78 3
8.72 10.31 -1.59 -2.41 0.12 0.15 1.07 1.26 11.63 9.67 1.96 -5.96 0.12 0.1 1.38 1.15 1
8.1 14.74 -6.64 4.64 0.11 0.2 0.86 1.56 9.13 12.75 -3.62 1.62 0.12 0.17 0.99 1.38 3
12.03 10.92 1.11 -6.11 0.11 0.1 1.28 1.16 13.65 8.08 5.57 3.43 0.14 0.08 1.46 0.87 3
7.33 11.99 -4.66 0.66 0.08 0.13 0.79 1.3 9.97 10.71 -0.74 -2.26 0.13 0.14 1.09 1.17 3
13.5 7.38 6.12 -5.12 0.11 0.06 1.44 0.79 9.43 6.48 2.95 1.05 0.09 0.06 1.01 0.7 1
8.31 7.91 0.4 3.6 0.09 0.08 0.9 0.86 6.23 9.99 -3.76 -0.24 0.11 0.17 0.67 1.08 3
12.29 5.92 6.37 0.63 0.13 0.06 1.32 0.63 4.7 7.23 -2.53 -7.47 0.06 0.09 0.5 0.78 1
11.23 10.34 0.89 1.11 0.13 0.12 1.21 1.12 6.95 6.03 0.92 1.08 0.09 0.08 0.75 0.65 1
5.84 13.56 -7.72 -2.28 0.07 0.17 0.62 1.45 8.95 10.69 -1.74 -1.26 0.12 0.15 0.97 1.16 1
8.67 9.78 -1.11 -0.89 0.1 0.11 0.92 1.04 15.04 5.66 9.38 1.62 0.14 0.05 1.62 0.61 3
12.19 17.94 -5.75 1.75 0.14 0.21 1.3 1.91 13.17 8.61 4.56 4.44 0.15 0.1 1.43 0.93 3
10.16 12.38 -2.22 -2.78 0.11 0.14 0.99 1.2 10 8.28 1.72 1.28 0.09 0.07 0.97 0.81 1
12.65 12.36 0.29 -6.29 0.11 0.11 1.21 1.18 6.6 11.68 -5.08 2.08 0.1 0.18 0.64 1.14 1
15.63 9.94 5.69 5.31 0.16 0.1 1.52 0.97 14.95 6.72 8.23 1.77 0.14 0.06 1.44 0.65 1
9.98 7.87 2.11 0.89 0.09 0.07 0.97 0.76 7.53 14.77 -7.24 -0.76 0.08 0.16 0.72 1.42 2
15.09 8.7 6.39 3.61 0.14 0.08 1.45 0.84 8.81 16 -7.19 3.19 0.1 0.19 0.84 1.52 1
16.85 5.97 10.88 1.12 0.14 0.05 1.64 0.58 12.11 10.75 1.36 1.64 0.13 0.12 1.17 1.04 1
5.5 9.89 -4.39 -8.61 0.06 0.11 0.53 0.96 14.89 7.93 6.96 -4.96 0.11 0.06 1.44 0.77 3
10.39 13.46 -3.07 3.07 0.12 0.15 1.01 1.3 13.52 20.4 -6.88 0.88 0.13 0.2 1.29 1.95 1
7.36 6.91 0.45 0.55 0.09 0.08 0.71 0.67 8.24 15.54 -7.3 0.3 0.08 0.14 0.8 1.52 2
13.52 11.62 1.9 -1.9 0.15 0.13 1.33 1.14 8.98 11.59 -2.61 -0.39 0.09 0.12 0.86 1.11 3
9.35 16.98 -7.63 -1.37 0.1 0.18 0.81 1.48 7.47 13.45 -5.98 0.98 0.1 0.18 0.66 1.19 3
14.42 13.23 1.19 -5.19 0.12 0.11 1.25 1.15 7.83 7.25 0.58 0.42 0.09 0.08 0.69 0.64 3
8.58 16.01 -7.43 0.43 0.08 0.14 0.76 1.42 11.97 13.01 -1.04 -2.96 0.12 0.13 1.06 1.15 2
10.17 8.57 1.6 1.4 0.08 0.07 0.9 0.75 17.54 11.37 6.17 5.83 0.15 0.1 1.55 1.01 2
18.14 9.42 8.72 -5.72 0.12 0.06 1.59 0.83 14.39 13.48 0.91 -1.91 0.15 0.14 1.28 1.2 3
10.63 10.09 0.54 1.46 0.09 0.08 0.94 0.89 16.07 9.24 6.83 8.17 0.14 0.08 1.41 0.81 1
16.38 8.63 7.75 1.25 0.14 0.07 1.43 0.75 20.24 6.24 14 1 0.14 0.04 1.79 0.55 2
8.23 14.96 -6.73 -1.27 0.09 0.16 0.72 1.31 12.11 13.51 -1.4 2.4 0.12 0.13 1.07 1.19 3
10.84 12.46 -1.62 -0.38 0.1 0.11 0.94 1.09 12.38 14.14 -1.76 1.76 0.13 0.15 1.09 1.24 3
13.57 22.12 -8.55 1.55 0.13 0.21 1.18 1.93 6.99 13.14 -6.15 -7.85 0.07 0.12 0.61 1.15 2
12.65 16.04 -3.39 -0.61 0.12 0.15 1.03 1.3 10.16 18.58 -8.42 -1.58 0.1 0.18 0.81 1.48 3
9.07 14.26 -5.19 1.19 0.11 0.17 0.73 1.15 17.2 8.92 8.28 0.72 0.13 0.07 1.38 0.72 3
18.59 14.8 3.79 8.21 0.15 0.12 1.51 1.2 8.58 16.11 -7.53 -4.47 0.08 0.15 0.69 1.29 2
17.96 10.47 7.49 6.51 0.14 0.08 1.45 0.84 11.61 16.69 -5.08 -1.92 0.09 0.13 0.95 1.36 3
20.53 7.06 13.47 1.53 0.14 0.05 1.67 0.57 14.73 15.6 -0.87 -5.13 0.11 0.12 1.18 1.24 3
9.29 14.03 -4.74 -9.26 0.08 0.12 0.75 1.13 13.6 9.62 3.98 -0.98 0.09 0.07 1.1 0.78 3
15.88 14.45 1.43 1.57 0.14 0.13 1.28 1.17 11.86 11.98 -0.12 3.12 0.09 0.09 0.96 0.97 1
13.26 13.86 -0.6 5.6 0.12 0.12 1.07 1.12 19.76 10.71 9.05 -8.05 0.12 0.07 1.59 0.86 3
10.2 7.56 2.64 0.36 0.1 0.08 0.83 0.61 11.15 15.96 -4.81 -0.19 0.09 0.13 0.89 1.28 2
15.68 15.1 0.58 0.42 0.14 0.14 1.28 1.23 14.46 24.42 -9.96 2.96 0.12 0.21 1.15 1.95 1
10.49 19.1 -8.61 -0.39 0.09 0.17 0.77 1.41 18.53 15.71 2.82 0.18 0.15 0.13 1.39 1.18 1
16.77 15.92 0.85 -5.85 0.12 0.11 1.24 1.17 17.53 14.89 2.64 1.36 0.13 0.11 1.31 1.11 2
19.87 15.77 4.1 7.9 0.13 0.11 1.48 1.17 9.67 15.79 -6.12 -8.88 0.08 0.12 0.72 1.18 1
12.06 17.71 -5.65 -0.35 0.09 0.13 0.9 1.33 20.85 9.1 11.75 2.25 0.13 0.06 1.56 0.68 3
15.36 10 5.36 -1.36 0.1 0.06 1.15 0.75 13.38 16.26 -2.88 4.88 0.11 0.13 1 1.21 1
22.16 10.83 11.33 -7.33 0.13 0.06 1.64 0.8 13.17 16.37 -3.2 -1.8 0.11 0.14 0.99 1.23 1
12.3 13.63 -1.33 3.33 0.09 0.1 0.92 1.02 11.21 16.61 -5.4 0.4 0.09 0.14 0.83 1.23 1
17.9 9.64 8.26 1.74 0.14 0.07 1.33 0.72 10.85 7.62 3.23 -0.23 0.1 0.07 0.81 0.57 1
9.55 17.39 -7.84 -4.16 0.08 0.15 0.71 1.28 9.79 14.96 -5.17 0.17 0.1 0.16 0.73 1.12 3
15.07 27.27 -12.2 3.2 0.12 0.22 1.11 2 18.98 10.92 8.06 4.94 0.13 0.08 1.41 0.81 1
13.99 17.71 -3.72 -3.28 0.11 0.14 0.97 1.23 19.24 10.75 8.49 -1.49 0.11 0.06 1.34 0.75 2
11.72 15.93 -4.21 2.21 0.11 0.15 0.81 1.1 16.56 29 -12.44 5.44 0.12 0.21 1.13 1.98 2
20.71 12.41 8.3 2.7 0.14 0.08 1.42 0.85 23.5 11.65 11.85 -5.85 0.12 0.06 1.62 0.8 2
23.38 9.79 13.59 1.41 0.14 0.06 1.63 0.68 11.64 19.36 -7.72 -0.28 0.09 0.16 0.8 1.33 1
10.26 18.84 -8.58 -7.42 0.08 0.14 0.71 1.3 10.52 19.32 -8.8 -6.2 0.08 0.15 0.72 1.33 1
17.77 15.58 2.19 1.81 0.13 0.11 1.23 1.08 12.75 20.24 -7.49 0.49 0.09 0.14 0.89 1.41 3
14.13 20.14 -6.01 5.01 0.11 0.15 0.98 1.39 22.92 16.36 6.56 6.44 0.14 0.1 1.59 1.13 2
11.15 9.02 2.13 -0.13 0.1 0.08 0.78 0.63 15.08 15.03 0.05 2.95 0.1 0.1 1.05 1.05 1
12.61 19.39 -6.78 0.78 0.1 0.15 0.87 1.34 17.46 16.16 1.3 -6.3 0.11 0.1 1.2 1.11 3
18.79 16.86 1.93 0.07 0.15 0.13 1.31 1.17 19.3 9.94 9.36 1.64 0.13 0.07 1.33 0.69 1
12.03 20.61 -8.58 -0.42 0.09 0.16 0.77 1.32 18.93 17.5 1.43 1.57 0.13 0.12 1.23 1.13 3
23.23 17.43 5.8 7.2 0.14 0.1 1.5 1.13 14.03 18.18 -4.15 -2.85 0.11 0.14 0.91 1.18 1
14.67 21.4 -6.73 0.73 0.1 0.14 0.95 1.39 13.73 20.77 -7.04 -1.96 0.1 0.15 0.88 1.34 1
19.71 10.79 8.92 -1.92 0.11 0.06 1.28 0.7 13.26 16.96 -3.7 1.7 0.11 0.14 0.86 1.1 1
24.42 12.42 12 -6 0.12 0.06 1.57 0.8 24.63 10.18 14.45 1.55 0.14 0.06 1.6 0.66 2
15.94 16.23 -0.29 2.29 0.1 0.1 1.04 1.06 18.84 17.28 1.56 -3.56 0.11 0.1 1.21 1.11 2
20.01 10.77 9.24 -0.24 0.12 0.07 1.29 0.69 21.48 13.33 8.15 2.85 0.13 0.08 1.38 0.86 2
15.2 20.45 -5.25 4.25 0.1 0.14 0.98 1.32 11.8 19.08 -7.28 -7.72 0.08 0.13 0.76 1.23 3
10.76 20.86 -10.1 -5.9 0.08 0.16 0.69 1.34 19.62 17.57 2.05 1.95 0.14 0.13 1.27 1.14 3
17.59 30.54 -12.95 5.95 0.12 0.22 1.12 1.95 12.35 9.88 2.47 0.53 0.1 0.08 0.8 0.64 2
14.39 18.85 -4.46 -4.54 0.11 0.14 0.88 1.15 14 20.93 -6.93 -7.07 0.09 0.13 0.85 1.27 2
20.55 19.29 1.26 -3.26 0.12 0.11 1.24 1.16 20.74 12.1 8.64 0.36 0.12 0.07 1.26 0.73 2
13.41 19.85 -6.44 2.44 0.11 0.16 0.81 1.2 24.69 13.19 11.5 -5.5 0.12 0.06 1.49 0.8 3
17.95 17.94 0.01 1.99 0.1 0.1 1.09 1.09 15.02 21.68 -6.66 1.66 0.09 0.13 0.92 1.32 1
22.81 14.06 8.75 2.25 0.13 0.08 1.38 0.85 23.9 17.79 6.11 8.89 0.13 0.1 1.45 1.08 1
25.4 10.45 14.95 1.05 0.14 0.06 1.55 0.64 12.44 23.85 -11.41 -7.59 0.09 0.17 0.75 1.44 1
21.07 18.46 2.61 1.39 0.13 0.11 1.28 1.12 18.56 30.83 -12.27 5.27 0.12 0.21 1.11 1.85 1
12.64 10.85 1.79 1.21 0.1 0.09 0.77 0.66 22.6 10.94 11.66 -2.66 0.11 0.05 1.37 0.66 1
14.01 21.12 -7.11 -2.89 0.1 0.15 0.85 1.28 12.99 22.75 -9.76 -0.24 0.09 0.16 0.78 1.37 1
22.61 19.25 3.36 3.64 0.15 0.13 1.37 1.17 17.05 22.65 -5.6 3.6 0.11 0.15 1.03 1.37 1
13.4 22.94 -9.54 -2.46 0.09 0.15 0.76 1.3 19.81 18.48 1.33 1.67 0.1 0.09 1.14 1.06 2
24.58 18.15 6.43 7.57 0.13 0.1 1.4 1.04 14.75 22.73 -7.98 0.98 0.11 0.17 0.84 1.3 1
15.56 23.54 -7.98 1.98 0.09 0.14 0.9 1.36 21.75 19.57 2.18 -4.18 0.12 0.11 1.23 1.11 2
22.68 12.48 10.2 -4.2 0.11 0.06 1.3 0.71 23.17 14.74 8.43 3.57 0.12 0.08 1.32 0.84 2
27.57 14.53 13.04 -4.04 0.12 0.07 1.57 0.83 14.18 10.93 3.25 2.75 0.1 0.08 0.82 0.63 3
21.02 13.3 7.72 1.28 0.12 0.08 1.2 0.76 22.54 19.52 3.02 1.98 0.13 0.11 1.29 1.12 2
15.73 21.54 -5.81 -8.19 0.09 0.13 0.9 1.23 24.18 20.56 3.62 4.38 0.16 0.13 1.38 1.17 2
18.36 24.22 -5.86 2.86 0.11 0.15 1.04 1.38 15 20.58 -5.58 -3.42 0.11 0.15 0.86 1.18 3
12.74 25.61 -12.87 -8.13 0.09 0.17 0.72 1.45 14.2 21.53 -7.33 -0.67 0.1 0.15 0.81 1.23 1
19.62 32.3 -12.68 4.68 0.12 0.21 1.11 1.82 27.16 10.75 16.41 1.59 0.14 0.05 1.55 0.62 3
22.78 20.5 2.28 -4.28 0.12 0.11 1.22 1.1 28.72 15.3 13.42 -5.42 0.12 0.06 1.55 0.82 1
14.8 25.31 -10.51 0.51 0.11 0.19 0.8 1.37 19.61 27.13 -7.52 2.52 0.11 0.16 1.05 1.45 3
16.49 24.57 -8.08 2.08 0.09 0.14 0.9 1.33 14.39 23.48 -9.09 -2.91 0.09 0.14 0.77 1.26 3
26.67 21.43 5.24 2.76 0.16 0.13 1.44 1.15 23.57 12.54 11.03 -5.03 0.11 0.06 1.27 0.68 3
14.95 12.08 2.87 4.13 0.1 0.08 0.81 0.66 16.49 25.69 -9.2 -8.8 0.1 0.16 0.88 1.38 2
23.91 21.93 1.98 3.02 0.13 0.12 1.29 1.18 27.16 18.2 8.96 8.04 0.13 0.09 1.47 0.98 2
14.28 25.28 -11 0 0.1 0.17 0.77 1.36 23.43 14.67 8.76 0.24 0.12 0.08 1.26 0.79 1
23.23 15.63 7.6 4.4 0.12 0.08 1.25 0.84 17.91 21.83 -3.92 -3.08 0.11 0.14 0.97 1.18 3
20.35 19.47 0.88 2.12 0.1 0.1 1.1 1.05 20.21 34.25 -14.04 4.04 0.12 0.21 1.08 1.83 1
29.11 11.34 17.77 2.23 0.14 0.05 1.58 0.61 16.6 24.03 -7.43 -6.57 0.09 0.14 0.89 1.29 1
19.52 22.44 -2.92 -3.08 0.12 0.14 1 1.14 17.5 26.49 -8.99 -2.01 0.12 0.18 0.9 1.36 1
15.08 24.75 -9.67 -1.33 0.09 0.15 0.77 1.26 24.75 22.21 2.54 -0.54 0.12 0.11 1.26 1.13 3
20.79 29.83 -9.04 5.04 0.11 0.16 1.06 1.52 31.08 11.41 19.67 3.33 0.13 0.05 1.59 0.58 3
24.33 12.79 11.54 -4.54 0.1 0.05 1.24 0.65 24.26 22.45 1.81 3.19 0.12 0.11 1.24 1.15 1
22.1 37.13 -15.03 4.03 0.13 0.22 1.12 1.88 15.77 26.6 -10.83 0.83 0.1 0.17 0.81 1.36 1
24.75 16.16 8.59 -0.59 0.13 0.08 1.26 0.82 17.76 25.26 -7.5 0.5 0.09 0.13 0.91 1.3 1
16.67 26 -9.33 -7.67 0.09 0.15 0.85 1.33 15.63 12.87 2.76 4.24 0.1 0.08 0.8 0.66 3
27.68 18.55 9.13 7.87 0.13 0.09 1.42 0.95 26.92 22.19 4.73 2.27 0.15 0.13 1.37 1.13 2
30.43 17.27 13.16 -9.16 0.12 0.07 1.55 0.88 23.23 21.36 1.87 2.13 0.11 0.1 1.19 1.1 2
17.28 26.37 -9.09 -8.91 0.1 0.15 0.88 1.34 23.84 17.24 6.6 4.4 0.12 0.08 1.21 0.88 1
27.1 22.64 4.46 1.54 0.13 0.11 1.31 1.09 21.51 30.72 -9.21 4.21 0.11 0.16 1.04 1.48 1
17.73 27.81 -10.08 -1.92 0.12 0.19 0.86 1.35 28.4 23.31 5.09 1.91 0.16 0.13 1.37 1.13 2
18.05 27.28 -9.23 1.23 0.09 0.13 0.88 1.33 22.67 37.32 -14.65 4.65 0.13 0.21 1.09 1.8 2
31.97 12.13 19.84 4.16 0.13 0.05 1.55 0.59 25.97 13.1 12.87 -4.87 0.1 0.05 1.26 0.64 3
15.96 27.17 -11.21 0.21 0.1 0.17 0.78 1.32 20.84 22.67 -1.83 -3.17 0.12 0.13 1.01 1.1 2
26.77 16.45 10.32 -1.32 0.13 0.08 1.3 0.8 15.51 27.1 -11.59 -3.41 0.09 0.15 0.75 1.31 3
24.24 17.33 6.91 3.09 0.11 0.08 1.17 0.84 16.94 26.87 -9.93 -8.07 0.09 0.14 0.82 1.3 1
24.57 24.09 0.48 3.52 0.12 0.12 1.2 1.17 32.55 18.04 14.51 -10.51 0.12 0.07 1.58 0.87 2
16.5 13.14 3.36 4.64 0.1 0.08 0.81 0.64 28.8 20.03 8.77 8.23 0.13 0.09 1.4 0.97 3
24 23.48 0.52 3.48 0.11 0.1 1.17 1.14 17.37 26.77 -9.4 -7.6 0.1 0.15 0.84 1.29 1
23.99 38 -14.01 4.01 0.13 0.2 1.1 1.74 27.28 16.81 10.47 -2.47 0.12 0.07 1.26 0.78 3
17.81 27.95 -10.14 -7.86 0.1 0.15 0.82 1.29 18.73 28.6 -9.87 1.87 0.08 0.13 0.87 1.33 3
18.15 29.12 -10.97 -8.03 0.09 0.15 0.84 1.35 29.98 22.85 7.13 1.87 0.13 0.1 1.38 1.05 1
33.29 20.76 12.53 -8.53 0.12 0.08 1.54 0.96 15.87 27.61 -11.74 -2.26 0.09 0.15 0.73 1.27 2
20.93 23.39 -2.46 -2.54 0.12 0.13 0.97 1.08 32.27 12.61 19.66 3.34 0.13 0.05 1.49 0.58 2
21.72 33.6 -11.88 3.88 0.11 0.17 1 1.54 27.29 24.83 2.46 1.54 0.12 0.11 1.27 1.15 1
29.5 20.21 9.29 8.71 0.12 0.08 1.37 0.94 16.68 27.26 -10.58 -0.42 0.1 0.16 0.77 1.26 1
26.45 13.4 13.05 -4.05 0.1 0.05 1.22 0.62 25.18 23.92 1.26 3.74 0.11 0.1 1.17 1.11 2
19.18 28.82 -9.64 -2.36 0.12 0.18 0.89 1.34 16.68 13.84 2.84 4.16 0.1 0.08 0.78 0.64 3
29.41 24.76 4.65 2.35 0.16 0.13 1.36 1.14 26.49 18.54 7.95 3.05 0.11 0.08 1.22 0.85 1
17.03 28.05 -11.02 -0.98 0.09 0.16 0.75 1.24 27.37 13.79 13.58 -4.58 0.1 0.05 1.21 0.61 1
19.81 14 5.81 2.19 0.11 0.08 0.88 0.62 22.86 34.76 -11.9 4.9 0.11 0.16 1 1.52 2
28.45 25.97 2.48 0.52 0.12 0.11 1.26 1.15 18.51 30.21 -11.7 -6.3 0.09 0.15 0.82 1.33 2
33.03 13.3 19.73 3.27 0.13 0.05 1.46 0.59 30.62 25.86 4.76 3.24 0.16 0.13 1.35 1.14 2
28.61 18.49 10.12 -1.12 0.12 0.08 1.26 0.82 21.62 24.15 -2.53 -2.47 0.12 0.13 0.96 1.07 1
25.57 24.84 0.73 4.27 0.11 0.1 1.13 1.1 30.29 20.56 9.73 9.27 0.12 0.08 1.34 0.91 2
20.95 29 -8.05 2.05 0.09 0.12 0.93 1.29 34.72 21.84 12.88 -8.88 0.12 0.08 1.53 0.96 2
31.07 23.21 7.86 0.14 0.13 0.09 1.36 1.02 18.21 30.17 -11.96 -8.04 0.09 0.15 0.8 1.32 2
16.95 29.04 -12.09 -1.91 0.09 0.15 0.74 1.28 25.67 39.33 -13.66 2.66 0.13 0.2 1.12 1.72 2
27.59 19.75 7.84 2.16 0.11 0.08 1.21 0.87 19.34 31.95 -12.61 -0.39 0.11 0.19 0.86 1.41 1
21.95 24.41 -2.46 -3.54 0.11 0.13 0.93 1.03 29.68 27.36 2.32 0.68 0.12 0.11 1.26 1.16 1
19.55 34.12 -14.57 -1.43 0.11 0.19 0.83 1.44 18.43 28.48 -10.05 -0.95 0.1 0.15 0.78 1.21 2
27.8 15.19 12.61 -4.61 0.1 0.05 1.18 0.64 25.81 40.45 -14.64 3.64 0.13 0.2 1.08 1.7 3
35.36 22.43 12.93 -8.93 0.12 0.08 1.49 0.95 28.87 18.82 10.05 -0.05 0.12 0.08 1.22 0.8 3
19.9 31.44 -11.54 -6.46 0.09 0.14 0.84 1.33 21.54 29.64 -8.1 2.1 0.08 0.11 0.91 1.26 3
23.03 35.57 -12.54 5.54 0.11 0.16 0.97 1.49 27.07 26.2 0.87 4.13 0.11 0.11 1.15 1.11 2
18.49 31.03 -12.54 -7.46 0.09 0.15 0.78 1.3 18.07 29.18 -11.11 -2.89 0.09 0.14 0.76 1.23 2
31.55 26.82 4.73 3.27 0.16 0.13 1.33 1.13 20.62 14.17 6.45 1.55 0.11 0.07 0.88 0.6 3
29.76 19.96 9.8 3.2 0.11 0.08 1.25 0.84 33.99 14.23 19.76 3.24 0.12 0.05 1.44 0.6 2
31.65 22.06 9.59 9.41 0.12 0.08 1.34 0.93 31.93 23.49 8.44 -0.44 0.12 0.09 1.34 0.99 1
19.33 29.92 -10.59 -3.41 0.09 0.14 0.78 1.21 32.25 23.31 8.94 11.06 0.12 0.09 1.31 0.94 2
33.18 24.09 9.09 -2.09 0.12 0.09 1.34 0.97 28.35 15.58 12.77 -5.77 0.09 0.05 1.15 0.63 1
22.83 30.76 -7.93 2.93 0.08 0.11 0.93 1.25 24.28 37.42 -13.14 6.14 0.11 0.16 0.98 1.51 3
28.92 27.45 1.47 3.53 0.11 0.11 1.17 1.11 21.02 32.73 -11.71 -7.29 0.09 0.14 0.85 1.33 3
30.01 19.92 10.09 0.91 0.12 0.08 1.22 0.81 19.23 32.29 -13.06 -6.94 0.09 0.15 0.78 1.3 1
26.2 41 -14.8 4.8 0.13 0.2 1.05 1.65 36.46 23.57 12.89 -9.89 0.12 0.08 1.47 0.95 1
30.04 28.27 1.77 0.23 0.12 0.11 1.22 1.15 33.27 28.14 5.13 1.87 0.16 0.14 1.35 1.14 2
21.94 15.89 6.05 2.95 0.11 0.08 0.89 0.65 22.86 24.77 -1.91 -3.09 0.11 0.12 0.93 1.01 2
18.63 29.33 -10.7 -0.3 0.1 0.15 0.76 1.19 29.91 20.28 9.63 3.37 0.11 0.08 1.21 0.82 3
34.31 14.38 19.93 3.07 0.12 0.05 1.39 0.58 20.4 34.32 -13.92 -2.08 0.11 0.18 0.83 1.39 1
23.5 25.54 -2.04 -2.96 0.11 0.12 0.92 0.99 34.14 24.7 9.44 -1.44 0.12 0.08 1.32 0.95 1
20.89 35.32 -14.43 -2.57 0.11 0.18 0.81 1.37 23.03 32.75 -9.72 3.72 0.08 0.12 0.9 1.28 2
32.75 24.19 8.56 11.44 0.12 0.09 1.27 0.94 37.79 24.91 12.88 -10.88 0.12 0.08 1.47 0.97 1
28.96 16.54 12.42 -6.42 0.09 0.05 1.13 0.64 31.22 20.1 11.12 0.88 0.12 0.08 1.22 0.78 3
34.17 28.45 5.72 1.28 0.16 0.13 1.33 1.11 30.45 28.75 1.7 1.3 0.11 0.11 1.19 1.12 1
35.31 14.87 20.44 3.56 0.12 0.05 1.37 0.58 22.71 16.53 6.18 2.82 0.1 0.08 0.89 0.65 1
22.32 34.26 -11.94 -5.06 0.09 0.14 0.87 1.33 20.21 30.42 -10.21 -3.79 0.09 0.13 0.78 1.18 1
26.27 37.62 -11.35 5.35 0.11 0.16 1.02 1.45 18.89 30.26 -11.37 -0.63 0.09 0.15 0.74 1.18 1
19.41 33.5 -14.09 -6.91 0.09 0.15 0.75 1.3 27.54 42.33 -14.79 5.79 0.13 0.2 1.06 1.63 1
30.84 20.54 10.3 3.7 0.11 0.07 1.2 0.8 30.35 29.17 1.18 0.82 0.12 0.11 1.18 1.14 1
21.09 32.66 -11.57 -4.43 0.09 0.14 0.79 1.22 30.87 17.78 13.09 -8.09 0.09 0.05 1.15 0.66 3
34.63 26.1 8.53 -1.53 0.11 0.09 1.29 0.97 35.12 29.77 5.35 2.65 0.16 0.14 1.31 1.11 3
23.74 33.22 -9.48 3.48 0.08 0.11 0.89 1.24 34.08 25.24 8.84 13.16 0.12 0.09 1.27 0.94 2
38.84 26.24 12.6 -12.6 0.12 0.08 1.44 0.98 19.91 34.66 -14.75 -5.25 0.09 0.15 0.74 1.29 1
31.06 30.61 0.45 -1.45 0.11 0.11 1.17 1.15 21.36 36.03 -14.67 -2.33 0.1 0.17 0.8 1.34 2
19.72 31.79 -12.07 -1.93 0.09 0.15 0.74 1.19 24.56 35.14 -10.58 -4.42 0.1 0.14 0.92 1.32 3
28.7 42.83 -14.13 4.13 0.13 0.19 1.06 1.59 24.9 26.03 -1.13 -2.87 0.11 0.12 0.93 0.97 1
32.46 22.01 10.45 2.55 0.12 0.08 1.21 0.82 27.8 38.45 -10.65 6.65 0.11 0.15 1.03 1.43 3
23.2 18.29 4.91 2.09 0.1 0.08 0.87 0.69 32.28 21.25 11.03 5.97 0.11 0.08 1.2 0.79 1
31.77 29.7 2.07 -0.07 0.11 0.1 1.19 1.11 37.07 15.36 21.71 4.29 0.12 0.05 1.39 0.57 2
24.92 28.55 -3.63 -4.37 0.11 0.13 0.9 1.03 20.24 36.72 -16.48 -5.52 0.09 0.16 0.73 1.32 2
21.53 37.74 -16.21 -0.79 0.1 0.18 0.77 1.35 33.73 30.85 2.88 -0.88 0.11 0.1 1.21 1.11 2
35.6 26.53 9.07 12.93 0.12 0.09 1.28 0.95 31.22 42.85 -11.63 5.63 0.13 0.18 1.12 1.53 3
31.9 18.55 13.35 -5.35 0.09 0.05 1.15 0.67 40.9 26.57 14.33 -12.33 0.12 0.08 1.46 0.95 2
24.4 18.68 5.72 3.28 0.1 0.08 0.88 0.68 32.77 30.78 1.99 -2.99 0.11 0.11 1.18 1.11 2
35.69 30.11 5.58 4.42 0.16 0.13 1.28 1.08 25.03 34.74 -9.71 3.71 0.08 0.12 0.9 1.25 1
26.06 35.37 -9.31 -1.69 0.1 0.13 0.94 1.28 33.52 24.54 8.98 2.02 0.12 0.09 1.21 0.88 1
30.33 39.51 -9.18 7.18 0.12 0.15 1.09 1.42 21.86 33.69 -11.83 -7.17 0.09 0.14 0.79 1.21 2
32.67 22.45 10.22 4.78 0.11 0.08 1.17 0.81 34.97 26.67 8.3 -3.3 0.11 0.08 1.25 0.95 1
38.22 17.32 20.9 5.1 0.12 0.05 1.38 0.62 19.95 33.29 -13.34 -4.66 0.09 0.15 0.72 1.2 2
22 38.79 -16.79 -0.21 0.1 0.17 0.76 1.34 35.51 29.28 6.23 -3.23 0.11 0.09 1.23 1.01 1
25.62 36.16 -10.54 3.54 0.08 0.12 0.89 1.26 25.04 18.98 6.06 2.94 0.1 0.08 0.87 0.66 3
41.26 26.91 14.35 -12.35 0.12 0.08 1.42 0.93 27.35 36.91 -9.56 -0.44 0.1 0.13 0.95 1.28 1
34.78 31.32 3.46 -1.46 0.11 0.1 1.21 1.09 25.6 28.6 -3 -5 0.11 0.12 0.89 1 1
33.07 31.42 1.65 -2.65 0.11 0.11 1.15 1.09 40.04 18.32 21.72 4.28 0.12 0.05 1.39 0.64 3
20.29 37.4 -17.11 -4.89 0.08 0.16 0.7 1.3 32.24 18.91 13.33 -5.33 0.09 0.05 1.12 0.66 3
20.95 35.11 -14.16 -3.84 0.1 0.16 0.73 1.22 37.11 30.7 6.41 4.59 0.16 0.13 1.29 1.06 2
31.89 43.99 -12.1 9.1 0.13 0.18 1.1 1.52 31.63 40.32 -8.69 6.69 0.12 0.15 1.09 1.39 3
35.06 25.83 9.23 0.77 0.12 0.09 1.22 0.9 36.74 27.2 9.54 9.46 0.12 0.09 1.28 0.94 2
22.67 34.99 -12.32 -6.68 0.09 0.14 0.79 1.21 35.28 22.99 12.29 4.71 0.12 0.08 1.22 0.8 1
26.2 29.95 -3.75 -6.25 0.11 0.12 0.88 1.01 25.79 36.84 -11.05 3.05 0.08 0.11 0.87 1.24 2
23.23 39.92 -16.69 0.69 0.1 0.17 0.78 1.33 23.52 35.61 -12.09 -5.91 0.09 0.14 0.79 1.19 2
37.39 27.43 9.96 9.04 0.12 0.09 1.25 0.92 35.72 19.8 15.92 -3.92 0.1 0.05 1.2 0.66 2
38.38 30.74 7.64 3.36 0.16 0.13 1.29 1.03 41.56 27.85 13.71 -10.71 0.12 0.08 1.38 0.93 1
25.72 19.15 6.57 3.43 0.1 0.07 0.87 0.64 36.64 30.51 6.13 -4.13 0.11 0.09 1.22 1.02 1
28.29 37.21 -8.92 -2.08 0.1 0.13 0.95 1.25 32.4 46.2 -13.8 7.8 0.12 0.18 1.08 1.54 3
33.51 32.56 0.95 -4.95 0.11 0.11 1.13 1.09 20.99 36.38 -15.39 -2.61 0.09 0.16 0.71 1.22 3
33.84 40.83 -6.99 7.99 0.12 0.14 1.13 1.36 21.18 40.88 -19.7 -6.3 0.09 0.16 0.71 1.37 2
41.18 18.76 22.42 6.58 0.11 0.05 1.38 0.63 35.29 26.48 8.81 1.19 0.12 0.09 1.18 0.89 1
35.9 23.84 12.06 3.94 0.11 0.08 1.2 0.8 36.13 31.92 4.21 -0.21 0.11 0.1 1.21 1.07 2
23.99 36.26 -12.27 -5.73 0.09 0.13 0.78 1.18 26.77 30.5 -3.73 -6.27 0.11 0.12 0.87 0.99 1
35.97 20.35 15.62 -3.62 0.09 0.05 1.17 0.66 28.98 38.85 -9.87 -3.13 0.09 0.13 0.94 1.26 3
42.46 28.68 13.78 -11.78 0.12 0.08 1.37 0.92 35.09 41.76 -6.67 7.67 0.12 0.14 1.13 1.35 3
36.54 33.96 2.58 1.42 0.11 0.1 1.18 1.1 33.94 34.49 -0.55 -4.45 0.11 0.11 1.1 1.12 2
35.4 27.33 8.07 0.93 0.12 0.09 1.15 0.89 23.88 40.39 -16.51 0.51 0.1 0.16 0.77 1.3 1
22.11 42.13 -20.02 -5.98 0.09 0.17 0.72 1.36 37.94 27.68 10.26 8.74 0.11 0.08 1.23 0.9 3
22.92 36.81 -13.89 -3.11 0.1 0.16 0.74 1.2 27.61 19.4 8.21 4.79 0.1 0.07 0.9 0.63 1
34.04 46.89 -12.85 8.85 0.12 0.17 1.09 1.51 39.21 31.64 7.57 4.43 0.16 0.13 1.27 1.02 3
36.89 32.4 4.49 -5.49 0.11 0.09 1.19 1.04 42.03 18.87 23.16 6.84 0.11 0.05 1.36 0.61 2
26.34 37.41 -11.07 3.07 0.08 0.11 0.86 1.22 37.94 24.25 13.69 2.31 0.11 0.07 1.23 0.78 2
27.22 32.64 -5.42 -5.58 0.11 0.13 0.86 1.03 43.27 30.25 13.02 -15.02 0.11 0.08 1.35 0.94 3
25.51 42.19 -16.68 -1.32 0.1 0.16 0.8 1.32 22.52 44.31 -21.79 -6.21 0.09 0.17 0.71 1.39 3
38.51 25.1 13.41 2.59 0.11 0.07 1.2 0.78 34.37 47.24 -12.87 7.87 0.12 0.17 1.07 1.47 2
42.13 19.15 22.98 7.02 0.11 0.05 1.32 0.6 27.19 37.98 -10.79 2.79 0.08 0.11 0.85 1.19 1
29.52 42.24 -12.72 0.72 0.09 0.13 0.93 1.32 40.12 28.09 12.03 8.97 0.12 0.08 1.26 0.88 3
34.26 35.31 -1.05 -3.95 0.11 0.11 1.08 1.11 37.17 32.5 4.67 -5.67 0.11 0.09 1.16 1.01 2
36.66 42.57 -5.91 10.91 0.12 0.14 1.15 1.33 39.36 20.89 18.47 -7.47 0.1 0.05 1.23 0.66 1
23.23 37.23 -14 -2 0.1 0.16 0.73 1.17 37.36 34.28 3.08 0.92 0.11 0.1 1.17 1.08 3
39.56 31.97 7.59 5.41 0.15 0.12 1.24 1 26.13 36.71 -10.58 -6.42 0.09 0.13 0.82 1.15 1
28.03 19.71 8.32 3.68 0.1 0.07 0.88 0.62 37.2 28.96 8.24 2.76 0.12 0.09 1.17 0.91 2
26.33 37.16 -10.83 -7.17 0.09 0.13 0.8 1.13 44.29 20.77 23.52 7.48 0.12 0.05 1.35 0.63 3
38.21 32.92 5.29 -6.29 0.1 0.09 1.16 1 23.98 38.21 -14.23 -3.77 0.1 0.15 0.73 1.17 1
41.26 29.6 11.66 10.34 0.12 0.09 1.25 0.9 37.87 43 -5.13 11.13 0.12 0.13 1.15 1.3 1
28.81 40.14 -11.33 2.33 0.08 0.12 0.88 1.22 34.68 36.35 -1.67 -3.33 0.11 0.11 1.06 1.11 1
39.79 22.1 17.69 -7.69 0.1 0.05 1.21 0.67 29.19 33.58 -4.39 -7.61 0.11 0.13 0.89 1.02 2
25.32 44.6 -19.28 -6.72 0.09 0.16 0.77 1.35 31.03 43.38 -12.35 -0.65 0.09 0.13 0.94 1.32 2
38.34 35.03 3.31 2.69 0.11 0.1 1.17 1.07 29.89 21.13 8.76 3.24 0.1 0.07 0.91 0.65 1
38.62 30.82 7.8 3.2 0.12 0.09 1.18 0.94 40.01 32.17 7.84 6.16 0.15 0.12 1.21 0.98 3
34.46 48.6 -14.14 9.14 0.12 0.17 1.04 1.47 25.8 44.99 -19.19 -0.81 0.1 0.17 0.78 1.36 3
44.21 32.22 11.99 -12.99 0.11 0.08 1.34 0.97 39.87 25.19 14.68 1.32 0.11 0.07 1.21 0.76 3
30.05 23.55 6.5 4.5 0.1 0.08 0.89 0.7 35.98 51.34 -15.36 9.36 0.12 0.17 1.05 1.5 2
39.34 33.7 5.64 -5.64 0.1 0.09 1.15 0.99 40.76 35.19 5.57 1.43 0.11 0.09 1.2 1.04 3
28.54 46.51 -17.97 -1.03 0.1 0.17 0.84 1.37 39.98 22.29 17.69 -7.69 0.1 0.05 1.18 0.66 2
41.13 25.89 15.24 2.76 0.11 0.07 1.21 0.76 40.28 33.31 6.97 1.03 0.12 0.1 1.19 0.98 3
46.78 21.24 25.54 7.46 0.12 0.05 1.38 0.63 44.91 33.48 11.43 -14.43 0.11 0.08 1.32 0.98 2
32.54 44.85 -12.31 -0.69 0.09 0.13 0.96 1.32 39.09 46.5 -7.41 11.41 0.12 0.14 1.15 1.36 1
35.4 37.37 -1.97 -4.03 0.11 0.12 1.05 1.1 26.8 39.65 -12.85 -7.15 0.09 0.13 0.79 1.17 2
29.38 33.77 -4.39 -7.61 0.11 0.13 0.87 1 44.76 30.82 13.94 10.06 0.12 0.09 1.32 0.91 3
24.76 39.34 -14.58 -4.42 0.1 0.15 0.73 1.16 29.83 40.86 -11.03 3.03 0.08 0.11 0.88 1.21 2
42.5 33.83 8.67 8.33 0.16 0.13 1.25 1 26.79 46.11 -19.32 -6.68 0.1 0.16 0.79 1.36 1
28.49 39.86 -11.37 -8.63 0.09 0.13 0.82 1.14 25.39 39.61 -14.22 -4.78 0.09 0.15 0.73 1.14 3
30.1 41.49 -11.39 3.39 0.08 0.11 0.86 1.19 42.01 36.19 5.82 2.18 0.11 0.09 1.2 1.04 1
41.81 24.22 17.59 -7.59 0.1 0.06 1.2 0.69 30.48 23.87 6.61 4.39 0.1 0.08 0.88 0.69 2
45.69 34.95 10.74 -13.74 0.11 0.09 1.3 1 30.47 48.34 -17.87 -1.13 0.1 0.16 0.87 1.38 1
40.46 47.67 -7.21 10.21 0.12 0.14 1.15 1.36 45.28 34.19 11.09 7.91 0.16 0.12 1.29 0.98 3
27.15 48.89 -21.74 -6.26 0.09 0.17 0.78 1.4 48.25 22.02 26.23 6.77 0.12 0.05 1.38 0.63 3
36.3 51.77 -15.47 9.47 0.12 0.17 1.03 1.47 35.61 39.06 -3.45 -2.55 0.11 0.12 1.02 1.12 3
33.71 46.22 -12.51 0.51 0.09 0.13 0.96 1.32 29.87 34.68 -4.81 -9.19 0.11 0.12 0.86 1 1
45.67 31.31 14.36 11.64 0.12 0.08 1.31 0.9 41.92 26.76 15.16 1.84 0.11 0.07 1.2 0.76 1
41.15 34.1 7.05 1.95 0.12 0.1 1.18 0.98 40.34 34.95 5.39 -6.39 0.1 0.09 1.15 1 2
29.92 35.26 -5.34 -9.66 0.11 0.13 0.83 0.98 41.32 49.51 -8.19 10.19 0.12 0.14 1.14 1.37 1
41.68 36.81 4.87 -5.87 0.1 0.09 1.15 1.02 30.92 42.28 -11.36 4.36 0.08 0.11 0.86 1.18 3
32.52 51.5 -18.98 -2.02 0.11 0.17 0.9 1.43 46.86 33.12 13.74 14.26 0.12 0.09 1.3 0.92 1
42.8 37.01 5.79 1.21 0.11 0.09 1.19 1.03 29.31 41.84 -12.53 -9.47 0.09 0.13 0.82 1.16 2
27.37 40.43 -13.06 -3.94 0.1 0.14 0.76 1.13 28.65 50.91 -22.26 -6.74 0.09 0.17 0.79 1.41 3
50.27 23.52 26.75 7.25 0.12 0.06 1.4 0.65 38.25 52.54 -14.29 7.29 0.12 0.16 1.06 1.45 1
47.12 35.05 12.07 7.93 0.16 0.12 1.31 0.97 34.29 46.27 -11.98 0.98 0.09 0.13 0.95 1.29 1
30.88 24.47 6.41 4.59 0.1 0.08 0.86 0.68 48.85 37 11.85 -12.85 0.11 0.09 1.35 1.02 1
43.73 27.95 15.78 -0.78 0.11 0.07 1.21 0.77 42.41 24.62 17.79 -7.79 0.09 0.05 1.18 0.68 1
36.38 41.01 -4.63 -0.37 0.11 0.12 1.01 1.14 43.01 35.44 7.57 1.43 0.12 0.1 1.2 0.99 2
