2.72 1.02 1.7 -0.7 0.11 0.04 2.6 0.98 1.21 1.76 -0.55 -0.45 0.13 0.2 1.16 1.69 1
1.76 1.21 0.55 0.45 0.18 0.12 1.69 1.16 1.12 0.3 0.82 0.18 0.04 0.01 1.11 0.3 1
0.81 0.39 0.42 0.58 0.06 0.03 0.77 0.37 1.77 2.17 -0.4 0.4 0.2 0.24 1.77 2.17 1
2.19 0.9 1.29 -1.29 0.15 0.06 2.12 0.87 1.02 2.72 -1.7 0.7 0.17 0.45 0.98 2.6 1
0.5 1.17 -0.67 -1.33 0.04 0.08 0.48 1.13 1.5 1.14 0.36 0.64 0.13 0.1 1.48 1.13 2
0.31 2.54 -2.23 -1.77 0.05 0.42 0.3 2.48 0.39 0.81 -0.42 -0.58 0.04 0.09 0.37 0.77 2
0.3 1.12 -0.82 -0.18 0.03 0.12 0.3 1.11 1.17 0.5 0.67 1.33 0.12 0.05 1.13 0.48 1
1.14 1.5 -0.36 -0.64 0.09 0.12 1.13 1.48 0.46 1.34 -0.88 -0.12 0.05 0.13 0.44 1.27 2
2.17 1.77 0.4 -0.4 0.14 0.11 2.17 1.77 0.9 2.19 -1.29 1.29 0.08 0.2 0.87 2.12 1
1.34 0.46 0.88 0.12 0.08 0.03 1.27 0.44 2.54 0.31 2.23 1.77 0.16 0.02 2.48 0.3 2
1.31 2.5 -1.19 1.19 0.04 0.08 0.63 1.2 4.34 3.05 1.29 -0.29 0.11 0.07 2.07 1.45 1
1.02 1.55 -0.53 -0.47 0.05 0.07 0.5 0.75 2.3 3.33 -1.03 0.03 0.09 0.13 1.13 1.63 3
1.87 3.41 -1.54 0.54 0.14 0.26 0.92 1.69 5.34 1.36 3.98 -0.98 0.13 0.03 2.56 0.65 3
6.56 1.65 4.91 0.09 0.18 0.05 3.16 0.79 4.16 2.16 2 -1 0.13 0.07 2.03 1.06 1
1.77 7.09 -5.32 -0.68 0.14 0.55 0.85 3.39 2.53 1.95 0.58 0.42 0.09 0.07 1.22 0.94 2
5.13 3.31 1.82 2.18 0.14 0.09 2.48 1.6 1.35 3.01 -1.66 -0.34 0.05 0.11 0.63 1.4 3
2.29 2.5 -0.21 -0.79 0.1 0.11 1.1 1.2 2.05 0.49 1.56 0.44 0.07 0.02 0.99 0.24 1
1.55 4.38 -2.83 -0.17 0.09 0.24 0.74 2.1 1.05 3.17 -2.12 -1.88 0.06 0.19 0.52 1.57 1
1.29 4.18 -2.89 1.89 0.05 0.17 0.62 2.01 3.96 1.4 2.56 -0.56 0.12 0.04 1.88 0.66 1
3.34 1.99 1.35 -0.35 0.13 0.08 1.57 0.94 1.75 2.48 -0.73 0.73 0.08 0.12 0.85 1.21 1
4.6 3.91 0.69 1.31 0.12 0.1 1.51 1.28 3.31 5.39 -2.08 0.08 0.15 0.25 1.09 1.78 3
5.39 2.38 3.01 -4.01 0.11 0.05 1.73 0.77 7.38 1.76 5.62 0.38 0.15 0.04 2.36 0.56 1
1.54 5.88 -4.34 -0.66 0.06 0.23 0.5 1.92 2.27 5.61 -3.34 5.34 0.07 0.17 0.74 1.82 3
4.69 5.37 -0.68 0.68 0.1 0.11 1.49 1.7 2.75 7.99 -5.24 -0.76 0.13 0.36 0.88 2.57 2
3.23 4.96 -1.73 -0.27 0.09 0.13 1.05 1.62 1.6 3.85 -2.25 -1.75 0.06 0.13 0.52 1.26 1
7.32 2.8 4.52 -0.52 0.12 0.05 2.36 0.9 5.82 3.47 2.35 0.65 0.17 0.1 1.86 1.11 1
4.27 2.98 1.29 -1.29 0.11 0.08 1.38 0.96 3.33 3.15 0.18 -0.18 0.1 0.1 1.06 1.01 2
3.43 2.93 0.5 0.5 0.09 0.07 1.11 0.95 4.26 4.87 -0.61 -1.39 0.12 0.14 1.36 1.56 3
1.7 3.53 -1.83 0.83 0.05 0.1 0.54 1.12 3.63 2.85 0.78 0.22 0.06 0.05 1.16 0.91 2
2.7 1.53 1.17 -0.17 0.07 0.04 0.86 0.49 5.65 3.66 1.99 1.01 0.13 0.08 1.84 1.19 1
6.33 6.25 0.08 1.92 0.13 0.13 1.52 1.5 4.7 5.11 -0.41 0.41 0.09 0.1 1.13 1.22 1
3.75 7.22 -3.47 2.47 0.12 0.23 0.92 1.78 2.03 5.61 -3.58 2.58 0.05 0.14 0.48 1.34 1
7.69 3.78 3.91 1.09 0.13 0.06 1.86 0.91 3.94 2.46 1.48 1.52 0.07 0.04 0.95 0.59 1
5.44 6.3 -0.86 7.86 0.12 0.14 1.33 1.54 6.43 4.35 2.08 -1.08 0.1 0.07 1.58 1.07 3
3.85 3.36 0.49 -0.49 0.09 0.08 0.93 0.81 7.41 2.69 4.72 -4.72 0.1 0.04 1.8 0.65 3
4.09 11.51 -7.42 1.42 0.12 0.34 0.98 2.76 4.48 3.5 0.98 -0.98 0.1 0.08 1.1 0.86 3
2.3 4.37 -2.07 -2.93 0.06 0.12 0.55 1.05 8.21 6.71 1.5 -1.5 0.13 0.11 1.94 1.59 1
6.44 6.14 0.3 -1.3 0.12 0.11 1.53 1.46 3.75 5.66 -1.91 0.91 0.08 0.12 0.9 1.37 1
5.71 3.18 2.53 -1.53 0.07 0.04 1.37 0.76 6.58 4.9 1.68 -0.68 0.12 0.09 1.61 1.2 2
2.23 9.05 -6.82 -3.18 0.07 0.27 0.55 2.23 10.1 3.31 6.79 -1.79 0.13 0.04 2.44 0.8 3
7.32 4.71 2.61 -0.61 0.09 0.06 1.42 0.92 9.86 4.04 5.82 2.18 0.13 0.05 1.89 0.78 1
5.33 4.37 0.96 1.04 0.1 0.08 1.04 0.85 9.04 7.08 1.96 0.04 0.12 0.1 1.72 1.34 3
11.03 7.95 3.08 -5.08 0.13 0.09 2.09 1.5 2.3 11.53 -9.23 -2.77 0.06 0.31 0.45 2.26 1
9.35 6.08 3.27 -2.27 0.13 0.08 1.82 1.18 4.98 4.77 0.21 -2.21 0.09 0.09 0.96 0.92 2
2.54 7.67 -5.13 2.13 0.05 0.14 0.49 1.47 5.8 7.19 -1.39 7.39 0.11 0.13 1.13 1.4 2
4.69 8.26 -3.57 -0.43 0.08 0.14 0.9 1.59 4.96 12.36 -7.4 -0.6 0.11 0.27 0.95 2.37 1
12.58 3.38 9.2 -2.2 0.12 0.03 2.43 0.65 3.54 7.19 -3.65 0.65 0.07 0.15 0.68 1.38 1
8.82 3.82 5 -3 0.1 0.04 1.7 0.73 5.81 7.73 -1.92 2.92 0.12 0.16 1.14 1.52 1
4.2 4.63 -0.43 0.43 0.07 0.07 0.8 0.89 8.21 7.65 0.56 3.44 0.11 0.11 1.58 1.47 3
6.1 6.99 -0.89 -1.11 0.09 0.11 1.17 1.34 6.89 5.95 0.94 0.06 0.07 0.06 1.32 1.14 2
13.76 8.97 4.79 -2.79 0.13 0.08 2.19 1.43 10.3 7.59 2.71 0.29 0.12 0.09 1.63 1.2 1
14.12 3.71 10.41 -1.41 0.12 0.03 2.27 0.6 11.67 3.91 7.76 -2.76 0.1 0.03 1.88 0.63 1
9.18 6.02 3.16 -0.16 0.1 0.07 1.49 0.97 3.65 9.89 -6.24 3.24 0.05 0.15 0.58 1.58 1
3.87 8.73 -4.86 -0.14 0.07 0.16 0.62 1.4 5.84 5.63 0.21 0.79 0.09 0.09 0.95 0.91 1
5.78 13.94 -8.16 -1.84 0.11 0.25 0.92 2.22 5.17 5.81 -0.64 -1.36 0.09 0.1 0.83 0.93 3
11.17 5.9 5.27 1.73 0.12 0.06 1.79 0.94 10.39 6.27 4.12 -3.12 0.12 0.07 1.68 1.02 1
3.32 14.26 -10.94 -5.06 0.07 0.3 0.54 2.34 6.27 9.08 -2.81 0.81 0.08 0.12 1 1.45 3
5.9 10.58 -4.68 2.68 0.11 0.2 0.97 1.74 7.47 9.55 -2.08 0.08 0.11 0.14 1.2 1.53 1
9.94 8.53 1.41 4.59 0.12 0.1 1.59 1.37 9.45 7.32 2.13 -1.13 0.08 0.06 1.51 1.17 3
8.02 8.3 -0.28 6.28 0.12 0.13 1.3 1.34 5.08 6.36 -1.28 -0.72 0.07 0.09 0.81 1.02 1
6.8 6.13 0.67 -1.67 0.09 0.08 0.93 0.84 4.78 15.68 -10.9 -6.1 0.07 0.24 0.67 2.19 1
3.84 10.85 -7.01 2.01 0.05 0.15 0.52 1.48 5.49 9.34 -3.85 -0.15 0.08 0.13 0.76 1.29 1
6.45 7.25 -0.8 0.8 0.08 0.09 0.9 1.01 17.65 5.73 11.92 -0.92 0.13 0.04 2.44 0.79 3
8.5 10.31 -1.81 -1.19 0.1 0.12 1.17 1.42 15.64 9.83 5.81 -1.81 0.13 0.08 2.15 1.35 3
7.69 10.54 -2.85 1.85 0.09 0.12 1.05 1.44 6.66 11.61 -4.95 3.95 0.1 0.18 0.94 1.63 3
10.82 7.69 3.13 0.87 0.08 0.06 1.48 1.05 6.1 15.57 -9.47 -1.53 0.1 0.25 0.83 2.12 1
11.04 7.22 3.82 -4.82 0.11 0.07 1.53 1 8.92 9.72 -0.8 7.8 0.11 0.12 1.24 1.35 3
11.16 9.47 1.69 -0.69 0.11 0.1 1.53 1.3 12.12 6.55 5.57 3.43 0.12 0.07 1.66 0.9 1
13.69 7.44 6.25 -3.25 0.11 0.06 1.89 1.03 10.31 9.9 0.41 2.59 0.11 0.11 1.42 1.36 1
6.5 7.26 -0.76 -2.24 0.08 0.09 0.9 1 10.14 6.21 3.93 1.07 0.09 0.06 1.4 0.86 3
16.72 11.43 5.29 0.71 0.13 0.09 2.01 1.38 9.55 8.45 1.1 -5.1 0.11 0.09 1.15 1.02 3
20.27 6.33 13.94 -0.94 0.13 0.04 2.46 0.77 9.15 12.22 -3.07 0.07 0.08 0.11 1.1 1.47 2
7.05 9.87 -2.82 0.82 0.08 0.11 0.86 1.2 14.97 8.1 6.87 -1.87 0.11 0.06 1.82 0.98 3
6.53 17.7 -11.17 -6.83 0.09 0.23 0.8 2.16 10.1 11.39 -1.29 -3.71 0.1 0.11 1.22 1.38 2
6.47 18.08 -11.61 -1.39 0.09 0.24 0.77 2.16 12.73 7.64 5.09 -7.09 0.11 0.06 1.54 0.93 3
5.94 11.06 -5.12 -0.88 0.07 0.13 0.71 1.33 8.82 7.88 0.94 -0.94 0.1 0.09 1.06 0.94 2
8.34 13.07 -4.73 5.73 0.12 0.18 1.03 1.61 11.89 10.45 1.44 0.56 0.11 0.1 1.42 1.25 3
13.1 7.28 5.82 2.18 0.12 0.07 1.57 0.87 5.56 11.3 -5.74 2.74 0.07 0.14 0.66 1.35 2
11.33 9.26 2.07 3.93 0.1 0.08 1.37 1.12 13.33 8.06 5.27 0.73 0.09 0.05 1.6 0.97 1
9.34 11.41 -2.07 10.07 0.1 0.13 1.13 1.39 10.97 11.18 -0.21 1.21 0.1 0.11 1.33 1.35 2
15.49 8.47 7.02 -5.02 0.11 0.06 1.67 0.92 8.71 16.18 -7.47 6.47 0.12 0.22 0.95 1.76 1
11.38 12.71 -1.33 -3.67 0.09 0.1 1.22 1.36 22.61 7.26 15.35 -2.35 0.13 0.04 2.43 0.78 3
10.13 9.25 0.88 -0.88 0.1 0.09 1.08 0.99 14.5 8.23 6.27 1.73 0.12 0.07 1.56 0.88 2
11.54 12.51 -0.97 1.97 0.1 0.11 1.24 1.35 7.31 12.37 -5.06 -0.94 0.08 0.14 0.78 1.33 2
6.51 12.7 -6.19 3.19 0.07 0.14 0.69 1.35 7.3 20.84 -13.54 -3.46 0.09 0.27 0.78 2.22 1
10.08 14.56 -4.48 1.48 0.08 0.12 1.08 1.55 7.41 11.69 -4.28 -0.72 0.08 0.12 0.8 1.26 2
11.33 10.35 0.98 -2.98 0.12 0.11 1.21 1.11 7.85 18.98 -11.13 -6.87 0.09 0.23 0.85 2.06 3
14.11 10.31 3.8 1.2 0.09 0.06 1.5 1.1 10.67 11.98 -1.31 9.31 0.11 0.12 1.15 1.29 1
16.79 8.46 8.33 -0.33 0.11 0.05 1.81 0.91 18.62 13.21 5.41 -1.41 0.13 0.09 1.99 1.41 2
15 10.82 4.18 -0.18 0.12 0.09 1.6 1.15 13.58 10.04 3.54 3.46 0.1 0.07 1.46 1.08 3
19.62 9.81 9.81 -1.81 0.11 0.05 1.91 0.95 11.94 14.53 -2.59 -3.41 0.09 0.11 1.15 1.4 1
15.68 11.28 4.4 5.6 0.1 0.08 1.52 1.09 12.06 15.51 -3.45 0.45 0.09 0.12 1.16 1.49 1
15.98 8.97 7.01 0.99 0.12 0.07 1.55 0.87 19.97 16.04 3.93 0.07 0.13 0.11 1.93 1.55 2
24.43 7.82 16.61 -2.61 0.13 0.04 2.36 0.76 8.4 14.61 -6.21 4.21 0.08 0.14 0.81 1.4 1
16.24 12.92 3.32 -2.32 0.11 0.09 1.56 1.24 11.96 11.98 -0.02 -4.98 0.11 0.11 1.16 1.16 1
9.21 22.73 -13.52 -4.48 0.1 0.26 0.89 2.19 13.98 14.25 -0.27 1.27 0.11 0.11 1.35 1.38 3
9.87 19.6 -9.73 5.73 0.11 0.22 0.97 1.92 9.48 19.61 -10.13 -4.87 0.1 0.22 0.93 1.91 2
11.41 13.51 -2.1 9.1 0.11 0.13 1.11 1.31 10.87 10.73 0.14 -0.14 0.09 0.09 1.05 1.04 3
9.05 14.81 -5.76 -0.24 0.09 0.15 0.87 1.43 18.91 9.63 9.28 -4.28 0.12 0.06 1.84 0.94 3
8.36 13.67 -5.31 0.31 0.08 0.13 0.81 1.32 15.64 11.05 4.59 1.41 0.09 0.06 1.5 1.06 3
10.34 20.13 -9.79 -5.21 0.1 0.19 0.92 1.78 17.08 10.75 6.33 1.67 0.12 0.07 1.5 0.94 2
14.44 12.78 1.66 1.34 0.11 0.09 1.26 1.12 10.39 20.46 -10.07 6.07 0.1 0.21 0.92 1.82 3
12.83 14.76 -1.93 -6.07 0.11 0.13 1.13 1.3 9.47 16.45 -6.98 2.98 0.09 0.15 0.83 1.44 2
12.35 19.36 -7.01 -0.99 0.09 0.14 1.08 1.69 22.56 10.58 11.98 0.02 0.11 0.05 1.99 0.93 3
20.75 10.88 9.87 -3.87 0.11 0.06 1.83 0.96 19.53 11.57 7.96 7.04 0.12 0.07 1.71 1.01 1
9.66 24.6 -14.94 -5.06 0.1 0.26 0.84 2.15 10.3 16.65 -6.35 -0.65 0.09 0.15 0.9 1.46 2
21.75 17.14 4.61 -0.61 0.13 0.1 1.91 1.5 13.46 17.08 -3.62 7.62 0.12 0.15 1.18 1.5 1
12.71 17.47 -4.76 -5.24 0.09 0.12 1.11 1.53 8.71 14.97 -6.26 0.26 0.07 0.12 0.76 1.31 1
15.85 14.7 1.15 1.85 0.12 0.11 1.39 1.29 19.02 13.79 5.23 -1.23 0.11 0.08 1.67 1.21 2
16.94 11.4 5.54 1.46 0.09 0.06 1.47 0.99 26.27 8.89 17.38 -1.38 0.13 0.04 2.31 0.78 3
11.4 16.73 -5.33 -1.67 0.08 0.11 0.91 1.34 24.58 18.56 6.02 0.98 0.13 0.1 1.98 1.49 1
27.77 9.66 18.11 -0.11 0.12 0.04 2.24 0.78 14.37 15.78 -1.41 -6.59 0.12 0.13 1.16 1.28 1
20.73 14.58 6.15 5.85 0.12 0.08 1.67 1.17 10.83 21.61 -10.78 -4.22 0.1 0.19 0.88 1.76 1
11.29 21.43 -10.14 7.14 0.1 0.19 0.92 1.74 16.71 16.11 0.6 2.4 0.11 0.11 1.35 1.3 1
11.71 18.46 -6.75 -0.25 0.09 0.15 0.94 1.49 18.56 11.24 7.32 0.68 0.11 0.07 1.5 0.91 2
14.47 20.16 -5.69 -3.31 0.09 0.13 1.16 1.62 23.76 12.08 11.68 -2.68 0.12 0.06 1.92 0.98 1
25.16 11.06 14.1 -1.1 0.11 0.05 2.04 0.9 11.47 26.01 -14.54 -5.46 0.1 0.24 0.92 2.08 2
20.43 14.65 5.78 -1.78 0.11 0.08 1.64 1.18 17.71 12.9 4.81 0.19 0.09 0.06 1.41 1.03 2
12.83 21.96 -9.13 0.13 0.09 0.15 1.03 1.76 14.88 19.91 -5.03 6.03 0.12 0.16 1.2 1.6 2
10.49 17.99 -7.5 3.5 0.09 0.15 0.84 1.45 15.41 13.68 1.73 0.27 0.1 0.09 1.23 1.1 2
25.67 14.2 11.47 -3.47 0.12 0.07 1.92 1.06 27.9 11.49 16.41 -3.41 0.12 0.05 2.09 0.86 3
14.71 18.38 -3.67 -6.33 0.11 0.14 1.1 1.38 16.59 22.07 -5.48 -2.52 0.1 0.13 1.23 1.64 2
20.06 11.64 8.42 -0.42 0.11 0.06 1.5 0.87 30.37 10 20.37 -0.37 0.13 0.04 2.27 0.75 3
15.91 21.9 -5.99 6.99 0.12 0.16 1.19 1.63 12.11 19.96 -7.85 0.85 0.09 0.15 0.9 1.49 1
18.33 14.28 4.05 0.95 0.09 0.07 1.35 1.05 13.78 23.05 -9.27 7.27 0.11 0.18 1.03 1.73 1
16.41 13.82 2.59 -0.59 0.1 0.09 1.21 1.02 14.82 22.99 -8.17 -0.83 0.09 0.14 1.1 1.7 1
11.14 23.93 -12.79 -5.21 0.09 0.2 0.84 1.8 10.63 18.99 -8.36 4.36 0.09 0.15 0.79 1.41 2
18.33 18.6 -0.27 2.27 0.11 0.11 1.36 1.38 12.05 18.14 -6.09 0.09 0.08 0.11 0.89 1.34 2
11.9 28.75 -16.85 -3.15 0.1 0.24 0.88 2.13 21.81 15.27 6.54 -2.54 0.11 0.08 1.62 1.13 2
25.99 19.21 6.78 -0.78 0.12 0.09 1.93 1.42 23.05 14.89 8.16 6.84 0.11 0.07 1.71 1.1 2
32.27 10.87 21.4 1.6 0.13 0.04 2.24 0.75 25.27 16.53 8.74 6.26 0.11 0.08 1.74 1.14 1
29.24 12.15 17.09 -3.09 0.12 0.05 2.03 0.85 12.73 25.16 -12.43 -5.57 0.09 0.18 0.89 1.75 1
11.86 20.58 -8.72 4.72 0.08 0.14 0.82 1.42 27.63 21.43 6.2 -0.2 0.12 0.1 1.9 1.47 2
23.22 15.79 7.43 -3.43 0.11 0.07 1.6 1.09 17.18 23.31 -6.13 10.13 0.12 0.16 1.19 1.61 2
19.43 18.66 0.77 1.23 0.11 0.1 1.35 1.29 20.93 13.54 7.39 -2.39 0.1 0.07 1.46 0.94 2
18.92 22.74 -3.82 -4.18 0.1 0.12 1.31 1.57 13.52 21.23 -7.71 -2.29 0.1 0.15 0.94 1.47 1
14.13 24.95 -10.82 7.82 0.11 0.19 0.99 1.74 12.42 30.16 -17.74 -2.26 0.1 0.25 0.86 2.08 2
12.11 19.24 -7.13 1.13 0.07 0.12 0.83 1.32 26.33 15.54 10.79 -3.79 0.12 0.07 1.83 1.08 3
15.92 24.93 -9.01 -0.99 0.09 0.15 1.09 1.71 15.38 20.71 -5.33 -4.67 0.11 0.14 1.07 1.44 2
20.23 14.63 5.6 0.4 0.09 0.06 1.38 1 18.35 14.92 3.43 -0.43 0.1 0.08 1.26 1.02 2
26.29 18.23 8.06 5.94 0.11 0.08 1.69 1.17 13.21 22.36 -9.15 1.15 0.08 0.13 0.85 1.43 1
19.25 16.36 2.89 0.11 0.1 0.08 1.23 1.05 33.97 11.89 22.08 1.92 0.13 0.04 2.2 0.77 3
18.73 21.68 -2.95 -7.05 0.11 0.13 1.21 1.4 13.96 31.43 -17.47 -2.53 0.1 0.23 0.9 2.02 2
23.75 14.46 9.29 -4.29 0.11 0.07 1.54 0.93 22.12 24.94 -2.82 -4.18 0.11 0.13 1.42 1.61 1
13.12 27.08 -13.96 -8.04 0.09 0.18 0.85 1.76 20.35 21.48 -1.13 3.13 0.1 0.11 1.31 1.38 3
18.09 27.05 -8.96 12.96 0.12 0.18 1.16 1.74 15.4 26.49 -11.09 8.09 0.11 0.18 1 1.72 1
13.71 22.19 -8.48 4.48 0.09 0.15 0.88 1.42 31.16 12.54 18.62 -0.62 0.11 0.05 2.02 0.81 3
29.24 23.28 5.96 0.04 0.12 0.1 1.87 1.49 16.89 28.28 -11.39 1.39 0.1 0.16 1.08 1.81 1
29.45 16.64 12.81 -3.81 0.12 0.07 1.91 1.08 26.96 16.7 10.26 -6.26 0.11 0.07 1.73 1.07 1
15.72 24.43 -8.71 -2.29 0.1 0.16 1.01 1.58 21.67 15.53 6.14 -0.14 0.09 0.06 1.38 0.99 2
27.83 17.14 10.69 -7.69 0.11 0.07 1.68 1.03 14.26 23.47 -9.21 4.21 0.09 0.14 0.86 1.41 1
32.44 13.09 19.35 -0.35 0.11 0.05 1.97 0.79 19.39 22.72 -3.33 -6.67 0.11 0.13 1.18 1.38 1
13.61 24.66 -11.05 2.05 0.08 0.14 0.82 1.48 13.65 28.3 -14.65 -9.35 0.09 0.18 0.83 1.73 2
23.79 26.69 -2.9 -6.1 0.11 0.13 1.44 1.61 19.95 27.64 -7.69 13.69 0.12 0.17 1.2 1.67 3
19.51 30.59 -11.08 0.08 0.1 0.16 1.17 1.83 29.89 17.51 12.38 -2.38 0.12 0.07 1.82 1.07 1
22.23 15.75 6.48 -0.48 0.09 0.06 1.33 0.94 25.5 16.13 9.37 -2.37 0.11 0.07 1.54 0.98 3
21.57 22.01 -0.44 4.44 0.1 0.1 1.3 1.33 19.72 17.83 1.89 0.11 0.1 0.09 1.18 1.07 2
15 32.09 -17.09 -2.91 0.1 0.22 0.9 1.93 28.59 18.63 9.96 5.04 0.11 0.07 1.72 1.12 2
15.99 28.35 -12.36 7.36 0.11 0.19 0.98 1.73 15.94 24.99 -9.05 -1.95 0.1 0.15 0.96 1.51 2
35.44 12.36 23.08 1.92 0.13 0.04 2.16 0.75 31.55 25.9 5.65 1.35 0.12 0.1 1.89 1.56 1
14.82 28.53 -13.71 -10.29 0.09 0.17 0.85 1.63 22.81 16 6.81 -1.81 0.08 0.06 1.29 0.9 2
15.78 26.41 -10.63 3.63 0.09 0.15 0.89 1.49 21.74 32.91 -11.17 2.17 0.11 0.16 1.22 1.85 1
32.21 19.74 12.47 -4.47 0.12 0.08 1.84 1.13 37.23 12.67 24.56 1.44 0.13 0.04 2.13 0.73 2
25.75 16.71 9.04 -1.04 0.11 0.07 1.47 0.95 16.96 28.48 -11.52 6.52 0.1 0.18 0.97 1.63 3
16.07 25.96 -9.89 -1.11 0.09 0.15 0.91 1.48 30.77 18.66 12.11 -7.11 0.11 0.07 1.74 1.06 3
21.84 29.15 -7.31 15.31 0.12 0.16 1.24 1.65 15.43 34.38 -18.95 -1.05 0.1 0.23 0.88 1.95 1
19.84 24.53 -4.69 -6.31 0.1 0.13 1.13 1.4 13.84 25.83 -11.99 2.99 0.08 0.14 0.78 1.46 2
31.86 27.69 4.17 1.83 0.12 0.1 1.8 1.57 24.23 22.43 1.8 2.2 0.1 0.09 1.38 1.28 1
20.14 20.49 -0.35 2.35 0.1 0.1 1.14 1.16 25.3 28.58 -3.28 -7.72 0.12 0.13 1.43 1.62 1
30.88 19.06 11.82 3.18 0.12 0.07 1.75 1.08 34.25 13.54 20.71 -0.71 0.11 0.04 1.95 0.77 1
38.82 14.54 24.28 1.72 0.13 0.05 2.1 0.79 22.22 29.44 -7.22 17.22 0.12 0.15 1.19 1.57 1
15.72 34.76 -19.04 -2.96 0.1 0.22 0.84 1.86 15.64 30.31 -14.67 -9.33 0.08 0.16 0.84 1.64 1
25.54 29.39 -3.85 -10.15 0.11 0.13 1.37 1.57 31.55 19.81 11.74 4.26 0.12 0.07 1.69 1.06 3
22.78 34.43 -11.65 1.65 0.1 0.16 1.21 1.83 27.07 17.24 9.83 -2.83 0.1 0.06 1.46 0.93 2
17.49 29.8 -12.31 8.31 0.1 0.18 0.95 1.61 35.79 28.35 7.44 0.56 0.12 0.1 1.92 1.52 3
32.15 19.03 13.12 -6.12 0.11 0.07 1.72 1.02 20.95 20.73 0.22 4.78 0.09 0.09 1.12 1.11 2
24.89 26.36 -1.47 3.47 0.1 0.11 1.34 1.42 34.08 21.33 12.75 -4.75 0.12 0.08 1.84 1.15 3
14.01 26.28 -12.27 3.27 0.07 0.14 0.75 1.4 17.3 27.45 -10.15 4.15 0.09 0.15 0.92 1.47 1
35 14.21 20.79 -1.79 0.11 0.04 1.88 0.76 16.44 27.34 -10.9 -2.1 0.09 0.15 0.88 1.47 1
24.59 16.82 7.77 -2.77 0.08 0.06 1.31 0.9 20.29 24.7 -4.41 -6.59 0.1 0.12 1.09 1.33 1
37.77 28.65 9.12 0.88 0.12 0.09 1.92 1.45 22.44 21.52 0.92 4.08 0.1 0.09 1.14 1.09 1
15.9 26.58 -10.68 3.68 0.07 0.12 0.8 1.34 17.79 31.78 -13.99 7.99 0.1 0.18 0.91 1.63 3
32.11 20.25 11.86 5.14 0.11 0.07 1.63 1.03 25.67 29.63 -3.96 1.96 0.1 0.11 1.31 1.51 2
15.94 30.76 -14.82 -10.18 0.08 0.15 0.82 1.58 37.35 22.11 15.24 -3.24 0.13 0.08 1.91 1.13 3
29.03 17.62 11.41 -4.41 0.1 0.06 1.48 0.9 23.54 31.52 -7.98 16.98 0.12 0.16 1.19 1.59 2
20.87 27.48 -6.61 -5.39 0.1 0.13 1.07 1.4 17 29.29 -12.29 -1.71 0.09 0.15 0.87 1.49 2
17.6 29.34 -11.74 3.74 0.09 0.15 0.89 1.48 25.98 29.95 -3.97 -11.03 0.11 0.13 1.32 1.52 2
36.95 14.77 22.18 -2.18 0.11 0.04 1.88 0.75 32.94 20.52 12.42 -5.42 0.11 0.07 1.67 1.04 1
23.16 36.39 -13.23 3.23 0.1 0.16 1.16 1.83 27.37 17.4 9.97 -3.97 0.09 0.06 1.38 0.88 3
40.9 15.86 25.04 1.96 0.13 0.05 2.09 0.81 16.17 35.06 -18.89 -2.11 0.09 0.21 0.82 1.78 1
26.67 30.26 -3.59 1.59 0.1 0.11 1.29 1.46 18.32 30.72 -12.4 4.4 0.09 0.15 0.88 1.48 1
25 32.89 -7.89 16.89 0.12 0.16 1.2 1.58 16.91 28.51 -11.6 3.6 0.07 0.12 0.81 1.37 1
29 18.64 10.36 -2.36 0.09 0.06 1.39 0.9 38.48 15.77 22.71 -1.71 0.11 0.04 1.86 0.76 2
16.46 38.04 -21.58 -2.42 0.09 0.21 0.8 1.84 30.4 19.08 11.32 -4.32 0.1 0.06 1.47 0.92 3
39.61 22.41 17.2 -0.2 0.13 0.07 1.93 1.09 41.22 29.36 11.86 -0.86 0.13 0.09 1.99 1.42 2
18.07 30.62 -12.55 -1.45 0.09 0.15 0.87 1.48 16.24 33.02 -16.78 -13.22 0.08 0.16 0.79 1.61 3
19.72 32.79 -13.07 8.07 0.11 0.18 0.96 1.59 22.2 28.55 -6.35 -5.65 0.1 0.13 1.08 1.38 3
23.15 24.97 -1.82 5.82 0.09 0.1 1.11 1.2 32.74 21.25 11.49 5.51 0.11 0.07 1.58 1.03 1
33.94 22.05 11.89 -5.89 0.1 0.07 1.64 1.07 43.88 16.15 27.73 2.27 0.13 0.05 2.13 0.79 3
27.36 30.67 -3.31 -11.69 0.11 0.13 1.32 1.48 24.4 38.02 -13.62 1.62 0.1 0.15 1.17 1.82 3
29.1 32.89 -3.79 -13.21 0.11 0.13 1.34 1.51 18.76 39.56 -20.8 -4.2 0.09 0.2 0.86 1.82 2
39.06 16.29 22.77 -1.77 0.11 0.04 1.8 0.75 28.14 33.07 -4.93 17.93 0.12 0.14 1.29 1.51 1
45.25 17.5 27.75 3.25 0.13 0.05 2.09 0.81 22.4 34.14 -11.74 5.74 0.12 0.18 1.04 1.58 2
23.55 31.23 -7.68 -3.32 0.09 0.13 1.09 1.44 23.65 25.66 -2.01 7.01 0.09 0.1 1.08 1.18 2
26.62 39.76 -13.14 3.14 0.1 0.15 1.21 1.81 29.34 30.46 -1.12 2.12 0.1 0.1 1.35 1.4 2
17.09 31.65 -14.56 2.56 0.07 0.13 0.78 1.45 31.92 21.38 10.54 -2.54 0.1 0.07 1.47 0.98 2
33.43 21.75 11.68 4.32 0.11 0.07 1.54 1 19.39 32.08 -12.69 -5.31 0.09 0.15 0.89 1.48 3
43.25 32.19 11.06 -0.06 0.13 0.1 1.99 1.48 29.52 19.22 10.3 -2.3 0.09 0.06 1.35 0.88 2
17.7 34.34 -16.64 -9.36 0.08 0.16 0.82 1.59 35.29 23.42 11.87 -6.87 0.1 0.07 1.62 1.08 3
18.52 33.39 -14.87 3.87 0.08 0.15 0.85 1.53 42.44 24.44 18 -1 0.13 0.07 1.97 1.13 3
36.21 23.87 12.34 -6.34 0.1 0.07 1.59 1.05 31.75 33.95 -2.2 -14.8 0.12 0.13 1.4 1.49 1
19.82 42.21 -22.39 -2.61 0.09 0.2 0.87 1.86 44.95 32.68 12.27 -1.27 0.13 0.09 1.98 1.44 3
32.86 22.33 10.53 -2.53 0.1 0.07 1.44 0.98 41.33 16.94 24.39 -0.39 0.11 0.04 1.82 0.75 2
23.39 36.62 -13.23 7.23 0.11 0.18 1.03 1.62 34.71 22.29 12.42 2.58 0.11 0.07 1.52 0.98 3
19.93 33.36 -13.43 -3.57 0.09 0.15 0.88 1.47 27.39 40.28 -12.89 2.89 0.1 0.15 1.19 1.75 2
43.06 24.82 18.24 -0.24 0.13 0.07 1.91 1.1 23.99 31.66 -7.67 -3.33 0.09 0.12 1.06 1.4 1
24.08 26.1 -2.02 7.02 0.09 0.1 1.06 1.14 18.04 32.59 -14.55 2.55 0.07 0.13 0.79 1.42 1
28.79 35.34 -6.55 16.55 0.12 0.14 1.26 1.54 18.15 35.26 -17.11 -9.89 0.08 0.15 0.8 1.56 3
29.86 31.23 -1.37 2.37 0.1 0.1 1.31 1.37 47.73 18.49 29.24 1.76 0.13 0.05 2.1 0.81 3
30.01 20.92 9.09 -1.09 0.09 0.06 1.31 0.92 18.9 34.01 -15.11 3.11 0.08 0.15 0.83 1.49 1
50.37 18.84 31.53 2.47 0.13 0.05 2.12 0.79 18.6 36.17 -17.57 -8.43 0.08 0.16 0.79 1.53 1
19.94 35.81 -15.87 0.87 0.08 0.15 0.83 1.5 23.66 38.53 -14.87 7.87 0.11 0.18 1 1.63 1
45.32 25.93 19.39 -0.39 0.13 0.07 1.92 1.1 31.81 21.96 9.85 1.15 0.09 0.06 1.33 0.92 3
25.1 33.92 -8.82 -3.18 0.1 0.13 1.06 1.43 33.37 24.71 8.66 -0.66 0.1 0.07 1.4 1.04 3
32.15 35.3 -3.15 -14.85 0.12 0.13 1.35 1.49 30.21 33.87 -3.66 1.66 0.1 0.11 1.27 1.42 1
28.41 41.42 -13.01 3.01 0.1 0.15 1.18 1.72 37.56 24.27 13.29 -6.29 0.1 0.07 1.58 1.02 1
19.73 34.3 -14.57 1.57 0.07 0.13 0.82 1.43 20.82 43.35 -22.53 -5.47 0.09 0.19 0.88 1.82 1
36.62 22.56 14.06 1.94 0.11 0.07 1.54 0.95 29.7 35.79 -6.09 15.09 0.11 0.14 1.24 1.5 1
43.71 17.45 26.26 -2.26 0.11 0.04 1.84 0.73 25.79 27.79 -2 8 0.09 0.1 1.08 1.16 2
46.09 33.68 12.41 1.59 0.13 0.09 1.94 1.42 21.07 34.38 -13.31 -3.69 0.09 0.14 0.89 1.45 1
32.96 22.82 10.14 2.86 0.09 0.06 1.32 0.92 33.89 35.53 -1.64 -13.36 0.12 0.13 1.37 1.44 1
26.23 30.32 -4.09 10.09 0.09 0.1 1.05 1.21 46.18 27.08 19.1 -2.1 0.13 0.07 1.88 1.1 1
18.97 37.78 -18.81 -10.19 0.08 0.16 0.77 1.53 47.51 35.4 12.11 2.89 0.13 0.09 1.92 1.43 3
30.9 37.75 -6.85 14.85 0.11 0.14 1.24 1.52 21.64 36.17 -14.53 0.53 0.09 0.14 0.87 1.45 1
22.86 45.32 -22.46 -6.54 0.09 0.19 0.92 1.83 29.25 42.47 -13.22 4.22 0.1 0.14 1.17 1.7 2
22.79 35.8 -13.01 -4.99 0.09 0.14 0.92 1.44 51.98 19.21 32.77 4.23 0.13 0.05 2.1 0.78 3
30.44 35.61 -5.17 0.17 0.1 0.11 1.23 1.44 26.37 37.09 -10.72 -4.28 0.1 0.14 1.07 1.5 2
24.02 40.23 -16.21 8.21 0.11 0.18 0.97 1.63 46.24 17.89 28.35 -4.35 0.11 0.04 1.86 0.72 3
36.54 25.98 10.56 0.44 0.1 0.07 1.47 1.04 38.58 23.76 14.82 2.18 0.11 0.07 1.55 0.96 2
38.61 25.11 13.5 -7.5 0.1 0.07 1.56 1.01 21.7 36.34 -14.64 2.64 0.08 0.13 0.87 1.45 1
21.95 38.57 -16.62 1.62 0.08 0.15 0.85 1.49 40.01 24.82 15.19 1.81 0.11 0.07 1.54 0.96 1
34.02 36.95 -2.93 -15.07 0.12 0.13 1.32 1.43 24.29 41.84 -17.55 5.55 0.11 0.18 0.94 1.63 2
34.38 22.95 11.43 4.57 0.09 0.06 1.33 0.89 30.62 36.64 -6.02 1.02 0.09 0.11 1.18 1.42 1
40.53 26.38 14.15 -6.15 0.11 0.07 1.57 1.02 49.56 37.04 12.52 3.48 0.13 0.1 1.92 1.43 1
27.74 31.03 -3.29 11.29 0.09 0.1 1.07 1.19 23.22 45.76 -22.54 -6.46 0.09 0.18 0.9 1.77 1
29.69 42.83 -13.14 4.14 0.1 0.14 1.14 1.64 20.61 39.83 -19.22 -10.78 0.08 0.16 0.8 1.55 2
27.4 37.27 -9.87 -5.13 0.1 0.13 1.06 1.45 33.3 38.06 -4.76 13.76 0.12 0.13 1.28 1.47 3
22.97 38.26 -15.29 1.29 0.08 0.13 0.88 1.47 23.54 36.39 -12.85 -6.15 0.09 0.13 0.91 1.41 1
46.89 28.59 18.3 -3.3 0.12 0.08 1.83 1.12 37.6 27.41 10.19 0.81 0.1 0.07 1.44 1.05 1
47.85 18.16 29.69 -1.69 0.11 0.04 1.85 0.7 52.57 19.96 32.61 5.39 0.13 0.05 2.04 0.77 3
53.05 22.12 30.93 8.07 0.13 0.05 1.98 0.83 24.71 40.3 -15.59 2.59 0.08 0.13 0.91 1.49 1
26.56 44.24 -17.68 5.68 0.11 0.19 0.99 1.65 30.12 43.57 -13.45 4.45 0.09 0.13 1.11 1.61 1
24.7 46.67 -21.97 -10.03 0.09 0.18 0.92 1.74 34.99 23.52 11.47 5.53 0.09 0.06 1.3 0.87 3
25.58 38.13 -12.55 -7.45 0.09 0.13 0.95 1.42 23.4 39.82 -16.42 2.42 0.09 0.15 0.87 1.47 1
21.35 40.26 -18.91 -11.09 0.08 0.16 0.8 1.51 28.65 32.51 -3.86 14.86 0.09 0.1 1.06 1.2 3
41.26 26.27 14.99 1.01 0.11 0.07 1.52 0.97 28.12 38.12 -10 -6 0.1 0.13 1.05 1.42 1
34.15 38.78 -4.63 14.63 0.11 0.13 1.26 1.44 49.08 29.51 19.57 -2.57 0.12 0.07 1.84 1.11 3
31.19 37.25 -6.06 0.06 0.09 0.11 1.16 1.38 50.01 18.64 31.37 -4.37 0.11 0.04 1.86 0.69 2
38.52 29.6 8.92 0.08 0.1 0.08 1.42 1.09 42.65 27.13 15.52 -4.52 0.11 0.07 1.59 1.01 2
50.31 39.16 11.15 1.85 0.13 0.1 1.87 1.46 36.42 39.22 -2.8 -15.2 0.12 0.13 1.36 1.46 1
23.97 42.77 -18.8 2.8 0.09 0.15 0.85 1.52 39.1 30.49 8.61 0.39 0.1 0.08 1.39 1.09 1
32 38.04 -6.04 0.04 0.09 0.11 1.14 1.36 35.89 40.74 -4.85 13.85 0.11 0.13 1.28 1.45 3
28.3 38.79 -10.49 -7.51 0.1 0.13 1.01 1.39 51.11 39.48 11.63 2.37 0.13 0.1 1.83 1.41 1
29.59 33.33 -3.74 15.74 0.09 0.1 1.05 1.19 28.53 38.7 -10.17 -7.83 0.09 0.13 1.02 1.39 3
31.04 45.07 -14.03 4.03 0.09 0.13 1.1 1.6 55.21 22.22 32.99 9.01 0.13 0.05 1.99 0.8 1
51.04 31.25 19.79 -1.79 0.13 0.08 1.85 1.13 24.97 47.54 -22.57 -10.43 0.09 0.18 0.89 1.7 2
36.74 40.02 -3.28 -15.72 0.12 0.13 1.32 1.44 22.17 41.2 -19.03 -11.97 0.08 0.15 0.8 1.48 1
43.54 27.71 15.83 -4.83 0.11 0.07 1.56 0.99 28.06 45.16 -17.1 6.1 0.11 0.18 1.01 1.62 1
50.8 19.45 31.35 -4.35 0.11 0.04 1.82 0.7 24.81 42.46 -17.65 1.65 0.08 0.13 0.88 1.51 1
35.86 23.79 12.07 5.93 0.09 0.06 1.28 0.85 41.93 26.45 15.48 2.52 0.11 0.07 1.49 0.94 3
25.76 49.21 -23.45 -9.55 0.09 0.18 0.89 1.7 25.89 43.2 -17.31 2.31 0.09 0.15 0.89 1.49 3
25.5 43.93 -18.43 0.43 0.08 0.14 0.88 1.51 31.97 45.24 -13.27 5.27 0.09 0.13 1.09 1.55 1
55.38 23.15 32.23 7.77 0.13 0.05 1.92 0.8 38.62 41.38 -2.76 -15.24 0.12 0.13 1.34 1.43 1
37.13 42.3 -5.17 16.17 0.11 0.13 1.28 1.45 37.17 26.72 10.45 6.55 0.09 0.07 1.28 0.92 1
28.23 46.6 -18.37 4.37 0.11 0.18 0.98 1.62 52.71 32.04 20.67 -2.67 0.13 0.08 1.84 1.12 3
39.53 32.41 7.12 0.88 0.1 0.08 1.36 1.11 31.55 35.4 -3.85 14.85 0.09 0.1 1.08 1.22 2
23.53 43.08 -19.55 -12.45 0.08 0.15 0.82 1.49 29.44 40.31 -10.87 -6.13 0.1 0.13 1.02 1.39 3
30.6 40.66 -10.06 -6.94 0.1 0.13 1.06 1.41 33.56 39.28 -5.72 -2.28 0.09 0.11 1.15 1.35 1
52.63 40.62 12.01 0.99 0.12 0.1 1.82 1.4 52.27 20.14 32.13 -3.13 0.11 0.04 1.81 0.7 3
44.86 27.76 17.1 1.9 0.11 0.07 1.54 0.95 44.98 27.88 17.1 -3.1 0.1 0.06 1.56 0.96 3
37.84 28.59 9.25 6.75 0.09 0.07 1.25 0.95 27.16 46.07 -18.91 2.91 0.08 0.14 0.9 1.53 2
27.44 44.11 -16.67 4.67 0.09 0.15 0.91 1.47 57.26 23.42 33.84 7.16 0.13 0.05 1.92 0.78 3
38.89 43.26 -4.37 -14.63 0.12 0.13 1.3 1.45 55.88 22.43 33.45 -1.45 0.11 0.04 1.86 0.75 1
54.92 44.23 10.69 -0.69 0.13 0.1 1.83 1.47 41.91 32.74 9.17 -1.17 0.1 0.08 1.39 1.09 2
31.88 37.78 -5.9 16.9 0.09 0.11 1.06 1.25 39 42.97 -3.97 15.97 0.11 0.12 1.29 1.43 1
24.27 43.39 -19.12 -13.88 0.08 0.14 0.81 1.45 28.72 51.02 -22.3 6.3 0.11 0.19 0.96 1.71 1
34.11 46.9 -12.79 2.79 0.09 0.13 1.13 1.55 46.25 29.1 17.15 0.85 0.11 0.07 1.53 0.96 3
29.75 41.05 -11.3 -4.7 0.1 0.13 0.99 1.37 46.32 29.27 17.05 -2.05 0.11 0.07 1.55 0.98 1
34.1 41.34 -7.24 -1.76 0.09 0.11 1.13 1.37 26.67 50.76 -24.09 -11.91 0.09 0.18 0.89 1.7 1
57.13 32.53 24.6 -4.6 0.13 0.07 1.92 1.09 32.66 41.2 -8.54 -7.46 0.1 0.13 1.09 1.37 1
30.23 52.75 -22.52 5.52 0.11 0.19 0.97 1.7 32.84 37.91 -5.07 17.07 0.09 0.1 1.05 1.21 2
59 23.79 35.21 7.79 0.13 0.05 1.91 0.77 40.83 29.32 11.51 4.49 0.09 0.07 1.31 0.94 1
39.13 43.93 -4.8 15.8 0.11 0.12 1.25 1.41 55.89 45.02 10.87 -0.87 0.12 0.1 1.8 1.45 3
42.7 33.71 8.99 -0.99 0.1 0.08 1.37 1.08 26 44.9 -18.9 -13.1 0.08 0.14 0.84 1.45 3
27.81 45.85 -18.04 4.04 0.09 0.15 0.89 1.47 30.92 41.83 -10.91 -4.09 0.1 0.13 1 1.35 1
27.89 49.06 -21.17 5.17 0.08 0.14 0.89 1.57 40.54 43.77 -3.23 -14.77 0.12 0.12 1.31 1.41 1
48.95 29.25 19.7 2.3 0.11 0.07 1.57 0.94 58.71 33.51 25.2 -2.2 0.13 0.07 1.91 1.09 2
47.1 30.44 16.66 -2.66 0.1 0.07 1.52 0.98 36.68 42.88 -6.2 1.2 0.09 0.11 1.18 1.38 2
56.39 24.08 32.31 -1.31 0.11 0.05 1.81 0.77 34.26 49.6 -15.34 1.34 0.09 0.13 1.09 1.59 2
33.64 42.78 -9.14 -9.86 0.1 0.13 1.09 1.38 28.21 53.34 -25.13 -14.87 0.1 0.18 0.91 1.72 1
31.98 44.75 -12.77 -3.23 0.1 0.14 1 1.4 61.24 24.9 36.34 7.66 0.13 0.05 1.92 0.78 1
57.56 46.22 11.34 -0.34 0.12 0.1 1.79 1.44 30.2 50.63 -20.43 5.43 0.08 0.14 0.94 1.57 1
41.94 31.56 10.38 4.62 0.09 0.07 1.3 0.98 51 31.56 19.44 -5.44 0.11 0.07 1.59 0.99 1
33.88 38.15 -4.27 16.27 0.09 0.1 1.05 1.18 30.73 46.91 -16.18 3.18 0.09 0.14 0.96 1.46 2
43.72 34.44 9.28 -2.28 0.1 0.08 1.36 1.07 35.85 43.19 -7.34 -8.66 0.1 0.12 1.12 1.35 2
40.33 45.6 -5.27 15.27 0.11 0.12 1.25 1.41 34.94 51.51 -16.57 2.57 0.09 0.13 1.08 1.59 1
37.8 46.78 -8.98 3.98 0.1 0.12 1.17 1.45 30.47 53.79 -23.32 6.32 0.11 0.19 0.95 1.68 2
28.62 55.55 -26.93 -16.07 0.09 0.18 0.9 1.74 58.3 24.76 33.54 -2.54 0.11 0.05 1.81 0.77 3
26.73 45.92 -19.19 -11.81 0.08 0.14 0.83 1.43 49.91 29.46 20.45 1.55 0.11 0.07 1.55 0.91 3
58.92 34.47 24.45 -1.45 0.13 0.07 1.86 1.09 42.11 46.08 -3.97 -15.03 0.11 0.13 1.32 1.44 2
31.32 55.68 -24.36 7.36 0.11 0.2 0.95 1.68 43.33 32.55 10.78 5.22 0.09 0.07 1.3 0.98 2
36.01 44.06 -8.05 -7.95 0.1 0.12 1.09 1.34 43.64 45.97 -2.33 14.33 0.11 0.12 1.31 1.38 1
31.51 48.35 -16.84 3.84 0.09 0.14 0.95 1.45 27.38 49.29 -21.91 -11.09 0.08 0.14 0.83 1.49 1
42.49 50.98 -8.49 -10.51 0.11 0.14 1.28 1.54 33.19 45.32 -12.13 -2.87 0.1 0.13 1 1.37 3
35.31 54.82 -19.51 3.51 0.09 0.14 1.06 1.64 35.32 38.93 -3.61 15.61 0.09 0.1 1.06 1.17 3
51.99 32.95 19.04 -6.04 0.11 0.07 1.57 1 28.75 57.86 -29.11 -15.89 0.09 0.19 0.87 1.76 3
30.71 52.22 -21.51 5.51 0.08 0.14 0.92 1.57 39.69 47.63 -7.94 2.94 0.1 0.11 1.19 1.43 2
61.81 26.11 35.7 7.3 0.13 0.05 1.88 0.79 44.59 34.6 9.99 -2.99 0.1 0.07 1.34 1.04 1
53.28 30.11 23.17 0.83 0.12 0.07 1.6 0.9 59.15 46.73 12.42 -0.42 0.12 0.1 1.78 1.41 2
60.61 24.89 35.72 -2.72 0.11 0.04 1.83 0.75 63.82 34.85 28.97 -5.97 0.13 0.07 1.95 1.06 3
37.02 44.93 -7.91 -5.09 0.1 0.12 1.09 1.32 44.39 52.61 -8.22 -12.78 0.12 0.14 1.3 1.54 1
59.88 49.27 10.61 1.39 0.12 0.1 1.75 1.44 33.05 48.87 -15.82 3.82 0.09 0.14 0.96 1.42 1
55.82 30.84 24.98 -0.98 0.12 0.06 1.63 0.9 63.22 28.11 35.11 8.89 0.12 0.06 1.86 0.83 2
27.9 50.83 -22.93 -11.07 0.08 0.14 0.82 1.49 62.18 27.04 35.14 -3.14 0.11 0.05 1.82 0.79 3
29.39 60.14 -30.75 -13.25 0.09 0.19 0.86 1.77 32.62 56.16 -23.54 6.54 0.11 0.19 0.96 1.65 2
34.82 47.22 -12.4 -0.6 0.1 0.13 1.02 1.38 36.35 55.97 -19.62 2.62 0.09 0.14 1.06 1.63 2
44.51 46.98 -2.47 11.47 0.11 0.12 1.3 1.37 54.27 33.59 20.68 -8.68 0.11 0.07 1.59 0.98 3
36.47 39.97 -3.5 16.5 0.09 0.1 1.06 1.16 43.81 33.85 9.96 6.04 0.09 0.07 1.28 0.99 1
65.97 36.42 29.55 -5.55 0.13 0.07 1.95 1.08 31.74 52.93 -21.19 5.19 0.08 0.14 0.93 1.55 1
46.59 36.01 10.58 -4.58 0.1 0.08 1.36 1.05 40.4 48.66 -8.26 3.26 0.1 0.12 1.18 1.42 3
64.13 29.79 34.34 9.66 0.12 0.06 1.84 0.85 37.9 40.41 -2.51 17.51 0.09 0.1 1.07 1.14 2
29.96 60.78 -30.82 -13.18 0.09 0.19 0.86 1.74 36.04 48.57 -12.53 -0.47 0.1 0.13 1.02 1.38 3
32.11 55.11 -23 5 0.08 0.14 0.91 1.56 57.5 31.75 25.75 -1.75 0.12 0.06 1.63 0.9 2
45.15 54.72 -9.57 -13.43 0.12 0.14 1.28 1.55 47.79 38.19 9.6 -4.6 0.1 0.08 1.35 1.08 1
55.71 35.62 20.09 -7.09 0.11 0.07 1.58 1.01 68.15 36.79 31.36 -5.36 0.13 0.07 1.96 1.06 3
33.26 56.73 -23.47 6.47 0.11 0.19 0.95 1.61 46.54 48.42 -1.88 9.88 0.11 0.12 1.32 1.37 2
42.58 49.86 -7.28 3.28 0.1 0.11 1.21 1.41 28.85 53.62 -24.77 -11.23 0.08 0.14 0.82 1.52 2
37.7 57.19 -19.49 2.49 0.09 0.13 1.06 1.61 62.54 49.86 12.68 2.32 0.12 0.1 1.78 1.42 2
64.97 27.99 36.98 -2.98 0.11 0.05 1.85 0.79 33.64 51.53 -17.89 2.89 0.09 0.14 0.95 1.46 1
44.25 35.28 8.97 5.03 0.09 0.07 1.25 1 39.13 45.69 -6.56 -4.44 0.1 0.12 1.12 1.3 1
0.41 0.29 0.12 -0.12 0.07 0.05 0.4 0.28 0.74 1.19 -0.45 0.45 0.25 0.4 0.72 1.15 2
0.98 1.04 -0.06 0.06 0.11 0.12 0.93 0.99 0.36 0.14 0.22 0.78 0.04 0.01 0.36 0.14 1
1.14 1.84 -0.7 -1.3 0.06 0.1 1.08 1.74 2.76 1.44 1.32 1.68 0.14 0.07 2.7 1.41 3
1.24 1.87 -0.63 0.63 0.18 0.27 1.17 1.77 1.04 0.98 0.06 -0.06 0.1 0.1 0.99 0.93 3
0.14 0.36 -0.22 -0.78 0.02 0.04 0.14 0.36 0.46 1.17 -0.71 0.71 0.05 0.13 0.45 1.13 1
1.19 0.74 0.45 -0.45 0.11 0.07 1.15 0.72 1.44 2.76 -1.32 -1.68 0.12 0.23 1.41 2.7 1
1.84 1.14 0.7 1.3 0.12 0.07 1.74 1.08 1.17 0.46 0.71 -0.71 0.2 0.08 1.13 0.45 1
1.87 1.24 0.63 -0.63 0.19 0.12 1.77 1.17 0.18 2.58 -2.4 2.4 0.05 0.65 0.18 2.55 1
0.29 0.41 -0.12 0.12 0.04 0.06 0.28 0.4 -1 0.41 0.29 0.12 -0.12 0.07 0.05 0.4 2
0.94 1.41 -0.47 0.47 0.05 0.07 0.47 0.7 2.58 0.18 2.4 -2.4 0.15 0.01 2.55 0.18 3
3.34 2.11 1.23 2.77 0.11 0.07 1.65 1.04 1.24 1.87 -0.63 -2.37 0.18 0.27 0.6 0.91 1
2.3 3 -0.7 -1.3 0.1 0.14 1.11 1.45 0.86 3.69 -2.83 2.83 0.06 0.25 0.42 1.79 1
1.53 2.66 -1.13 0.13 0.07 0.13 0.75 1.31 3.35 2.96 0.39 0.61 0.13 0.11 1.62 1.43 2
2.33 3.2 -0.87 0.87 0.12 0.17 1.12 1.54 1.63 1.43 0.2 -0.2 0.07 0.06 0.81 0.71 1
1.04 0.98 0.06 2.94 0.1 0.1 0.51 0.48 1.81 2.42 -0.61 -2.39 0.06 0.09 0.88 1.18 1
1.4 1.09 0.31 -0.31 0.07 0.06 0.67 0.52 2.25 1.62 0.63 0.37 0.09 0.06 1.09 0.79 1
3.44 1.98 1.46 -2.46 0.12 0.07 1.59 0.91 2.42 1.88 0.54 -0.54 0.11 0.08 1.17 0.91 3
2.22 2.16 0.06 -1.06 0.14 0.14 2.15 2.09 2.28 4.36 -2.08 2.08 0.09 0.17 1.07 2.04 3
3.88 3.57 0.31 0.69 0.13 0.12 1.88 1.73 3.41 1.53 1.88 1.12 0.09 0.04 1.07 0.48 1
3.12 6.08 -2.96 -3.04 0.08 0.16 1.02 1.99 3 5 -2 1 0.09 0.16 0.98 1.64 2
3.36 4.94 -1.58 2.58 0.09 0.13 1.06 1.56 4.7 2.29 2.41 3.59 0.2 0.1 1.54 0.75 3
5.69 4.43 1.26 -0.26 0.14 0.11 1.84 1.43 3.56 3.02 0.54 -2.54 0.1 0.09 1.12 0.95 1
3.15 3.76 -0.61 -1.39 0.08 0.09 1.02 1.22 6.62 2.77 3.85 2.15 0.13 0.05 2.17 0.91 1
1.79 4.61 -2.82 1.82 0.08 0.2 0.57 1.48 4.33 2.71 1.62 -2.62 0.12 0.08 1.41 0.88 1
3.46 2 1.46 -0.46 0.08 0.05 1.12 0.65 2.93 0.89 2.04 -0.04 0.14 0.04 1.43 0.44 1
1.9 5.15 -3.25 -1.75 0.16 0.43 0.62 1.67 2.8 3.24 -0.44 -1.56 0.1 0.11 1.35 1.57 2
2.69 3.63 -0.94 -1.06 0.07 0.1 0.85 1.15 4.66 4.72 -0.06 2.06 0.17 0.17 1.48 1.5 2
3.71 3.91 -0.2 -0.8 0.08 0.09 0.87 0.92 3.22 3.93 -0.71 -0.29 0.1 0.12 1.03 1.26 2
7.44 6.31 1.13 0.87 0.13 0.11 1.8 1.53 4.48 7.32 -2.84 2.84 0.08 0.13 1.06 1.74 1
4.43 3.43 1 -2 0.11 0.09 1.46 1.13 5.36 7.55 -2.19 -3.81 0.11 0.15 1.32 1.86 3
3.38 5.06 -1.68 -0.32 0.08 0.13 1.09 1.63 3.23 6.56 -3.33 3.33 0.09 0.17 0.78 1.59 3
7.08 3.41 3.67 3.33 0.18 0.09 1.73 0.83 4.59 4.04 0.55 -1.55 0.08 0.07 1.13 0.99 1
6.9 4.21 2.69 2.31 0.12 0.07 1.71 1.04 6.26 3.87 2.39 2.61 0.13 0.08 2 1.24 3
4.47 7.24 -2.77 1.77 0.11 0.18 1.1 1.79 6 3.5 2.5 1.5 0.11 0.07 1.47 0.86 1
5.94 5.11 0.83 1.17 0.14 0.12 1.43 1.23 3.72 5.73 -2.01 -2.99 0.16 0.24 0.9 1.39 1
5.44 4.77 0.67 -3.67 0.1 0.09 1.29 1.13 3.08 4.91 -1.83 -0.17 0.07 0.12 0.74 1.18 1
5.49 8.41 -2.92 1.92 0.08 0.12 1.05 1.61 5.76 8.19 -2.43 2.43 0.12 0.17 1.14 1.62 2
5.67 6.32 -0.65 -1.35 0.08 0.09 1.11 1.24 6.45 9.07 -2.62 -2.38 0.1 0.15 1.28 1.79 1
5.25 7.7 -2.45 5.45 0.11 0.16 1.02 1.5 7.49 4.95 2.54 1.46 0.11 0.07 1.47 0.97 2
5.14 4.55 0.59 -1.59 0.09 0.08 0.97 0.86 9.36 4.49 4.87 3.13 0.2 0.1 1.83 0.88 1
6.28 4.15 2.13 -4.13 0.14 0.09 1.54 1.02 4.52 7.08 -2.56 -2.44 0.09 0.14 1.1 1.73 2
3.86 5.36 -1.5 0.5 0.09 0.12 0.93 1.29 6.32 5.99 0.33 3.67 0.13 0.12 1.23 1.16 2
4.6 6.11 -1.51 -5.49 0.14 0.18 0.9 1.2 5.95 4.52 1.43 -3.43 0.13 0.1 1.47 1.12 2
7 4.46 2.54 3.46 0.12 0.08 1.67 1.06 7.11 5.57 1.54 -3.54 0.1 0.08 1.35 1.06 3
3.88 6.58 -2.7 -0.3 0.08 0.14 0.75 1.27 8.53 7.32 1.21 1.79 0.13 0.11 1.66 1.43 2
10.28 5.79 4.49 2.51 0.17 0.1 1.67 0.94 6.81 8.84 -2.03 5.03 0.13 0.17 1.1 1.43 3
9.89 8.33 1.56 1.44 0.13 0.11 1.6 1.35 7.8 5.41 2.39 1.61 0.11 0.08 1.48 1.03 1
8.06 6.37 1.69 -1.69 0.1 0.08 1.27 1.01 4.67 5.81 -1.14 0.14 0.09 0.12 0.9 1.12 1
6.77 6.8 -0.03 4.03 0.12 0.12 1.1 1.11 6.44 5.47 0.97 -0.97 0.09 0.08 1.02 0.87 2
7.46 11.56 -4.1 -1.9 0.11 0.18 1.22 1.9 6.09 7.6 -1.51 -5.49 0.14 0.18 0.99 1.23 2
7.44 6.01 1.43 -3.43 0.13 0.1 1.46 1.18 6.65 5.24 1.41 -3.41 0.13 0.1 1.31 1.03 1
5.61 7.45 -1.84 -3.16 0.1 0.13 1.1 1.46 8.16 7.33 0.83 -1.83 0.1 0.09 1.33 1.19 3
8.44 11.52 -3.08 3.08 0.12 0.17 1.37 1.87 4.89 7.94 -3.05 0.05 0.08 0.12 0.78 1.27 1
6.95 4.79 2.16 0.84 0.11 0.08 1.37 0.94 8.82 11.09 -2.27 1.27 0.1 0.13 1.4 1.76 1
10.31 7.83 2.48 -1.48 0.11 0.08 1.43 1.09 12.59 8.51 4.08 -0.08 0.14 0.09 1.74 1.17 3
7.58 8.29 -0.71 -6.29 0.12 0.13 1.06 1.15 9.36 7.08 2.28 -1.28 0.11 0.08 1.27 0.96 1
8.63 6.51 2.12 1.88 0.1 0.07 1.4 1.06 11.29 12.18 -0.89 3.89 0.13 0.15 1.57 1.7 2
5.38 7.11 -1.73 -0.27 0.08 0.11 0.87 1.15 8.15 13.05 -4.9 -1.1 0.11 0.18 1.15 1.84 1
9.03 12.05 -3.02 1.02 0.1 0.13 1.23 1.64 5.55 10.79 -5.24 -0.76 0.07 0.14 0.76 1.48 1
7.05 6.3 0.75 -3.75 0.12 0.11 1.15 1.03 12.11 7.56 4.55 0.45 0.15 0.09 1.68 1.05 2
6.51 6.53 -0.02 0.02 0.09 0.09 0.88 0.89 8.5 6.41 2.09 -3.09 0.12 0.09 1.39 1.05 1
8.58 10.67 -2.09 7.09 0.14 0.17 1.19 1.48 7.91 5 2.91 1.09 0.09 0.06 1.29 0.81 3
7.98 8.11 -0.13 3.13 0.11 0.11 1.26 1.28 6.11 9.6 -3.49 -3.51 0.09 0.15 0.99 1.56 1
8.97 6.04 2.93 2.07 0.09 0.06 1.25 0.84 7.71 8.27 -0.56 -2.44 0.1 0.11 1.08 1.16 2
6.66 11.76 -5.1 -2.9 0.09 0.16 0.92 1.63 6.39 7.41 -1.02 0.02 0.08 0.1 0.88 1.02 1
10.14 8.66 1.48 2.52 0.1 0.09 1.37 1.17 7.83 6.87 0.96 3.04 0.13 0.11 1.09 0.95 1
12.03 12.83 -0.8 3.8 0.12 0.13 1.46 1.56 9.72 9.01 0.71 -5.71 0.12 0.11 1.19 1.1 1
7.2 11.77 -4.57 -2.43 0.08 0.13 0.87 1.42 11.67 8.66 3.01 -4.01 0.1 0.07 1.41 1.05 2
10.08 9.22 0.86 -1.86 0.1 0.09 1.2 1.1 9.62 11.73 -2.11 6.11 0.12 0.15 1.16 1.42 2
13.42 9.87 3.55 2.45 0.13 0.1 1.62 1.19 9.28 7.25 2.03 1.97 0.09 0.07 1.29 1.01 3
14.08 8.22 5.86 -0.86 0.15 0.09 1.72 1 10.64 7.59 3.05 -5.05 0.13 0.09 1.49 1.06 1
10.01 13.7 -3.69 2.69 0.09 0.13 1.2 1.64 7.69 8.67 -0.98 1.98 0.09 0.1 0.92 1.03 2
11.3 7.74 3.56 1.44 0.1 0.07 1.38 0.94 10.69 10.44 0.25 -1.25 0.09 0.09 1.13 1.1 2
7.35 8.7 -1.35 -0.65 0.08 0.1 0.89 1.05 15.55 10.16 5.39 0.61 0.14 0.09 1.68 1.1 1
8.45 14.06 -5.61 -1.39 0.1 0.17 1.03 1.72 10.79 6.36 4.43 0.57 0.09 0.05 1.3 0.77 3
10.23 10 0.23 -6.23 0.12 0.11 1.11 1.09 13.91 11.89 2.02 2.98 0.13 0.11 1.5 1.28 2
12.58 9.06 3.52 -6.52 0.13 0.09 1.54 1.11 7.67 12.38 -4.71 -2.29 0.08 0.13 0.82 1.33 1
12.28 9.13 3.15 -4.15 0.1 0.07 1.33 0.99 11.1 9.13 1.97 3.03 0.1 0.08 1.31 1.08 1
8.3 7.83 0.47 2.53 0.12 0.11 1 0.94 8.03 10.09 -2.06 -0.94 0.1 0.12 0.98 1.23 3
8.73 9.82 -1.09 2.09 0.09 0.1 0.93 1.04 7.95 12.72 -4.77 -2.23 0.09 0.15 0.97 1.55 1
10.84 12.34 -1.5 5.5 0.12 0.14 1.16 1.32 11.16 14.74 -3.58 2.58 0.09 0.12 1.19 1.57 1
15.75 11.12 4.63 0.37 0.13 0.1 1.53 1.08 8.64 8.39 0.25 1.75 0.11 0.1 0.92 0.9 2
12.73 6.75 5.98 2.02 0.09 0.05 1.37 0.73 11.22 10.76 0.46 -6.46 0.11 0.11 1.09 1.05 1
9.36 14.95 -5.59 -2.41 0.09 0.14 0.91 1.45 11.99 8.14 3.85 1.15 0.09 0.06 1.3 0.88 2
11.09 11.13 -0.04 -0.96 0.09 0.09 1.06 1.06 13.02 13.34 -0.32 4.32 0.12 0.13 1.41 1.44 2
11.8 10.55 1.25 1.75 0.09 0.08 1.24 1.11 8.31 8.9 -0.59 -0.41 0.08 0.09 0.89 0.96 3
8.59 10.43 -1.84 -0.16 0.09 0.11 0.93 1.13 10.77 10.27 0.5 2.5 0.1 0.09 1.03 0.98 1
12.83 15.99 -3.16 1.16 0.09 0.12 1.23 1.53 8.84 16 -7.16 -2.84 0.1 0.18 0.96 1.74 2
8.4 14.76 -6.36 -2.64 0.09 0.15 0.91 1.59 15.15 10.75 4.4 -6.4 0.13 0.09 1.65 1.17 3
14.67 12.88 1.79 3.21 0.11 0.1 1.42 1.24 12.09 14.01 -1.92 6.92 0.12 0.13 1.16 1.35 1
17.94 12.47 5.47 -6.47 0.14 0.1 1.76 1.22 15.32 16.5 -1.18 -0.82 0.1 0.1 1.33 1.43 1
11.23 11.09 0.14 1.86 0.1 0.09 0.97 0.96 13.7 9.83 3.87 -2.87 0.1 0.07 1.33 0.95 1
9.94 9.47 0.47 1.53 0.1 0.1 0.96 0.91 10.12 17.55 -7.43 -2.57 0.1 0.17 0.98 1.71 1
9.35 18.49 -9.14 -0.86 0.1 0.19 0.91 1.8 13.37 11.13 2.24 -0.24 0.09 0.08 1.26 1.05 2
8.89 10.47 -1.58 1.58 0.08 0.09 0.86 1.01 10.69 15.87 -5.18 -2.82 0.08 0.12 0.94 1.4 3
12.34 13.78 -1.44 -5.56 0.11 0.12 1.09 1.21 13.62 15.1 -1.48 4.48 0.12 0.13 1.19 1.32 3
12.91 9.47 3.44 1.56 0.09 0.07 1.26 0.92 9.41 10.89 -1.48 0.48 0.09 0.11 0.92 1.06 1
14.52 15.27 -0.75 4.75 0.12 0.13 1.41 1.48 16.83 12.42 4.41 0.59 0.13 0.1 1.49 1.1 1
15.75 7.87 7.88 1.12 0.1 0.05 1.52 0.76 15.76 14.41 1.35 5.65 0.11 0.1 1.38 1.26 1
17.92 13.82 4.1 -1.1 0.13 0.1 1.45 1.12 17.45 8.2 9.25 2.75 0.1 0.05 1.53 0.72 2
11.32 18.53 -7.21 -3.79 0.1 0.16 1 1.64 15.51 10.25 5.26 0.74 0.09 0.06 1.37 0.91 2
12.14 18.87 -6.73 -0.27 0.09 0.13 0.98 1.52 10.09 20.61 -10.52 0.52 0.09 0.19 0.89 1.82 3
10.19 13.49 -3.3 1.3 0.1 0.13 0.9 1.19 15.92 16.36 -0.44 6.44 0.11 0.12 1.41 1.45 1
15.49 11.87 3.62 -1.62 0.1 0.07 1.34 1.02 19.62 14.19 5.43 -5.43 0.14 0.1 1.75 1.26 1
16.09 16.11 -0.02 4.02 0.11 0.11 1.29 1.29 11.89 11.92 -0.03 -0.97 0.09 0.09 1.04 1.04 2
13.92 11.31 2.61 -2.61 0.1 0.08 1.23 1 13.02 12.63 0.39 -1.39 0.1 0.09 1.13 1.1 2
14.32 15.86 -1.54 5.54 0.11 0.12 1.15 1.27 10.92 10.67 0.25 2.75 0.11 0.1 0.96 0.93 1
17.04 18.18 -1.14 -1.86 0.1 0.11 1.36 1.45 13.1 14.48 -1.38 -6.62 0.11 0.12 1.06 1.17 3
18.43 8.78 9.65 2.35 0.09 0.04 1.48 0.71 16.78 12.58 4.2 -1.2 0.09 0.07 1.33 0.99 2
11.39 12.16 -0.77 1.77 0.1 0.11 0.92 0.98 18.02 19.28 -1.26 -2.74 0.1 0.11 1.32 1.41 1
14.2 15.46 -1.26 -5.74 0.11 0.12 1.06 1.15 12.99 19.44 -6.45 -1.55 0.08 0.13 0.97 1.45 1
13.35 14.04 -0.69 -0.31 0.09 0.1 1.07 1.13 14.96 12.33 2.63 -2.63 0.09 0.08 1.21 1 1
16.27 11.9 4.37 1.63 0.09 0.07 1.32 0.97 12.71 11.31 1.4 1.6 0.1 0.09 1.01 0.9 1
10.66 21.46 -10.8 1.8 0.09 0.19 0.86 1.74 15.81 16.33 -0.52 6.52 0.11 0.11 1.17 1.21 3
17.67 17.74 -0.07 5.07 0.11 0.11 1.43 1.44 12.97 19.29 -6.32 -4.68 0.1 0.14 1.05 1.57 1
14.04 13.67 0.37 -1.37 0.1 0.09 1.12 1.09 11.57 15.24 -3.67 2.67 0.11 0.14 0.94 1.23 2
20.33 15.48 4.85 -5.85 0.14 0.11 1.66 1.26 18.21 17.57 0.64 3.36 0.11 0.11 1.35 1.3 1
18.76 18.46 0.3 2.7 0.1 0.1 1.29 1.27 10.96 22.06 -11.1 1.1 0.09 0.18 0.82 1.65 1
14.01 22.05 -8.04 -0.96 0.09 0.14 0.97 1.52 19.47 9.89 9.58 2.42 0.09 0.05 1.45 0.73 3
16.16 14.3 1.86 -3.86 0.09 0.08 1.21 1.07 16.81 16.48 0.33 -6.33 0.11 0.11 1.16 1.14 1
16.41 16.63 -0.22 7.22 0.11 0.11 1.13 1.15 21.22 16.03 5.19 -5.19 0.14 0.1 1.59 1.2 2
12.49 16.87 -4.38 3.38 0.1 0.13 0.93 1.26 15.32 15.24 0.08 0.92 0.1 0.1 1.14 1.13 1
13.9 21.09 -7.19 -5.81 0.09 0.14 1.04 1.58 15.67 14.59 1.08 -2.08 0.1 0.09 1.15 1.07 1
12.1 12.95 -0.85 2.85 0.09 0.1 0.9 0.96 18.7 12.74 5.96 2.04 0.1 0.07 1.4 0.96 2
17.89 13.62 4.27 -1.27 0.09 0.07 1.3 0.99 18.5 14.8 3.7 -0.7 0.13 0.11 1.39 1.11 3
13.55 13.74 -0.19 1.19 0.1 0.1 1 1.01 19.47 18.67 0.8 6.2 0.12 0.11 1.46 1.4 3
16.98 15.63 1.35 -4.35 0.1 0.09 1.16 1.07 13.07 13.99 -0.92 2.92 0.09 0.1 0.9 0.97 1
15.86 16.92 -1.06 1.06 0.1 0.11 1.1 1.17 19.69 13.69 6 2 0.1 0.07 1.37 0.96 2
21.08 10.82 10.26 3.74 0.1 0.05 1.45 0.75 14.94 22.4 -7.46 -3.54 0.09 0.14 1.04 1.56 2
22.86 16.34 6.52 -6.52 0.13 0.1 1.6 1.14 17.59 14.8 2.79 -0.79 0.09 0.08 1.22 1.03 2
17.29 17.86 -0.57 -9.43 0.11 0.11 1.12 1.16 19.41 15.94 3.47 -1.47 0.09 0.08 1.32 1.08 2
18.81 19.99 -1.18 -3.82 0.1 0.11 1.28 1.37 14.17 17.41 -3.24 3.24 0.1 0.12 0.98 1.21 2
11.31 23.17 -11.86 -0.14 0.09 0.17 0.79 1.61 13.78 16.83 -3.05 2.05 0.1 0.12 0.95 1.15 1
22.56 18.9 3.66 5.34 0.12 0.1 1.57 1.31 16.72 18.27 -1.55 8.55 0.1 0.11 1.08 1.18 1
20.82 16.32 4.5 -0.5 0.14 0.11 1.45 1.13 19.87 18.81 1.06 3.94 0.1 0.09 1.28 1.21 1
17 18.93 -1.93 1.93 0.1 0.11 1.1 1.22 24.77 20.84 3.93 6.07 0.12 0.1 1.61 1.35 2
14.15 15.92 -1.77 1.77 0.09 0.11 0.91 1.03 12.09 26.07 -13.98 2.98 0.09 0.18 0.78 1.69 3
16.76 23.84 -7.08 -3.92 0.1 0.14 1.09 1.55 22.97 18.83 4.14 1.86 0.14 0.12 1.49 1.22 2
16.68 17.61 -0.93 -1.07 0.1 0.1 1.07 1.12 18.91 16.71 2.2 -3.2 0.1 0.09 1.21 1.07 1
15.52 19.81 -4.29 4.29 0.1 0.13 1.01 1.29 18.83 18.27 0.56 -10.56 0.11 0.11 1.14 1.11 3
18.66 20.48 -1.82 7.82 0.11 0.12 1.13 1.24 14.94 23.66 -8.72 -2.28 0.08 0.13 0.96 1.52 1
21.7 14.83 6.87 1.13 0.1 0.07 1.42 0.97 24.1 18.53 5.57 -5.57 0.13 0.1 1.57 1.21 2
19.78 16.04 3.74 -1.74 0.1 0.08 1.29 1.04 22.52 12.64 9.88 4.12 0.09 0.05 1.45 0.81 2
19.82 17.48 2.34 -0.34 0.09 0.08 1.25 1.1 21.21 21.34 -0.13 -4.87 0.11 0.11 1.36 1.36 1
26.34 22.47 3.87 6.13 0.12 0.1 1.6 1.36 15.69 17.4 -1.71 0.71 0.09 0.1 0.95 1.05 1
13.57 27.61 -14.04 4.04 0.09 0.18 0.82 1.68 17.55 24.11 -6.56 -4.44 0.09 0.13 1.07 1.46 3
22.38 20.96 1.42 1.58 0.11 0.1 1.35 1.27 15.89 21.26 -5.37 4.37 0.1 0.13 0.97 1.3 1
22.54 23.29 -0.75 -7.25 0.11 0.11 1.35 1.4 20.79 16.71 4.08 -2.08 0.09 0.08 1.27 1.02 3
23.19 13.65 9.54 4.46 0.09 0.05 1.4 0.83 18.63 20.5 -1.87 1.87 0.1 0.11 1.13 1.24 1
23.24 19.62 3.62 2.38 0.14 0.12 1.41 1.19 22.59 15.28 7.31 0.69 0.1 0.07 1.38 0.94 1
24.55 19.42 5.13 -5.13 0.13 0.1 1.5 1.19 19.53 17.24 2.29 -4.29 0.1 0.09 1.17 1.03 1
20.28 18.64 1.64 -10.64 0.11 0.11 1.16 1.06 17.21 18.23 -1.02 0.02 0.1 0.1 1.03 1.09 2
16.8 24.4 -7.6 -4.4 0.09 0.13 1.01 1.47 21.77 18.81 2.96 2.04 0.09 0.08 1.29 1.12 3
20.25 19.41 0.84 -5.84 0.1 0.1 1.14 1.09 26.3 21.01 5.29 4.71 0.15 0.12 1.5 1.2 2
23.98 18.34 5.64 -1.64 0.1 0.07 1.38 1.06 25.9 14.89 11.01 5.99 0.1 0.06 1.48 0.85 3
19.87 23.21 -3.34 0.34 0.1 0.12 1.13 1.33 22.86 24.75 -1.89 -9.11 0.1 0.11 1.29 1.4 1
17.22 20.53 -3.31 1.31 0.09 0.11 0.98 1.17 26.72 20.14 6.58 -3.58 0.13 0.1 1.53 1.16 1
17.57 18.92 -1.35 0.35 0.09 0.1 0.99 1.07 23.65 21.58 2.07 1.93 0.1 0.09 1.34 1.23 3
16.51 22.53 -6.02 4.02 0.1 0.13 0.95 1.29 15.15 30.49 -15.34 2.34 0.09 0.19 0.86 1.74 2
24.32 19.48 4.84 1.16 0.1 0.08 1.36 1.09 29.47 24 5.47 5.53 0.12 0.1 1.69 1.37 2
20.43 25.69 -5.26 -2.74 0.1 0.12 1.16 1.46 17.47 26.95 -9.48 -3.52 0.09 0.13 0.99 1.53 2
22.25 17.03 5.22 -0.22 0.09 0.07 1.28 0.98 19.4 22.34 -2.94 9.94 0.11 0.12 1.1 1.27 2
27.06 16.02 11.04 6.96 0.1 0.06 1.46 0.86 18.98 21.5 -2.52 -0.48 0.09 0.1 1.01 1.15 3
15.5 32.55 -17.05 4.05 0.09 0.2 0.84 1.76 23.04 21.46 1.58 -6.58 0.1 0.1 1.22 1.14 3
24.37 26.21 -1.84 -10.16 0.1 0.11 1.3 1.4 25.11 19.5 5.61 -2.61 0.09 0.07 1.36 1.06 2
20.4 23.47 -3.07 10.07 0.1 0.12 1.1 1.26 24.77 20.02 4.75 1.25 0.09 0.07 1.31 1.06 2
27.48 21.61 5.87 -6.87 0.12 0.1 1.49 1.17 30.01 24.45 5.56 5.44 0.12 0.1 1.62 1.32 3
17.89 28.29 -10.4 -2.6 0.09 0.13 0.96 1.52 28.35 23.8 4.55 5.45 0.15 0.12 1.52 1.28 1
20.97 19 1.97 -10.97 0.11 0.1 1.13 1.03 21.33 24.72 -3.39 1.39 0.1 0.11 1.15 1.33 2
26.23 22.99 3.24 2.76 0.11 0.09 1.41 1.23 18.69 21.29 -2.6 4.6 0.09 0.11 1.01 1.15 2
23.38 18.03 5.35 -0.35 0.09 0.07 1.27 0.98 18.57 22.88 -4.31 2.31 0.1 0.12 1.01 1.24 2
24.36 23.06 1.3 -4.3 0.11 0.1 1.23 1.16 24.65 26.4 -1.75 -10.25 0.1 0.11 1.25 1.34 3
22.94 25.34 -2.4 0.4 0.1 0.11 1.17 1.29 28.25 23.15 5.1 -8.1 0.12 0.1 1.45 1.19 3
19.26 21.44 -2.18 4.18 0.09 0.1 0.99 1.1 27.55 16.75 10.8 6.2 0.1 0.06 1.41 0.85 1
25.3 19.78 5.52 -2.52 0.09 0.07 1.3 1.02 17.1 33.87 -16.77 1.77 0.09 0.18 0.87 1.73 1
19.71 21.99 -2.28 0.28 0.09 0.1 1 1.11 21.49 23.87 -2.38 9.38 0.1 0.11 1.1 1.22 3
18.79 24.7 -5.91 3.91 0.1 0.13 0.96 1.27 20.06 29.54 -9.48 -0.52 0.09 0.13 1.02 1.5 1
21.77 26.11 -4.34 -3.66 0.1 0.12 1.17 1.41 26.38 23.56 2.82 3.18 0.11 0.09 1.34 1.2 2
31.55 25.22 6.33 6.67 0.12 0.1 1.62 1.29 25.2 18.25 6.95 -1.95 0.09 0.06 1.29 0.94 2
29.6 25.97 3.63 3.37 0.14 0.13 1.5 1.32 21.59 20.61 0.98 -9.98 0.11 0.1 1.11 1.06 2
20.53 30.57 -10.04 -0.96 0.09 0.13 0.99 1.47 20.44 22.85 -2.41 -0.59 0.09 0.1 0.98 1.1 2
22.85 22.44 0.41 -9.41 0.11 0.11 1.11 1.09 27.97 21.28 6.69 -1.69 0.09 0.07 1.37 1.04 1
18.6 36.54 -17.94 0.94 0.09 0.18 0.9 1.78 31.43 27.23 4.2 2.8 0.14 0.12 1.52 1.32 2
26.17 20.4 5.77 -0.77 0.09 0.07 1.27 0.99 20.68 22.04 -1.36 5.36 0.09 0.1 1 1.07 1
25.17 21.11 4.06 1.94 0.09 0.08 1.26 1.06 19.82 25.17 -5.35 4.35 0.09 0.12 0.96 1.22 1
26.47 27.11 -0.64 -9.36 0.1 0.1 1.27 1.3 22.66 26.4 -3.74 -4.26 0.09 0.11 1.16 1.35 2
26.67 24.45 2.22 3.78 0.1 0.1 1.29 1.18 33.7 26.19 7.51 5.49 0.12 0.1 1.64 1.27 3
28.15 18.17 9.98 5.02 0.1 0.06 1.36 0.88 25.07 24.88 0.19 -5.19 0.1 0.1 1.2 1.19 2
22.35 24.6 -2.25 10.25 0.1 0.11 1.08 1.19 23.71 26.49 -2.78 -2.22 0.1 0.11 1.15 1.28 1
20.68 23.32 -2.64 -0.36 0.09 0.1 0.95 1.07 27.04 21.62 5.42 3.58 0.09 0.07 1.29 1.03 3
28.27 24.87 3.4 -0.4 0.09 0.08 1.32 1.16 27.22 21.07 6.15 0.85 0.09 0.07 1.26 0.97 3
29.4 23.92 5.48 -5.48 0.12 0.1 1.43 1.17 29.55 19 10.55 4.45 0.1 0.06 1.36 0.87 3
21.35 23.09 -1.74 3.74 0.09 0.09 0.99 1.07 21 30.81 -9.81 -1.19 0.09 0.13 0.96 1.41 2
36.99 29.45 7.54 9.46 0.13 0.1 1.71 1.36 19.55 37.91 -18.36 1.36 0.09 0.18 0.9 1.75 1
22.96 27.51 -4.55 -3.45 0.09 0.11 1.11 1.33 26.44 22.74 3.7 -10.7 0.11 0.1 1.22 1.05 1
25.9 26.28 -0.38 -4.62 0.1 0.1 1.18 1.19 29.93 27.74 2.19 -0.19 0.11 0.1 1.38 1.28 2
32.8 28.18 4.62 2.38 0.14 0.12 1.51 1.29 27.58 27.41 0.17 -10.17 0.1 0.1 1.26 1.25 2
20.33 27.04 -6.71 2.71 0.09 0.12 0.94 1.25 26.24 24.88 1.36 13.64 0.11 0.1 1.21 1.15 2
31.2 22.24 8.96 7.04 0.1 0.07 1.37 0.98 38.54 30.96 7.58 11.42 0.13 0.1 1.7 1.37 2
28.11 21.81 6.3 3.7 0.09 0.07 1.28 0.99 28.8 26.85 1.95 0.05 0.09 0.08 1.28 1.19 1
21.06 39.46 -18.4 -0.6 0.1 0.18 0.93 1.74 32.64 25.57 7.07 -8.07 0.12 0.1 1.51 1.19 3
21.31 31.29 -9.98 -1.02 0.08 0.12 0.93 1.37 26.91 27.52 -0.61 -4.39 0.1 0.1 1.17 1.19 2
23.99 30.38 -6.39 -5.61 0.09 0.12 1.11 1.4 20.87 24.39 -3.52 -0.48 0.08 0.1 0.91 1.06 3
27.26 23.82 3.44 -12.44 0.11 0.1 1.2 1.05 21.83 23.4 -1.57 3.57 0.08 0.09 0.96 1.03 1
27.74 26.15 1.59 13.41 0.11 0.1 1.22 1.15 24.04 28.33 -4.29 -1.71 0.09 0.11 1.11 1.31 1
29.2 21.6 7.6 0.4 0.09 0.07 1.29 0.95 34.25 28.69 5.56 1.44 0.13 0.11 1.5 1.26 3
28.09 28.86 -0.77 -9.23 0.1 0.1 1.23 1.26 31.17 28.75 2.42 -0.42 0.11 0.1 1.37 1.26 3
35.26 29.51 5.75 2.25 0.13 0.11 1.48 1.24 23.65 25.36 -1.71 -0.29 0.09 0.09 0.99 1.06 1
39.56 31.48 8.08 10.92 0.13 0.1 1.67 1.33 29.74 29.65 0.09 -12.09 0.1 0.1 1.24 1.24 1
22.41 39.94 -17.53 -2.47 0.1 0.17 0.95 1.68 30.02 22.61 7.41 -0.41 0.09 0.07 1.26 0.95 1
22.21 26.17 -3.96 3.96 0.08 0.1 0.94 1.1 24.96 33.16 -8.2 -5.8 0.09 0.12 1.1 1.46 3
33.12 26.92 6.2 -6.2 0.12 0.1 1.46 1.19 30.03 24.2 5.83 -12.83 0.11 0.09 1.27 1.02 3
31.96 30.4 1.56 2.44 0.11 0.1 1.34 1.28 22.52 31.69 -9.17 -1.83 0.08 0.12 0.94 1.33 1
29.18 27.49 1.69 -0.69 0.09 0.08 1.24 1.17 28.97 26.95 2.02 13.98 0.1 0.1 1.22 1.13 1
27.31 28.73 -1.42 -3.58 0.09 0.1 1.13 1.19 28.75 22.19 6.56 4.44 0.09 0.07 1.24 0.96 2
24.84 29.56 -4.72 -2.28 0.09 0.11 1.09 1.3 21.6 28.54 -6.94 2.94 0.09 0.12 0.95 1.26 1
30.36 22.8 7.56 3.44 0.09 0.07 1.26 0.95 34.37 32.08 2.29 3.71 0.11 0.1 1.38 1.29 1
25.42 33.57 -8.15 -4.85 0.09 0.12 1.07 1.41 27.92 30.34 -2.42 -2.58 0.09 0.1 1.11 1.21 2
24.2 34.1 -9.9 -3.1 0.09 0.12 0.97 1.37 40.26 31.6 8.66 12.34 0.13 0.1 1.63 1.28 2
31.23 24.55 6.68 -12.68 0.12 0.09 1.26 0.99 24.22 41.02 -16.8 -2.2 0.1 0.17 0.98 1.66 1
29.86 30.35 -0.49 -13.51 0.1 0.1 1.2 1.22 31.72 23.26 8.46 7.54 0.09 0.07 1.33 0.98 1
30.13 29.16 0.97 12.03 0.11 0.1 1.22 1.18 37.18 29.81 7.37 1.63 0.13 0.11 1.49 1.2 1
23.95 27.28 -3.33 0.33 0.09 0.1 0.96 1.09 22.62 26.63 -4.01 3.01 0.08 0.1 0.91 1.08 1
21.72 30.12 -8.4 3.4 0.09 0.12 0.92 1.27 33.47 28.12 5.35 -6.35 0.12 0.1 1.41 1.19 3
31.1 24.42 6.68 -0.68 0.09 0.07 1.26 0.99 26.42 29.68 -3.26 -2.74 0.09 0.1 1.11 1.25 1
28.86 31.39 -2.53 -2.47 0.09 0.1 1.1 1.2 32.25 26.19 6.06 -11.06 0.11 0.09 1.25 1.02 1
40.76 31.98 8.78 12.22 0.12 0.1 1.58 1.24 31.39 28.65 2.74 1.26 0.09 0.08 1.27 1.16 3
24.58 34.6 -10.02 -2.98 0.08 0.12 0.95 1.33 32.6 30.86 1.74 -12.74 0.1 0.1 1.25 1.19 2
25.86 42.04 -16.18 -3.82 0.1 0.17 1 1.63 26.47 34.51 -8.04 -4.96 0.09 0.12 1.07 1.39 2
32.23 26 6.23 6.77 0.09 0.07 1.3 1.05 31.84 30.17 1.67 12.33 0.11 0.1 1.23 1.17 1
34.61 29.27 5.34 -5.34 0.12 0.1 1.4 1.19 25.95 28.28 -2.33 1.33 0.09 0.1 0.99 1.08 1
35.06 34.1 0.96 4.04 0.11 0.1 1.36 1.32 33.56 24.78 8.78 0.22 0.09 0.07 1.3 0.96 1
38.19 31.52 6.67 1.33 0.13 0.11 1.47 1.21 22.87 31.26 -8.39 2.39 0.09 0.12 0.92 1.26 1
26.78 32.14 -5.36 -3.64 0.09 0.11 1.08 1.3 32.38 23.49 8.89 3.11 0.09 0.07 1.29 0.94 1
36.17 29.54 6.63 -4.63 0.12 0.1 1.41 1.15 40.02 31.94 8.08 0.92 0.13 0.1 1.49 1.19 3
33.36 26.4 6.96 -12.96 0.11 0.09 1.24 0.98 41.88 32.69 9.19 10.81 0.12 0.1 1.56 1.22 3
33.33 30.7 2.63 10.37 0.1 0.1 1.24 1.14 29.07 32.5 -3.43 -0.57 0.09 0.11 1.07 1.19 1
32.1 29.77 2.33 2.67 0.09 0.08 1.25 1.16 36.84 34.88 1.96 5.04 0.11 0.1 1.37 1.3 1
34.34 26.56 7.78 -0.78 0.09 0.07 1.28 0.99 25.39 35.02 -9.63 -3.37 0.08 0.12 0.94 1.3 3
27.74 35.29 -7.55 -5.45 0.09 0.11 1.07 1.36 27.28 32.32 -5.04 -1.96 0.09 0.1 1.06 1.25 2
23.62 28.63 -5.01 2.01 0.08 0.1 0.92 1.11 32.56 23.99 8.57 1.43 0.09 0.07 1.25 0.92 1
26.22 29.84 -3.62 0.62 0.09 0.1 0.97 1.1 33.02 31.67 1.35 -12.35 0.1 0.1 1.22 1.17 3
23.29 33.09 -9.8 2.8 0.09 0.12 0.91 1.29 32.76 27.49 5.27 8.73 0.09 0.08 1.26 1.06 2
37.49 36.97 0.52 3.48 0.11 0.11 1.34 1.32 33.58 28.99 4.59 -11.59 0.11 0.1 1.2 1.04 2
28.33 34.4 -6.07 -0.93 0.09 0.11 1.06 1.28 27.19 31.63 -4.44 -0.56 0.08 0.1 0.97 1.12 1
32.94 24.85 8.09 0.91 0.09 0.07 1.21 0.91 35.26 27.68 7.58 -2.58 0.09 0.07 1.27 1 3
26.51 35.94 -9.43 -1.57 0.08 0.11 0.95 1.28 36.9 30.19 6.71 -5.71 0.12 0.1 1.38 1.13 3
29.11 33.03 -3.92 -1.08 0.09 0.11 1.03 1.17 34.19 30.42 3.77 4.23 0.09 0.08 1.28 1.14 2
40.67 32.67 8 2 0.13 0.1 1.45 1.17 29.82 36.34 -6.52 -6.48 0.09 0.11 1.11 1.35 2
34.24 28.55 5.69 8.31 0.09 0.08 1.27 1.06 26.64 43.31 -16.67 -3.33 0.1 0.16 0.99 1.61 1
24.35 34.57 -10.22 3.22 0.09 0.13 0.91 1.29 24.48 29.01 -4.53 2.53 0.08 0.1 0.91 1.08 2
34.81 32.64 2.17 -11.17 0.1 0.1 1.24 1.16 33.86 30.74 3.12 10.88 0.1 0.09 1.21 1.1 2
24.89 30.57 -5.68 3.68 0.08 0.1 0.89 1.1 41.76 32.87 8.89 1.11 0.13 0.1 1.44 1.13 2
34.73 32.42 2.31 5.69 0.09 0.08 1.25 1.17 26.87 38.15 -11.28 -0.72 0.08 0.12 0.93 1.32 2
27.86 32.93 -5.07 -0.93 0.08 0.1 0.95 1.13 25.91 34.98 -9.07 2.07 0.09 0.12 0.93 1.26 2
30.02 37.43 -7.41 -5.59 0.09 0.11 1.07 1.34 34.85 26.57 8.28 -0.28 0.09 0.07 1.23 0.94 2
34.97 29.17 5.8 -12.8 0.11 0.09 1.2 1 36.17 29.15 7.02 9.98 0.09 0.07 1.29 1.04 2
27.24 45.24 -18 -5 0.1 0.17 0.98 1.62 35.88 33.18 2.7 -11.7 0.1 0.1 1.23 1.14 3
39.11 30.55 8.56 -6.56 0.12 0.1 1.41 1.1 29.63 35.07 -5.44 -0.56 0.09 0.11 1.06 1.26 1
44.47 32.91 11.56 9.44 0.13 0.09 1.6 1.18 31.11 33.57 -2.46 -2.54 0.1 0.1 1.06 1.15 1
34.4 31.81 2.59 11.41 0.1 0.09 1.19 1.1 37.67 38.36 -0.69 4.69 0.1 0.11 1.3 1.32 1
30.6 37.35 -6.75 -1.25 0.09 0.11 1.06 1.29 26.38 31.61 -5.23 3.23 0.08 0.1 0.91 1.1 3
36.1 26.74 9.36 -1.36 0.09 0.07 1.23 0.91 28.78 49.11 -20.33 -3.67 0.1 0.17 0.99 1.69 1
27.15 39.78 -12.63 0.63 0.08 0.12 0.9 1.32 30.19 38.68 -8.49 -4.51 0.09 0.12 1.04 1.33 3
39.75 34.72 5.03 -13.03 0.11 0.1 1.32 1.15 41.39 31.52 9.87 -5.87 0.12 0.09 1.44 1.09 1
42.8 34.36 8.44 1.56 0.13 0.1 1.43 1.14 47.62 33.69 13.93 8.07 0.13 0.09 1.65 1.17 2
36.98 29.59 7.39 -1.39 0.09 0.07 1.28 1.03 30.19 33.51 -3.32 -2.68 0.08 0.09 1 1.11 1
26.49 37.31 -10.82 3.82 0.09 0.13 0.92 1.29 36.36 32.7 3.66 4.34 0.09 0.08 1.26 1.14 2
36.24 32.49 3.75 12.25 0.1 0.09 1.21 1.08 36.21 29.56 6.65 -13.65 0.11 0.09 1.2 0.98 1
38.35 40.2 -1.85 3.85 0.11 0.11 1.28 1.34 36.56 30.39 6.17 10.83 0.09 0.08 1.26 1.05 1
48.71 34.77 13.94 8.06 0.13 0.09 1.62 1.16 26.85 37.82 -10.97 3.97 0.09 0.13 0.9 1.26 1
36.87 33.06 3.81 4.19 0.09 0.08 1.24 1.11 32.2 38.67 -6.47 -3.53 0.09 0.11 1.08 1.29 1
31.89 36.72 -4.83 -1.17 0.09 0.11 1.05 1.21 39.51 29.87 9.64 -2.64 0.09 0.07 1.32 1 1
29.48 51.65 -22.17 -3.83 0.1 0.18 0.98 1.72 28.02 41.91 -13.89 0.89 0.08 0.12 0.9 1.35 1
42.26 32.55 9.71 -7.71 0.12 0.09 1.42 1.09 38.64 27.44 11.2 -1.2 0.09 0.07 1.27 0.9 3
27.7 33.21 -5.51 5.51 0.08 0.1 0.93 1.11 38.27 33.36 4.91 13.09 0.1 0.09 1.24 1.08 1
32.32 39.55 -7.23 -4.77 0.09 0.12 1.07 1.31 39.11 41.66 -2.55 5.55 0.1 0.11 1.26 1.34 1
37.08 31.59 5.49 -14.49 0.11 0.1 1.19 1.02 40.78 35.59 5.19 -11.19 0.11 0.1 1.31 1.14 1
38.02 31.15 6.87 9.13 0.09 0.07 1.26 1.04 43.88 35.45 8.43 1.57 0.13 0.1 1.41 1.14 1
40.44 44.6 -4.16 6.16 0.11 0.12 1.26 1.39 45.44 35.3 10.14 -10.14 0.13 0.1 1.47 1.14 2
41.92 36.57 5.35 -12.35 0.11 0.1 1.3 1.13 29.78 33.8 -4.02 6.02 0.09 0.1 0.97 1.1 2
38.86 35.44 3.42 12.58 0.1 0.09 1.22 1.11 30.49 52.88 -22.39 -2.61 0.1 0.17 0.98 1.7 1
30.47 36.04 -5.57 -1.43 0.08 0.1 0.97 1.15 39.02 33.88 5.14 6.86 0.09 0.08 1.27 1.1 1
27.2 39.36 -12.16 3.16 0.09 0.13 0.88 1.27 33.43 36.97 -3.54 -1.46 0.09 0.1 1.07 1.18 1
29.25 42.92 -13.67 -0.33 0.08 0.12 0.91 1.34 38.06 32.73 5.33 -13.33 0.11 0.1 1.18 1.02 2
39.76 31.41 8.35 -2.35 0.09 0.07 1.29 1.02 35.26 40.88 -5.62 -5.38 0.1 0.11 1.13 1.31 1
41.39 30.62 10.77 1.23 0.09 0.07 1.32 0.98 39.75 31.9 7.85 9.15 0.09 0.07 1.28 1.02 3
33.02 40.82 -7.8 -6.2 0.09 0.11 1.07 1.32 50.25 35.12 15.13 8.87 0.13 0.09 1.62 1.13 3
44.63 37.18 7.45 1.55 0.12 0.1 1.39 1.16 42.72 32.16 10.56 0.44 0.09 0.07 1.32 0.99 3
52.01 35.41 16.6 8.4 0.13 0.09 1.62 1.11 33.44 37.58 -4.14 -0.86 0.09 0.1 1.03 1.16 1
40.56 36.85 3.71 6.29 0.09 0.08 1.27 1.16 30.31 34.35 -4.04 6.04 0.09 0.1 0.95 1.08 3
36.53 43.68 -7.15 -4.85 0.1 0.12 1.13 1.35 28.21 41.06 -12.85 4.85 0.09 0.13 0.88 1.28 1
32.5 56.08 -23.58 -4.42 0.1 0.18 1.01 1.75 40.92 45.04 -4.12 6.12 0.1 0.11 1.24 1.36 2
38.77 33.68 5.09 -13.09 0.11 0.1 1.17 1.02 42.56 32.68 9.88 -2.88 0.1 0.07 1.33 1.02 1
35.13 37.98 -2.85 -3.15 0.09 0.1 1.08 1.17 33.31 42.58 -9.27 -5.73 0.09 0.11 1.04 1.33 2
45.88 35.78 10.1 -10.1 0.12 0.1 1.44 1.12 42.06 37.45 4.61 14.39 0.1 0.09 1.27 1.13 3
41.29 33.23 8.06 9.94 0.09 0.07 1.28 1.03 30.2 43.63 -13.43 -0.57 0.08 0.12 0.91 1.32 2
44.99 33.46 11.53 2.47 0.09 0.07 1.35 1 42.23 34 8.23 -15.23 0.11 0.09 1.23 0.99 1
34.5 40.17 -5.67 -2.33 0.09 0.1 1.03 1.2 34.6 57.72 -23.12 -4.88 0.1 0.17 1.04 1.74 3
42.56 47.14 -4.58 6.58 0.1 0.12 1.25 1.38 45.93 39.45 6.48 -0.48 0.12 0.1 1.38 1.19 2
28.87 42.52 -13.65 4.65 0.09 0.13 0.87 1.29 42.47 37.1 5.37 -12.37 0.11 0.1 1.28 1.11 3
35.13 44.25 -9.12 -5.88 0.09 0.11 1.07 1.34 42.01 35.33 6.68 11.32 0.09 0.07 1.27 1.07 2
42.88 36.14 6.74 -0.74 0.09 0.08 1.3 1.09 47.18 36.63 10.55 -11.55 0.13 0.1 1.43 1.11 2
32.72 35.78 -3.06 7.06 0.09 0.1 0.99 1.09 36.8 39.8 -3 -3 0.09 0.1 1.1 1.19 1
41.99 39.26 2.73 5.27 0.09 0.08 1.27 1.19 37.99 44.34 -6.35 -4.65 0.1 0.12 1.14 1.33 2
42.91 38.75 4.16 15.84 0.1 0.09 1.26 1.14 54.6 36.47 18.13 9.87 0.13 0.09 1.65 1.1 1
55.17 37.62 17.55 9.45 0.13 0.09 1.62 1.1 39 47.86 -8.86 -2.14 0.1 0.12 1.14 1.4 1
48.5 40.03 8.47 -2.47 0.12 0.1 1.42 1.17 35.83 45.64 -9.81 -5.19 0.09 0.12 1.05 1.34 3
37.43 59.12 -21.69 -3.31 0.11 0.17 1.1 1.73 33.99 35.88 -1.89 6.89 0.09 0.1 1 1.06 3
43.63 36.35 7.28 -16.28 0.11 0.09 1.24 1.03 30.05 44.73 -14.68 2.68 0.09 0.13 0.88 1.31 2
44.68 38.28 6.4 -10.4 0.11 0.1 1.3 1.12 47.34 34.86 12.48 3.52 0.1 0.07 1.37 1.01 1
32.3 44.35 -12.05 -1.95 0.08 0.11 0.95 1.3 44.06 39.32 4.74 16.26 0.1 0.09 1.26 1.12 1
48.29 37.83 10.46 -11.46 0.13 0.1 1.42 1.11 45.51 40.27 5.24 2.76 0.09 0.08 1.34 1.18 2
36.9 41.07 -4.17 -2.83 0.09 0.1 1.07 1.19 35.9 43 -7.1 -3.9 0.09 0.1 1.04 1.25 1
43.4 36.03 7.37 10.63 0.09 0.07 1.27 1.05 44.08 37.25 6.83 -0.83 0.09 0.08 1.29 1.09 2
30.97 45.24 -14.27 2.27 0.09 0.13 0.88 1.29 43.14 49.71 -6.57 8.57 0.1 0.12 1.23 1.42 2
34.52 37.1 -2.58 8.58 0.09 0.1 0.99 1.06 56.87 37.84 19.03 8.97 0.13 0.09 1.62 1.08 2
45.62 38.54 7.08 -1.08 0.1 0.08 1.3 1.1 45.04 39.18 5.86 -8.86 0.11 0.1 1.27 1.11 1
39.22 49.56 -10.34 -1.66 0.1 0.12 1.11 1.4 44.69 37.57 7.12 10.88 0.09 0.08 1.27 1.07 3
46.72 40.89 5.83 2.17 0.09 0.08 1.33 1.17 49.65 41.62 8.03 -3.03 0.12 0.1 1.41 1.18 1
48.24 35.22 13.02 1.98 0.09 0.07 1.36 0.99 32.6 45.26 -12.66 -0.34 0.08 0.11 0.93 1.29 2
37.42 46.79 -9.37 -4.63 0.09 0.11 1.07 1.34 38.65 59.65 -21 -5 0.11 0.16 1.1 1.7 1
37.42 46.01 -8.59 -4.41 0.09 0.11 1.05 1.3 44.14 37.27 6.87 -15.87 0.11 0.09 1.22 1.03 3
39.91 42.59 -2.68 -2.32 0.1 0.1 1.12 1.2 48.91 39.04 9.87 -10.87 0.13 0.1 1.4 1.12 1
