0.1 1.32 -1.22 -0.78 0.02 0.26 0.1 1.29 1.67 1.72 -0.05 -0.95 0.09 0.09 1.67 1.72 1
1.04 2.15 -1.11 0.11 0.09 0.2 1.01 2.08 0.79 1.07 -0.28 1.28 0.1 0.13 0.76 1.04 2
0.09 4.51 -4.42 1.42 0.05 2.26 0.09 4.41 1.05 1.95 -0.9 -2.1 0.05 0.09 0.97 1.81 2
1 1.07 -0.07 0.07 0.13 0.13 0.96 1.02 2 2.57 -0.57 -2.43 0.17 0.21 1.91 2.46 1
0.03 0.9 -0.87 0.87 0.02 0.45 0.03 0.9 4.51 0.09 4.42 -1.42 0.19 0 4.41 0.09 3
0.88 0.53 0.35 -0.35 0.07 0.04 0.83 0.5 1.07 1 0.07 -0.07 0.08 0.07 1.02 0.96 1
0.9 0.03 0.87 -0.87 0.08 0 0.9 0.03 1.32 0.1 1.22 0.78 0.13 0.01 1.29 0.1 3
2.57 2 0.57 2.43 0.15 0.12 2.46 1.91 1.07 0.79 0.28 -1.28 0.07 0.05 1.04 0.76 2
1.95 1.05 0.9 2.1 0.33 0.18 1.81 0.97 0.53 0.88 -0.35 0.35 0.05 0.09 0.5 0.83 3
2.15 1.04 1.11 -0.11 0.13 0.06 2.08 1.01 1.72 1.67 0.05 0.95 0.22 0.21 1.72 1.67 2
1.8 1.72 0.08 -0.08 0.15 0.14 0.86 0.82 0.61 2.41 -1.8 0.8 0.07 0.27 0.3 1.2 2
2.07 3.42 -1.35 -1.65 0.08 0.13 1 1.65 2.96 3.35 -0.39 1.39 0.2 0.22 1.43 1.62 1
2 2.31 -0.31 -0.69 0.07 0.08 0.97 1.12 1.85 4.75 -2.9 -0.1 0.08 0.22 0.91 2.34 3
3.22 2.59 0.63 0.37 0.12 0.09 1.5 1.21 1.99 2.42 -0.43 1.43 0.13 0.16 0.96 1.17 1
3.35 3.56 -0.21 -3.79 0.13 0.14 1.62 1.72 2.86 1.3 1.56 -0.56 0.1 0.04 1.4 0.64 2
6.04 1.05 4.99 0.01 0.21 0.04 2.94 0.51 3.32 4.32 -1 0 0.12 0.16 1.61 2.09 1
3.66 3.74 -0.08 2.08 0.18 0.19 1.7 1.74 1.86 3.2 -1.34 -0.66 0.07 0.12 0.91 1.57 2
0.7 5.78 -5.08 2.08 0.04 0.34 0.34 2.84 3.08 1.32 1.76 0.24 0.1 0.04 1.49 0.64 1
6.02 0.67 5.35 -1.35 0.18 0.02 2.96 0.33 1.98 2.38 -0.4 1.4 0.12 0.15 0.98 1.18 1
2.32 2.56 -0.24 -2.76 0.07 0.07 1.11 1.23 4.09 2.93 1.16 1.84 0.13 0.09 1.97 1.41 1
2.56 5.43 -2.87 0.87 0.07 0.16 0.84 1.78 3.81 3.09 0.72 2.28 0.1 0.08 1.17 0.95 1
4.58 4.18 0.4 1.6 0.12 0.11 1.46 1.33 2.4 2.46 -0.06 0.06 0.1 0.11 0.77 0.79 3
1.35 3.01 -1.66 0.66 0.08 0.19 0.45 0.99 1.84 6.96 -5.12 3.12 0.08 0.29 0.6 2.27 3
4.26 2.46 1.8 -0.8 0.1 0.06 1.37 0.79 5.11 6.94 -1.83 3.83 0.16 0.22 1.58 2.15 1
4.38 6.53 -2.15 -1.85 0.13 0.19 1.4 2.09 2.68 3.02 -0.34 -1.66 0.06 0.07 0.87 0.98 3
3.91 1.91 2 -1 0.1 0.05 1.28 0.63 8.25 2.11 6.14 1.86 0.18 0.05 2.65 0.68 2
5.06 4.65 0.41 -2.41 0.12 0.11 1.62 1.49 3.57 3.05 0.52 -2.52 0.08 0.07 1.14 0.97 2
4.15 4.26 -0.11 0.11 0.2 0.2 1.35 1.38 11.81 1.72 10.09 -0.09 0.19 0.03 3.88 0.56 3
2.49 3.01 -0.52 -0.48 0.1 0.12 0.79 0.95 2.98 4.61 -1.63 -0.37 0.09 0.14 0.97 1.5 2
3.03 8.17 -5.14 0.14 0.14 0.37 1 2.7 3.96 4.61 -0.65 -3.35 0.11 0.13 1.29 1.5 3
14.19 3.01 11.18 -0.18 0.19 0.04 3.48 0.74 4.48 6.29 -1.81 0.81 0.1 0.14 1.08 1.52 2
4.45 3.74 0.71 -2.71 0.08 0.07 1.06 0.89 5.86 3.79 2.07 -1.07 0.11 0.07 1.44 0.93 2
3.52 4.41 -0.89 -0.11 0.07 0.09 0.85 1.07 5.75 5.53 0.22 -2.22 0.1 0.1 1.38 1.33 2
5.77 8.61 -2.84 3.84 0.12 0.18 1.34 2 5.7 5.68 0.02 -0.02 0.11 0.11 1.34 1.34 3
10.13 4.06 6.07 1.93 0.16 0.07 2.45 0.98 5.93 3.12 2.81 -0.81 0.09 0.05 1.42 0.75 1
3.9 3.58 0.32 1.68 0.12 0.11 0.92 0.85 5.81 4.19 1.62 -2.62 0.14 0.1 1.38 0.99 3
4.67 5.01 -0.34 2.34 0.08 0.09 1.08 1.16 2.06 4.03 -1.97 -0.03 0.07 0.13 0.51 0.99 2
4.16 7.93 -3.77 1.77 0.09 0.17 1.01 1.92 5.77 7.37 -1.6 -3.4 0.12 0.15 1.38 1.77 1
4.6 6.19 -1.59 -1.41 0.09 0.13 1.13 1.52 2.86 7.67 -4.81 3.81 0.08 0.23 0.7 1.87 3
4.61 8.81 -4.2 -1.8 0.13 0.25 1.15 2.19 5.44 6.64 -1.2 0.2 0.19 0.23 1.32 1.62 3
6.07 9.19 -3.12 2.12 0.12 0.18 1.18 1.79 5.84 5.04 0.8 -2.8 0.08 0.07 1.12 0.96 3
3.96 9.27 -5.31 8.31 0.09 0.21 0.76 1.78 4.44 5.34 -0.9 0.9 0.11 0.13 0.85 1.02 2
4.31 5.46 -1.15 -0.85 0.1 0.12 0.84 1.07 8.29 12.53 -4.24 1.24 0.13 0.19 1.55 2.34 1
6.11 6.29 -0.18 -1.82 0.09 0.1 1.17 1.21 6.1 7.26 -1.16 3.16 0.09 0.11 1.14 1.35 2
9.62 8.2 1.42 2.58 0.13 0.11 1.82 1.55 11.77 4.58 7.19 1.81 0.15 0.06 2.28 0.89 1
7.16 5.18 1.98 -0.98 0.12 0.09 1.4 1.01 4.28 4.77 -0.49 -0.51 0.07 0.08 0.83 0.92 3
6.2 9.13 -2.93 -3.07 0.12 0.18 1.2 1.77 17.09 4.6 12.49 -1.49 0.18 0.05 3.37 0.91 1
7.57 4.73 2.84 -1.84 0.15 0.1 1.45 0.9 5.64 9.07 -3.43 -3.57 0.12 0.19 1.12 1.8 1
5.7 7.67 -1.97 1.97 0.16 0.22 1.11 1.49 6.2 7.29 -1.09 -5.91 0.1 0.12 1.2 1.41 2
6.45 4.76 1.69 -0.69 0.09 0.06 1.24 0.92 5.92 8.36 -2.44 1.44 0.1 0.14 1.16 1.63 1
6.87 8.44 -1.57 3.57 0.09 0.11 1.08 1.33 5.35 6.96 -1.61 1.61 0.1 0.13 0.85 1.1 2
7.1 5.59 1.51 -2.51 0.08 0.07 1.13 0.89 7.1 9.96 -2.86 -2.14 0.12 0.16 1.15 1.61 1
9.24 13.37 -4.13 0.13 0.12 0.18 1.45 2.1 5.58 10.18 -4.6 7.6 0.1 0.19 0.89 1.63 1
6.87 5.31 1.56 0.44 0.08 0.07 1.11 0.86 5.15 6.41 -1.26 0.26 0.08 0.1 0.84 1.05 3
6.06 10.35 -4.29 -5.71 0.11 0.18 0.99 1.69 6.62 10.45 -3.83 1.83 0.11 0.18 1.08 1.7 2
13.24 7.2 6.04 -0.04 0.13 0.07 2.12 1.15 8.85 5.15 3.7 0.3 0.13 0.08 1.4 0.82 2
6.05 9.11 -3.06 1.06 0.09 0.13 0.98 1.48 12.24 9.67 2.57 4.43 0.14 0.11 1.92 1.51 3
17.92 5.5 12.42 -2.42 0.17 0.05 2.94 0.9 7.7 7.77 -0.07 -1.93 0.11 0.11 1.26 1.27 2
6.9 9.09 -2.19 2.19 0.14 0.18 1.12 1.47 7.29 7.06 0.23 -2.23 0.09 0.09 1.17 1.14 3
7.62 8.49 -0.87 -6.13 0.11 0.12 1.23 1.37 7.2 4.89 2.31 -0.31 0.09 0.06 1.16 0.78 2
8.38 10.72 -2.34 0.34 0.11 0.14 1.17 1.5 8.17 10.01 -1.84 0.84 0.14 0.17 1.14 1.39 3
7.96 11.86 -3.9 1.9 0.12 0.17 1.11 1.65 6.47 10.52 -4.05 0.05 0.08 0.13 0.89 1.45 3
6.2 7.27 -1.07 1.07 0.1 0.12 0.85 0.99 10.71 14.01 -3.3 0.3 0.12 0.16 1.44 1.89 3
6.22 11.65 -5.43 7.43 0.09 0.17 0.85 1.59 14.1 7.88 6.22 -0.22 0.12 0.07 1.93 1.08 1
7.58 11.66 -4.08 -1.92 0.11 0.16 1.05 1.62 8.97 10.58 -1.61 -5.39 0.11 0.13 1.24 1.46 1
5.79 9.69 -3.9 3.9 0.08 0.14 0.81 1.35 7.47 11.69 -4.22 -5.78 0.11 0.17 1.05 1.64 1
9.53 6.01 3.52 0.48 0.13 0.08 1.3 0.82 8.8 6.07 2.73 -2.73 0.09 0.06 1.21 0.84 1
13.65 10.09 3.56 5.44 0.14 0.11 1.82 1.35 7.18 9.29 -2.11 4.11 0.09 0.11 0.97 1.26 1
9.29 6.24 3.05 -1.05 0.1 0.07 1.27 0.86 10.15 5.95 4.2 -3.2 0.1 0.06 1.4 0.82 1
8.21 8.33 -0.12 -0.88 0.09 0.1 1.14 1.15 20.87 6.18 14.69 -4.69 0.17 0.05 2.93 0.87 2
8.23 11.75 -3.52 4.52 0.09 0.13 0.98 1.4 7.34 12.67 -5.33 8.33 0.1 0.17 0.88 1.51 3
15.12 9 6.12 -1.12 0.12 0.07 1.81 1.08 11.53 15.11 -3.58 1.58 0.12 0.16 1.37 1.79 3
9.85 9.04 0.81 -1.81 0.1 0.09 1.2 1.1 9.17 12.05 -2.88 -2.12 0.11 0.14 1.12 1.47 2
11.87 9.12 2.75 -3.75 0.1 0.08 1.44 1.1 10.35 6.29 4.06 0.94 0.12 0.07 1.24 0.75 2
21.58 7.82 13.76 -3.76 0.16 0.06 2.66 0.96 16.11 11.14 4.97 5.03 0.15 0.11 1.9 1.31 1
9.36 12.17 -2.81 -5.19 0.11 0.14 1.13 1.47 7.3 8.09 -0.79 -0.21 0.1 0.11 0.88 0.97 3
8.06 12.12 -4.06 1.06 0.09 0.13 0.97 1.46 9.54 12.96 -3.42 -0.58 0.11 0.15 1.17 1.59 2
7.96 12.73 -4.77 -6.23 0.1 0.17 0.97 1.56 12.46 7.96 4.5 -0.5 0.1 0.07 1.5 0.96 3
9.08 6.89 2.19 -3.19 0.09 0.07 1.1 0.83 6.83 10.18 -3.35 4.35 0.09 0.13 0.83 1.24 3
10.41 11.17 -0.76 1.76 0.16 0.17 1.27 1.36 9.56 13.45 -3.89 0.89 0.12 0.17 1.16 1.63 2
7.13 10.84 -3.71 5.71 0.08 0.13 0.77 1.17 13.83 8.41 5.42 0.58 0.11 0.07 1.47 0.89 2
10.12 14.04 -3.92 0.92 0.12 0.16 1.09 1.52 9.67 12.73 -3.06 -5.94 0.1 0.13 1.03 1.36 1
9.92 14.92 -5 1 0.11 0.16 1.08 1.62 11.11 9.94 1.17 -2.17 0.1 0.09 1.2 1.07 2
9.15 12.7 -3.55 3.55 0.08 0.12 0.97 1.35 10.02 12.5 -2.48 -0.52 0.09 0.12 1.07 1.34 1
13.37 19.34 -5.97 4.97 0.13 0.19 1.41 2.04 10.07 13.31 -3.24 -1.76 0.11 0.14 1.09 1.44 1
11.78 7.54 4.24 0.76 0.12 0.07 1.26 0.8 11 11.73 -0.73 1.73 0.14 0.15 1.19 1.27 1
7.86 8.4 -0.54 0.54 0.1 0.11 0.84 0.89 9.74 7.19 2.55 -4.55 0.08 0.06 1.05 0.77 1
24.66 10.02 14.64 -2.64 0.16 0.06 2.69 1.09 19.35 10.84 8.51 -4.51 0.12 0.07 2.06 1.15 1
8.29 13.59 -5.3 9.3 0.1 0.16 0.88 1.45 13.12 10.55 2.57 -3.57 0.1 0.08 1.41 1.14 1
18.31 14.22 4.09 3.91 0.15 0.11 1.92 1.49 8.41 14.1 -5.69 -7.31 0.1 0.17 0.91 1.52 1
11.12 14.77 -3.65 -3.35 0.1 0.14 1.08 1.43 12.9 8 4.9 2.1 0.11 0.07 1.24 0.77 2
21.07 13.89 7.18 -7.18 0.12 0.08 2.02 1.33 8.52 11.13 -2.61 4.61 0.09 0.11 0.83 1.08 1
12.09 10.51 1.58 -2.58 0.1 0.08 1.17 1.02 12.38 16.41 -4.03 2.03 0.12 0.16 1.2 1.59 3
12.04 14.99 -2.95 -7.05 0.11 0.14 1.16 1.45 27.71 11.74 15.97 0.03 0.16 0.07 2.72 1.15 3
11.38 13.81 -2.43 -4.57 0.09 0.11 1.1 1.33 9.86 14.89 -5.03 10.03 0.1 0.15 0.94 1.42 1
14.42 12.12 2.3 -4.3 0.1 0.08 1.39 1.17 14.83 20.39 -5.56 6.56 0.13 0.18 1.41 1.94 2
9.23 15.99 -6.76 -7.24 0.1 0.17 0.89 1.55 9.51 8.79 0.72 1.28 0.11 0.1 0.91 0.85 2
11.46 12.85 -1.39 0.39 0.13 0.15 1.12 1.26 20.2 15.04 5.16 3.84 0.15 0.11 1.91 1.42 2
10.13 8.84 1.29 -5.29 0.08 0.07 0.98 0.86 10.46 14.06 -3.6 7.6 0.09 0.12 1 1.35 2
14.12 9.8 4.32 1.68 0.1 0.07 1.35 0.94 10.49 15.9 -5.41 1.41 0.1 0.15 1.03 1.56 1
15.68 21.38 -5.7 6.7 0.13 0.17 1.35 1.84 11.75 13.04 -1.29 0.29 0.12 0.14 1.04 1.16 3
9.41 12.65 -3.24 3.24 0.09 0.12 0.83 1.12 12.28 14.63 -2.35 -3.65 0.08 0.1 1.07 1.28 2
10.09 9.45 0.64 1.36 0.1 0.1 0.88 0.83 13.82 10.95 2.87 -4.87 0.09 0.07 1.22 0.97 3
13.41 10.12 3.29 3.71 0.11 0.08 1.18 0.89 10.81 17.4 -6.59 1.59 0.1 0.16 0.96 1.54 1
12.82 18.14 -5.32 4.32 0.12 0.17 1.13 1.6 13.24 15.28 -2.04 -4.96 0.11 0.13 1.17 1.35 2
10.68 15.79 -5.11 9.11 0.1 0.14 0.92 1.36 9.89 16.57 -6.68 -7.32 0.09 0.15 0.87 1.46 1
29.25 13.08 16.17 0.83 0.16 0.07 2.6 1.16 11.55 10.53 1.02 -5.02 0.08 0.07 1.02 0.93 3
20.39 15.33 5.06 3.94 0.14 0.11 1.76 1.32 15.62 10.12 5.5 1.5 0.11 0.07 1.36 0.88 1
13.38 16.53 -3.15 -7.85 0.11 0.14 1.17 1.45 15.41 12.97 2.44 -4.44 0.09 0.08 1.34 1.13 2
12.15 15.48 -3.33 7.33 0.09 0.12 1.06 1.35 22.59 14.78 7.81 -5.81 0.12 0.08 1.97 1.29 3
14.21 16.19 -1.98 -5.02 0.11 0.13 1.15 1.31 11.58 16.26 -4.68 9.68 0.09 0.13 0.92 1.29 1
13.58 15.18 -1.6 -4.4 0.08 0.09 1.09 1.21 25.46 15.62 9.84 -5.84 0.13 0.08 2.04 1.25 1
15.33 12.51 2.82 -3.82 0.1 0.08 1.24 1.01 15.77 17.59 -1.82 -9.18 0.12 0.13 1.26 1.41 1
10.36 17.47 -7.11 -7.89 0.09 0.15 0.84 1.41 16.32 22.28 -5.96 4.96 0.12 0.16 1.29 1.77 2
14.67 11.84 2.83 5.17 0.11 0.09 1.18 0.95 33.55 15.14 18.41 -2.41 0.17 0.08 2.73 1.23 2
12.53 18.66 -6.13 0.13 0.11 0.16 1.02 1.52 11.65 10.96 0.69 0.31 0.1 0.1 0.93 0.88 2
23.39 16.44 6.95 3.05 0.14 0.1 1.85 1.3 9.96 13.95 -3.99 3.99 0.08 0.12 0.8 1.13 1
16.73 13.12 3.61 2.39 0.1 0.08 1.33 1.04 13.73 19.11 -5.38 4.38 0.12 0.17 1.11 1.55 3
16.47 15.36 1.11 -3.11 0.1 0.09 1.31 1.23 13.61 14.83 -1.22 -1.78 0.09 0.09 1.1 1.2 1
12.65 13.68 -1.03 2.03 0.11 0.12 1.03 1.11 12.99 18.35 -5.36 7.36 0.09 0.13 1.04 1.47 1
17.22 25.23 -8.01 7.01 0.12 0.17 1.26 1.84 12.9 20.4 -7.5 1.5 0.1 0.17 0.97 1.53 1
16.29 19.8 -3.51 -10.49 0.11 0.13 1.2 1.46 15.67 15.81 -0.14 -2.86 0.09 0.09 1.16 1.17 1
13.7 20.69 -6.99 7.99 0.09 0.14 1.01 1.53 13.31 18.37 -5.06 -9.94 0.09 0.12 0.99 1.37 1
10.62 14.91 -4.29 3.29 0.08 0.11 0.79 1.11 14.86 16.43 -1.57 -4.43 0.11 0.12 1.11 1.23 3
13.39 11.33 2.06 -1.06 0.11 0.09 0.99 0.84 18.79 15.84 2.95 1.05 0.11 0.09 1.38 1.16 1
26.09 17.71 8.38 -7.38 0.13 0.09 1.93 1.31 17.54 13.03 4.51 -2.51 0.1 0.08 1.31 0.97 1
14.3 15.92 -1.62 -2.38 0.08 0.09 1.07 1.19 14.99 14.39 0.6 1.4 0.12 0.11 1.13 1.08 1
16.45 21.17 -4.72 5.72 0.13 0.17 1.23 1.58 15.08 12.46 2.62 5.38 0.11 0.09 1.12 0.93 2
34.17 15.55 18.62 -2.62 0.17 0.08 2.57 1.17 17.56 16.05 1.51 -2.51 0.09 0.09 1.3 1.19 1
11.82 16.91 -5.09 9.09 0.09 0.13 0.87 1.24 24.35 17.1 7.25 3.75 0.13 0.09 1.78 1.25 2
17.01 17.87 -0.86 -3.14 0.11 0.12 1.18 1.24 15.65 12.53 3.12 0.88 0.11 0.09 1.07 0.86 2
16.45 13.73 2.72 5.28 0.11 0.09 1.14 0.95 13.05 18.35 -5.3 9.3 0.09 0.13 0.89 1.25 1
17.99 14.27 3.72 -3.72 0.1 0.08 1.25 0.99 25.79 18.33 7.46 3.54 0.13 0.09 1.76 1.25 2
18.26 17.45 0.81 -3.81 0.09 0.09 1.25 1.2 15.91 21.54 -5.63 8.63 0.1 0.13 1.09 1.48 3
19.99 18.1 1.89 -0.89 0.11 0.1 1.36 1.23 35.57 16.25 19.32 -1.32 0.16 0.07 2.48 1.13 3
16.22 16.18 0.04 -4.04 0.09 0.09 1.12 1.11 19.57 25.74 -6.17 8.17 0.12 0.16 1.33 1.75 2
14.16 20.58 -6.42 -10.58 0.09 0.13 0.98 1.42 27.33 18.16 9.17 -6.17 0.12 0.08 1.88 1.25 3
16.23 15.37 0.86 0.14 0.12 0.12 1.13 1.07 12.06 17.06 -5 2 0.08 0.11 0.84 1.18 3
15.28 17.16 -1.88 -1.12 0.09 0.1 1.06 1.19 16.66 20.35 -3.69 -9.31 0.11 0.13 1.15 1.4 1
13.41 22.75 -9.34 0.34 0.1 0.17 0.93 1.59 17.72 22.54 -4.82 5.82 0.13 0.16 1.22 1.56 1
18.57 23.27 -4.7 8.7 0.11 0.13 1.19 1.49 18.79 18.84 -0.05 -3.95 0.11 0.11 1.22 1.22 2
16.62 14.31 2.31 1.69 0.11 0.1 1.06 0.92 17.97 16.43 1.54 -1.54 0.12 0.11 1.17 1.07 1
13.12 18.8 -5.68 3.68 0.08 0.12 0.85 1.22 19.51 14.26 5.25 5.75 0.12 0.09 1.26 0.92 3
27.86 19.03 8.83 -4.83 0.12 0.08 1.79 1.23 18.19 23.14 -4.95 -10.05 0.11 0.14 1.17 1.49 1
20.67 18.54 2.13 -6.13 0.1 0.09 1.33 1.19 19.83 15.64 4.19 -4.19 0.1 0.08 1.28 1.01 2
27.16 20.17 6.99 4.01 0.13 0.1 1.73 1.28 17.83 24.33 -6.5 6.5 0.13 0.17 1.15 1.57 1
20.99 20.42 0.57 -3.57 0.1 0.1 1.34 1.3 18.07 18.69 -0.62 -0.38 0.1 0.1 1.17 1.21 3
15.03 21.11 -6.08 -11.92 0.09 0.12 0.97 1.36 19.99 20.11 -0.12 -3.88 0.09 0.1 1.28 1.29 2
21.93 30.19 -8.26 10.26 0.13 0.18 1.39 1.92 37.89 17.25 20.64 1.36 0.16 0.07 2.47 1.12 3
13.58 21.41 -7.83 8.83 0.09 0.14 0.87 1.37 15.2 22.86 -7.66 -0.34 0.1 0.15 0.99 1.49 2
18.41 26.37 -7.96 5.96 0.13 0.18 1.11 1.59 17.65 14.92 2.73 2.27 0.11 0.1 1.06 0.9 2
18.58 17.46 1.12 -2.12 0.12 0.11 1.14 1.07 13.85 21.62 -7.77 8.77 0.09 0.13 0.83 1.3 3
20.62 19.74 0.88 0.12 0.1 0.1 1.25 1.2 21.86 20.55 1.31 -5.31 0.09 0.09 1.32 1.24 2
21.3 15.44 5.86 6.14 0.12 0.09 1.28 0.93 22.04 22.97 -0.93 -4.07 0.1 0.11 1.32 1.38 1
41.96 18.56 23.4 3.6 0.17 0.07 2.57 1.13 19.57 23.76 -4.19 8.19 0.11 0.13 1.18 1.43 1
15.41 23.13 -7.72 -0.28 0.1 0.15 0.94 1.41 14.3 20.59 -6.29 3.29 0.09 0.12 0.87 1.25 2
21.84 16.83 5.01 -5.01 0.11 0.08 1.32 1.02 18.31 22.59 -4.28 -13.72 0.09 0.11 1.11 1.37 1
19.28 19.84 -0.56 -3.44 0.11 0.11 1.17 1.21 29.2 20.75 8.45 4.55 0.13 0.09 1.74 1.24 2
18.84 24.06 -5.22 -10.78 0.11 0.14 1.14 1.45 23.24 34.26 -11.02 8.02 0.12 0.18 1.39 2.05 1
21.47 23.39 -1.92 -2.08 0.1 0.11 1.29 1.4 28.78 19.68 9.1 -4.1 0.12 0.08 1.74 1.19 2
24.35 36.7 -12.35 8.35 0.12 0.18 1.37 2.07 19.6 27.46 -7.86 5.86 0.12 0.17 1.12 1.56 2
22.78 24.12 -1.34 -4.66 0.1 0.11 1.29 1.36 20 20.68 -0.68 -3.32 0.11 0.11 1.14 1.18 1
14.8 21.57 -6.77 3.77 0.09 0.12 0.84 1.23 21.28 25.17 -3.89 -11.11 0.11 0.13 1.21 1.43 3
14.55 22.26 -7.71 9.71 0.09 0.13 0.82 1.26 24.22 18.33 5.89 -4.89 0.11 0.08 1.38 1.04 1
19.81 24.97 -5.16 -13.84 0.09 0.12 1.13 1.42 21.8 21.76 0.04 0.96 0.11 0.11 1.24 1.24 1
23.88 21.73 2.15 -6.15 0.1 0.09 1.35 1.23 22.78 24.9 -2.12 -1.88 0.1 0.11 1.29 1.41 2
30.04 21.47 8.57 4.43 0.13 0.09 1.69 1.21 22.45 16.18 6.27 6.73 0.12 0.09 1.28 0.92 2
30.29 20.99 9.3 -4.3 0.12 0.08 1.73 1.2 19.22 18.16 1.06 -3.06 0.11 0.1 1.1 1.04 3
18.74 16.11 2.63 2.37 0.12 0.1 1.06 0.91 43.32 18.9 24.42 4.58 0.17 0.07 2.49 1.09 3
19.91 25.12 -5.21 7.21 0.1 0.13 1.13 1.42 16.39 23.63 -7.24 -0.76 0.1 0.14 0.94 1.36 3
22.7 26.81 -4.11 -9.89 0.11 0.13 1.22 1.44 21.31 27.24 -5.93 6.93 0.1 0.13 1.14 1.45 1
20.4 22.75 -2.35 -2.65 0.1 0.12 1.1 1.23 21.82 25.97 -4.15 -13.85 0.1 0.12 1.17 1.4 1
24.94 20.67 4.27 -4.27 0.11 0.09 1.34 1.11 16.44 22.99 -6.55 2.55 0.09 0.12 0.88 1.24 2
20.23 30.25 -10.02 8.02 0.12 0.18 1.09 1.63 16.89 22.98 -6.09 9.09 0.09 0.12 0.9 1.22 2
23.79 26.32 -2.53 -1.47 0.1 0.11 1.27 1.4 20.27 18.8 1.47 2.53 0.12 0.11 1.09 1.01 3
23.51 17.88 5.63 7.37 0.12 0.09 1.26 0.96 27.14 37.33 -10.19 6.19 0.12 0.17 1.45 1.99 1
18.51 25.03 -6.52 -0.48 0.11 0.14 1 1.36 31.74 22.53 9.21 3.79 0.13 0.09 1.69 1.2 1
46.01 20.43 25.58 4.42 0.17 0.07 2.5 1.11 25.3 22.74 2.56 -6.56 0.09 0.09 1.35 1.21 1
22.8 23.77 -0.97 0.97 0.11 0.11 1.23 1.28 33.21 23.66 9.55 -6.55 0.12 0.09 1.79 1.27 3
21.89 21.08 0.81 -0.81 0.12 0.11 1.19 1.14 24.85 24.52 0.33 -5.33 0.1 0.1 1.33 1.31 1
21.11 20.8 0.31 4.69 0.12 0.12 1.07 1.06 17.49 23.23 -5.74 8.74 0.09 0.12 0.88 1.17 1
33.87 23.92 9.95 -5.95 0.12 0.08 1.73 1.22 32.36 23.7 8.66 2.34 0.13 0.09 1.63 1.19 1
21.95 27.35 -5.4 -13.6 0.1 0.12 1.12 1.39 25.58 18.34 7.24 6.76 0.12 0.09 1.3 0.93 3
22.79 29.69 -6.9 5.9 0.1 0.13 1.15 1.5 27.24 20.85 6.39 -6.39 0.11 0.09 1.38 1.06 3
23.06 24.43 -1.37 0.37 0.11 0.11 1.18 1.25 20.48 30.85 -10.37 8.37 0.12 0.18 1.05 1.58 1
25.79 27.16 -1.37 -3.63 0.1 0.11 1.3 1.37 19.68 25.65 -5.97 0.97 0.11 0.14 1.01 1.31 2
25.15 28.29 -3.14 -8.86 0.12 0.13 1.28 1.44 24.34 22.44 1.9 -0.9 0.12 0.11 1.25 1.15 2
27.6 39.4 -11.8 6.8 0.12 0.17 1.4 1.99 16.62 25.29 -8.67 4.67 0.09 0.13 0.85 1.29 1
47.22 21.02 26.2 6.8 0.17 0.07 2.44 1.08 21.78 22.88 -1.1 -2.9 0.11 0.11 1.11 1.17 1
25.89 23.95 1.94 -8.94 0.09 0.09 1.31 1.21 26.21 26.97 -0.76 -5.24 0.1 0.11 1.33 1.37 1
32.75 24.92 7.83 1.17 0.13 0.1 1.57 1.19 28.64 39.94 -11.3 8.3 0.12 0.16 1.37 1.92 1
28.05 18.97 9.08 7.92 0.12 0.08 1.36 0.92 22.94 20.89 2.05 6.95 0.12 0.11 1.11 1.01 1
22.59 24.97 -2.38 -3.62 0.11 0.12 1.09 1.21 27.37 24.6 2.77 -6.77 0.09 0.08 1.32 1.18 2
28.69 21.46 7.23 -6.23 0.11 0.08 1.39 1.04 26.83 27.38 -0.55 -4.45 0.1 0.11 1.29 1.31 1
17.16 26.33 -9.17 3.17 0.08 0.13 0.83 1.27 23.4 31.14 -7.74 5.74 0.1 0.13 1.13 1.5 1
21.09 32.33 -11.24 8.24 0.12 0.18 1.02 1.57 49.31 21.83 27.48 7.52 0.17 0.07 2.41 1.07 3
19.9 26.69 -6.79 1.79 0.1 0.14 0.97 1.3 24.54 25.04 -0.5 0.5 0.11 0.11 1.19 1.22 1
26.05 23.05 3 -2 0.13 0.11 1.27 1.12 22.58 29.82 -7.24 -14.76 0.09 0.12 1.09 1.44 2
26.86 28.45 -1.59 -7.41 0.1 0.11 1.29 1.37 35.09 24.31 10.78 -4.78 0.11 0.08 1.7 1.18 3
17.58 25.06 -7.48 6.48 0.09 0.12 0.85 1.21 25.76 30 -4.24 -7.76 0.12 0.13 1.24 1.45 3
23 30.12 -7.12 -14.88 0.09 0.12 1.06 1.39 19.17 26.93 -7.76 2.76 0.09 0.12 0.88 1.24 1
28.85 45.54 -16.69 8.69 0.12 0.18 1.32 2.08 23.1 22.72 0.38 6.62 0.12 0.12 1.07 1.05 2
26.35 23.47 2.88 -1.88 0.12 0.11 1.22 1.09 20.85 27.01 -6.16 2.16 0.1 0.14 0.97 1.25 1
51.17 22.69 28.48 8.52 0.17 0.07 2.38 1.06 30.15 22.19 7.96 -3.96 0.11 0.08 1.39 1.02 2
24 33.15 -9.15 6.15 0.1 0.14 1.1 1.52 38.35 25.13 13.22 0.78 0.14 0.09 1.75 1.15 1
27.56 28.84 -1.28 -6.72 0.1 0.11 1.26 1.32 28.32 31.53 -3.21 -7.79 0.1 0.12 1.3 1.45 2
24.86 25.99 -1.13 0.13 0.11 0.11 1.15 1.2 29.88 19.13 10.75 8.25 0.13 0.08 1.38 0.88 1
27.68 25.39 2.29 -6.29 0.09 0.08 1.27 1.17 21.95 34.19 -12.24 7.24 0.11 0.18 1.01 1.58 1
38.17 25.77 12.4 -4.4 0.12 0.08 1.76 1.19 18.46 25.94 -7.48 5.48 0.09 0.12 0.85 1.19 1
26.64 30.88 -4.24 -6.76 0.11 0.13 1.22 1.42 23.38 25.28 -1.9 -4.1 0.11 0.11 1.08 1.17 3
19.7 28.58 -8.88 -0.12 0.09 0.13 0.87 1.26 29.69 29.8 -0.11 -7.89 0.1 0.11 1.3 1.3 2
23.44 23.29 0.15 6.85 0.11 0.11 1.03 1.03 25.02 33.67 -8.65 6.65 0.1 0.13 1.1 1.47 1
30.53 20.19 10.34 7.66 0.12 0.08 1.35 0.89 41.52 25.97 15.55 -4.55 0.12 0.08 1.83 1.15 3
29.28 33.66 -4.38 -6.62 0.1 0.12 1.28 1.47 28.6 31.42 -2.82 -9.18 0.11 0.12 1.25 1.38 1
22.24 35.7 -13.46 5.46 0.11 0.18 0.98 1.58 24.65 30.65 -6 -12 0.1 0.12 1.09 1.35 3
23.92 27.24 -3.32 -1.68 0.1 0.12 1.05 1.2 25.92 26.64 -0.72 0.72 0.11 0.11 1.15 1.18 1
33.07 24.49 8.58 -4.58 0.12 0.09 1.45 1.08 27.85 25.49 2.36 -0.36 0.13 0.12 1.24 1.13 2
38.87 26.15 12.72 0.28 0.13 0.09 1.69 1.14 29.19 25.68 3.51 -4.51 0.09 0.08 1.28 1.13 2
22.87 28.51 -5.64 0.64 0.11 0.14 1.01 1.26 53.47 25.61 27.86 9.14 0.16 0.08 2.37 1.14 2
18.66 29.29 -10.63 5.63 0.08 0.13 0.82 1.28 29.42 45.88 -16.46 8.46 0.12 0.18 1.29 2.01 1
30.21 26.92 3.29 -4.29 0.09 0.08 1.27 1.13 26.44 24.38 2.06 6.94 0.12 0.11 1.11 1.03 2
26.11 36.67 -10.56 6.56 0.1 0.14 1.09 1.54 29.51 47.4 -17.89 7.89 0.11 0.18 1.23 1.98 3
29.32 32.98 -3.66 -9.34 0.11 0.13 1.23 1.38 31.38 21.4 9.98 6.02 0.12 0.08 1.33 0.91 3
28.29 26.78 1.51 0.49 0.13 0.12 1.2 1.13 25.68 27.4 -1.72 -0.28 0.1 0.11 1.08 1.16 1
54.11 26.12 27.99 9.01 0.16 0.08 2.3 1.11 20.14 29.21 -9.07 0.07 0.08 0.12 0.85 1.23 1
42.73 26.82 15.91 -2.91 0.12 0.08 1.81 1.13 24.15 36.24 -12.09 2.09 0.12 0.17 1.02 1.53 3
34.36 24.93 9.43 -5.43 0.12 0.08 1.44 1.05 30.84 34.38 -3.54 -6.46 0.1 0.11 1.29 1.44 2
30.32 30.24 0.08 -8.08 0.1 0.1 1.27 1.26 40.11 27.17 12.94 0.06 0.13 0.09 1.67 1.13 1
26.08 28.4 -2.32 -0.68 0.11 0.12 1.11 1.2 20.18 29.38 -9.2 6.2 0.09 0.13 0.85 1.23 2
25.19 32.56 -7.37 -8.63 0.1 0.12 1.06 1.37 23.38 29.15 -5.77 0.77 0.11 0.13 0.99 1.23 3
31.2 36.64 -5.44 -4.56 0.1 0.12 1.25 1.47 26.01 33.89 -7.88 -9.12 0.1 0.12 1.05 1.37 2
27.15 26.02 1.13 7.87 0.12 0.12 1.1 1.05 29.83 33.36 -3.53 -10.47 0.11 0.12 1.2 1.34 1
41.52 29.29 12.23 -2.23 0.13 0.09 1.66 1.17 58.3 26.42 31.88 6.12 0.16 0.07 2.37 1.07 3
21.12 32.33 -11.21 8.21 0.09 0.13 0.85 1.3 27.44 39.29 -11.85 4.85 0.1 0.14 1.1 1.58 2
24.71 29.97 -5.26 1.26 0.11 0.13 1 1.22 31.85 27.63 4.22 -5.22 0.1 0.08 1.28 1.11 1
26.34 28.54 -2.2 -2.8 0.1 0.11 1.06 1.15 36.62 25.29 11.33 -7.33 0.12 0.08 1.47 1.02 2
31.76 21.91 9.85 7.15 0.12 0.08 1.29 0.89 32.44 31.65 0.79 -5.79 0.11 0.1 1.3 1.27 1
20.44 33.4 -12.96 2.96 0.08 0.14 0.82 1.35 29.03 29.34 -0.31 -2.69 0.11 0.11 1.18 1.19 3
32.13 48.73 -16.6 9.6 0.12 0.18 1.29 1.96 44.42 29.94 14.48 -2.48 0.12 0.08 1.8 1.21 3
27.27 37.93 -10.66 1.66 0.12 0.17 1.1 1.53 29.43 27.44 1.99 3.01 0.12 0.11 1.19 1.11 2
30.3 34.85 -4.55 -10.45 0.11 0.12 1.17 1.34 28.21 38.2 -9.99 0.99 0.12 0.16 1.09 1.48 3
32 37.64 -5.64 -4.36 0.1 0.12 1.23 1.45 20.87 34.07 -13.2 1.2 0.08 0.13 0.81 1.32 1
33.03 32.53 0.5 -7.5 0.11 0.1 1.27 1.25 22.06 32.54 -10.48 7.48 0.09 0.13 0.85 1.25 3
27.01 34.69 -7.68 -9.32 0.1 0.12 1.05 1.35 42.64 30.84 11.8 -3.8 0.13 0.09 1.64 1.18 1
46.99 31.19 15.8 -2.8 0.12 0.08 1.82 1.21 59.85 27.54 32.31 7.69 0.16 0.07 2.33 1.07 3
32.23 28.85 3.38 -5.38 0.1 0.09 1.25 1.12 27.65 40.23 -12.58 5.58 0.1 0.14 1.07 1.55 1
29.7 29.77 -0.07 -0.93 0.11 0.11 1.16 1.16 28.64 26.49 2.15 7.85 0.12 0.11 1.11 1.03 3
29.7 28.38 1.32 3.68 0.12 0.12 1.16 1.11 32.64 22.5 10.14 8.86 0.12 0.08 1.27 0.88 3
37.33 26.71 10.62 -6.62 0.12 0.08 1.44 1.03 25.93 30.35 -4.42 1.42 0.11 0.13 1.01 1.19 1
27.76 29.25 -1.49 -3.51 0.1 0.11 1.08 1.13 33.38 51.3 -17.92 9.92 0.12 0.18 1.29 1.98 1
26.07 31.43 -5.36 0.36 0.11 0.13 0.98 1.18 34.65 39.53 -4.88 -3.12 0.1 0.12 1.28 1.46 2
23.27 33.64 -10.37 8.37 0.09 0.13 0.86 1.25 35.07 30.03 5.04 -6.04 0.1 0.08 1.3 1.12 2
34.7 23.1 11.6 9.4 0.12 0.08 1.3 0.87 29.74 30.32 -0.58 -3.42 0.11 0.11 1.11 1.13 1
61.11 28.55 32.56 8.44 0.16 0.07 2.29 1.07 31.17 36.63 -5.46 -11.54 0.11 0.13 1.16 1.36 1
30.55 27.02 3.53 7.47 0.13 0.11 1.14 1.01 28.14 37.08 -8.94 -7.06 0.1 0.13 1.05 1.38 1
28.83 43.07 -14.24 6.24 0.1 0.15 1.07 1.6 30.23 31.68 -1.45 -0.55 0.11 0.12 1.13 1.19 3
29.99 39.07 -9.08 2.08 0.12 0.16 1.12 1.46 38.41 26.85 11.56 -5.56 0.12 0.08 1.42 1 3
45.03 31.97 13.06 -6.06 0.13 0.09 1.66 1.18 30.3 30.44 -0.14 3.14 0.12 0.12 1.14 1.14 1
34.45 53.28 -18.83 9.83 0.12 0.18 1.28 1.97 34.13 33.74 0.39 -8.39 0.11 0.11 1.27 1.25 3
22.76 36.72 -13.96 -0.04 0.08 0.14 0.85 1.37 48 32.45 15.55 -3.55 0.12 0.08 1.79 1.21 3
31.39 32.65 -1.26 1.26 0.12 0.12 1.13 1.18 35.38 54.01 -18.63 7.63 0.12 0.18 1.26 1.92 2
28.82 38.68 -9.86 -7.14 0.1 0.13 1.03 1.38 24.87 35.59 -10.72 8.72 0.09 0.13 0.89 1.27 3
51.01 34.34 16.67 -1.67 0.12 0.08 1.84 1.24 29.05 44.48 -15.43 6.43 0.1 0.15 1.04 1.59 1
26.56 32.44 -5.88 0.88 0.1 0.13 0.96 1.17 36.81 23.13 13.68 8.32 0.13 0.08 1.33 0.84 1
29.77 32.43 -2.66 -2.34 0.11 0.12 1.07 1.16 32.06 40.7 -8.64 0.64 0.12 0.16 1.15 1.46 3
37.02 31.63 5.39 -6.39 0.1 0.09 1.32 1.13 24.65 39.73 -15.08 -1.92 0.09 0.14 0.88 1.43 3
35.66 40.02 -4.36 -3.64 0.1 0.12 1.27 1.42 47.24 33.06 14.18 -4.18 0.13 0.09 1.68 1.17 3
40.04 28.92 11.12 -4.12 0.12 0.08 1.43 1.03 32.15 27.7 4.45 7.55 0.13 0.11 1.15 0.99 2
34.86 34.67 0.19 -6.19 0.1 0.1 1.24 1.24 31.36 40.42 -9.06 -9.94 0.11 0.14 1.12 1.45 1
31.64 31.9 -0.26 -0.74 0.11 0.11 1.14 1.15 64.9 28.74 36.16 6.84 0.16 0.07 2.34 1.04 3
34.35 40.99 -6.64 0.64 0.13 0.15 1.19 1.42 27.89 33.31 -5.42 2.42 0.11 0.13 0.97 1.16 3
32.27 28.16 4.11 7.89 0.12 0.11 1.12 0.97 30.06 34.72 -4.66 -2.34 0.1 0.12 1.04 1.2 3
67.69 29.22 38.47 7.53 0.16 0.07 2.36 1.02 36.24 41.27 -5.03 -3.97 0.1 0.12 1.24 1.42 1
29.46 46.92 -17.46 6.46 0.1 0.16 1.01 1.62 37.26 34.84 2.42 -6.42 0.11 0.1 1.28 1.2 1
27.22 37.04 -9.82 9.82 0.09 0.13 0.94 1.28 37.68 24.46 13.22 6.78 0.13 0.08 1.31 0.85 3
36.49 56.34 -19.85 8.85 0.12 0.18 1.25 1.94 38.38 33.72 4.66 -6.66 0.1 0.09 1.32 1.16 2
31.53 42.82 -11.29 -9.71 0.1 0.14 1.09 1.48 32.12 34.69 -2.57 -1.43 0.11 0.12 1.12 1.21 2
48.49 33.64 14.85 -3.85 0.13 0.09 1.66 1.15 40.5 29.04 11.46 -4.46 0.12 0.08 1.39 1 3
26.74 41.09 -14.35 -1.65 0.09 0.14 0.93 1.42 33.72 33.76 -0.04 0.04 0.12 0.12 1.17 1.18 2
53.45 34.75 18.7 -1.7 0.12 0.08 1.86 1.21 30.27 41.03 -10.76 -8.24 0.1 0.13 1.04 1.41 1
39.48 25.09 14.39 9.61 0.13 0.08 1.33 0.84 34.56 41.9 -7.34 0.34 0.13 0.15 1.16 1.4 1
36.33 42.75 -6.42 -4.58 0.1 0.12 1.2 1.42 32.74 29.49 3.25 6.75 0.12 0.11 1.09 0.99 2
39.73 36.71 3.02 -8.02 0.11 0.1 1.32 1.22 69.17 29.31 39.86 8.14 0.16 0.07 2.32 0.98 2
28.8 33.52 -4.72 2.72 0.11 0.12 0.97 1.13 38.26 57.69 -19.43 8.43 0.12 0.18 1.27 1.91 1
39.73 35.49 4.24 -6.24 0.1 0.09 1.32 1.18 33.32 43.36 -10.04 -10.96 0.1 0.13 1.11 1.44 1
31.33 45.73 -14.4 -5.6 0.1 0.14 1.04 1.52 31.33 49.39 -18.06 8.06 0.1 0.16 1.04 1.64 2
41.46 30.32 11.14 -3.14 0.12 0.09 1.38 1.01 58.15 35.81 22.34 -4.34 0.13 0.08 1.95 1.2 1
49.77 34.6 15.17 -5.17 0.13 0.09 1.64 1.14 27.85 38.84 -10.99 6.99 0.09 0.13 0.93 1.29 1
31.39 35.19 -3.8 -1.2 0.1 0.12 1.05 1.18 27.96 41.64 -13.68 -2.32 0.1 0.14 0.93 1.39 1
34.27 34.98 -0.71 0.71 0.11 0.12 1.15 1.18 32.66 36.48 -3.82 -0.18 0.11 0.12 1.09 1.22 1
34.74 44.56 -9.82 0.82 0.12 0.16 1.12 1.44 37.78 44.16 -6.38 -4.62 0.1 0.12 1.21 1.41 3
58.85 36.78 22.07 -5.07 0.13 0.08 1.91 1.19 41.22 36.35 4.87 -5.87 0.1 0.09 1.33 1.17 1
34.18 44.85 -10.67 -11.33 0.1 0.13 1.1 1.44 42.43 31.02 11.41 -2.41 0.12 0.09 1.36 1 1
71.68 31.74 39.94 8.06 0.16 0.07 2.32 1.03 42.14 25.27 16.87 9.13 0.13 0.08 1.37 0.82 1
28.18 39.68 -11.5 5.5 0.09 0.13 0.91 1.28 32.93 35.94 -3.01 -0.99 0.1 0.11 1.07 1.16 2
34.15 30.94 3.21 6.79 0.12 0.11 1.1 1 30.3 34.74 -4.44 3.44 0.11 0.12 0.98 1.13 1
28.71 43.18 -14.47 -2.53 0.1 0.14 0.93 1.39 50.61 34.93 15.68 -3.68 0.12 0.09 1.62 1.12 3
32.9 52.43 -19.53 9.53 0.1 0.16 1.06 1.68 35.89 36.17 -0.28 1.28 0.11 0.11 1.17 1.17 1
39.48 59.19 -19.71 7.71 0.12 0.18 1.26 1.9 34.37 47.3 -12.93 -7.07 0.1 0.14 1.1 1.52 2
33.85 38.1 -4.25 -0.75 0.11 0.12 1.1 1.23 42.16 39.22 2.94 -7.94 0.11 0.1 1.35 1.26 1
38.13 45.42 -7.29 -2.71 0.1 0.12 1.18 1.41 29 40.32 -11.32 5.32 0.09 0.13 0.9 1.26 1
35.61 50.39 -14.78 -5.22 0.1 0.14 1.11 1.57 73.71 32.11 41.6 8.4 0.16 0.07 2.31 1.01 2
42.51 27.3 15.21 8.79 0.13 0.08 1.34 0.86 36.84 53.62 -16.78 8.78 0.11 0.16 1.14 1.67 1
52.83 35.67 17.16 -3.16 0.13 0.09 1.64 1.11 35.59 39.64 -4.05 0.05 0.11 0.12 1.11 1.24 1
29.45 45.4 -15.95 -3.05 0.1 0.15 0.92 1.42 35.84 31.31 4.53 6.47 0.12 0.11 1.12 0.98 2
30.67 36.43 -5.76 3.76 0.11 0.13 0.96 1.14 36.01 46.89 -10.88 -9.12 0.1 0.13 1.12 1.46 1
37.08 40.11 -3.03 2.03 0.11 0.12 1.16 1.26 41.61 38.68 2.93 -4.93 0.1 0.09 1.3 1.2 2
36 44.91 -8.91 -1.09 0.12 0.15 1.13 1.4 43.7 40.96 2.74 -8.74 0.11 0.11 1.35 1.27 3
44.47 32.85 11.62 -4.62 0.12 0.09 1.38 1.02 42.57 60.43 -17.86 5.86 0.12 0.18 1.32 1.87 1
33.57 36.76 -3.19 -0.81 0.1 0.11 1.05 1.15 61.18 37.17 24.01 -6.01 0.13 0.08 1.92 1.16 2
30.42 41.05 -10.63 3.63 0.09 0.13 0.92 1.24 30.41 46.61 -16.2 -2.8 0.1 0.15 0.92 1.41 2
37.74 55.53 -17.79 7.79 0.11 0.16 1.14 1.67 36.58 46.2 -9.62 -1.38 0.12 0.15 1.11 1.4 1
42.77 39.33 3.44 -5.44 0.1 0.09 1.29 1.19 44.42 28.2 16.22 9.78 0.13 0.08 1.35 0.86 3
37.22 50.35 -13.13 -7.87 0.1 0.14 1.12 1.52 35.79 51.65 -15.86 -4.14 0.1 0.14 1.08 1.56 2
74.97 32.29 42.68 7.32 0.16 0.07 2.28 0.98 37.73 41.27 -3.54 2.54 0.11 0.13 1.15 1.26 1
42.75 62.43 -19.68 5.68 0.12 0.18 1.29 1.88 38.86 46.84 -7.98 -1.02 0.1 0.12 1.16 1.4 2
37.05 32.27 4.78 6.22 0.12 0.11 1.12 0.98 54.73 36.58 18.15 -3.15 0.13 0.09 1.64 1.1 1
62.65 37.49 25.16 -7.16 0.13 0.08 1.9 1.14 34.13 37.64 -3.51 2.51 0.11 0.12 1.04 1.14 1
44.99 41.54 3.45 -8.45 0.11 0.1 1.35 1.25 33.89 38.23 -4.34 0.34 0.1 0.12 1.03 1.16 1
36.5 41.54 -5.04 0.04 0.1 0.12 1.11 1.26 46.47 33.03 13.44 -4.44 0.12 0.08 1.4 1 3
36.14 52.71 -16.57 -3.43 0.1 0.14 1.06 1.54 43.28 41.13 2.15 -5.15 0.1 0.09 1.27 1.2 1
31.88 47.09 -15.21 -3.79 0.1 0.14 0.93 1.38 37.29 48.28 -10.99 -1.01 0.12 0.15 1.09 1.42 1
30.9 42.52 -11.62 4.62 0.09 0.13 0.9 1.24 76.62 33.91 42.71 8.29 0.16 0.07 2.26 1 3
46.22 28.71 17.51 9.49 0.13 0.08 1.36 0.85 46.77 35.54 11.23 -1.23 0.12 0.09 1.37 1.04 1
34.94 39.88 -4.94 -0.06 0.1 0.12 1.03 1.17 34.81 40.36 -5.55 1.55 0.11 0.13 1.03 1.19 3
41.13 48.69 -7.56 -1.44 0.1 0.12 1.2 1.42 39.82 56.24 -16.42 7.42 0.11 0.16 1.16 1.64 2
44.6 64.7 -20.1 6.1 0.12 0.18 1.3 1.89 39.01 41.84 -2.83 -3.17 0.11 0.11 1.15 1.23 1
55.27 39.21 16.06 -4.06 0.13 0.09 1.61 1.14 38.28 50.7 -12.42 -8.58 0.1 0.14 1.12 1.48 1
39.35 42.92 -3.57 1.57 0.12 0.13 1.16 1.27 46.64 42.59 4.05 -8.05 0.11 0.1 1.36 1.24 3
39.68 32.81 6.87 7.13 0.13 0.11 1.16 0.96 65.37 38.17 27.2 -6.2 0.13 0.08 1.93 1.13 2
35.2 40.77 -5.57 2.57 0.11 0.13 1.01 1.17 31.33 45.86 -14.53 5.53 0.09 0.13 0.89 1.3 2
48.95 30.87 18.08 9.92 0.13 0.08 1.4 0.88 32.91 47.38 -14.47 -3.53 0.1 0.14 0.93 1.35 1
35.35 40.27 -4.92 -1.08 0.1 0.11 1.01 1.15 43.35 57.75 -14.4 5.4 0.12 0.16 1.23 1.64 2
79.96 34.34 45.62 7.38 0.16 0.07 2.29 0.98 46.31 65.03 -18.72 8.72 0.13 0.18 1.31 1.84 1
48.93 38.27 10.66 -1.66 0.12 0.09 1.39 1.09 43.99 42.48 1.51 -6.51 0.1 0.1 1.25 1.21 3
37.58 49.31 -11.73 -1.27 0.12 0.16 1.07 1.4 60.94 40.08 20.86 -3.86 0.13 0.09 1.72 1.13 1
39.99 43.92 -3.93 0.93 0.11 0.13 1.15 1.26 40.51 34.44 6.07 7.93 0.13 0.11 1.15 0.98 1
47.64 43.23 4.41 -7.41 0.11 0.1 1.35 1.22 37.49 53.42 -15.93 -2.07 0.1 0.14 1.06 1.52 2
39.15 56.37 -17.22 -8.78 0.1 0.15 1.11 1.6 67 39 28 -7 0.13 0.08 1.92 1.12 1
39.34 43.55 -4.21 -5.79 0.1 0.12 1.12 1.24 42.64 52.22 -9.58 0.58 0.11 0.13 1.2 1.47 2
61.85 42.21 19.64 -3.64 0.13 0.09 1.7 1.16 35.73 40.96 -5.23 -0.77 0.1 0.11 0.99 1.14 3
47.14 67.86 -20.72 9.72 0.13 0.18 1.3 1.87 40.37 56.98 -16.61 -8.39 0.1 0.14 1.11 1.57 1
44.06 53.82 -9.76 0.76 0.11 0.13 1.21 1.48 49.43 31.49 17.94 11.06 0.13 0.08 1.38 0.88 1
33.35 46.5 -13.15 4.15 0.09 0.13 0.92 1.29 42.1 44.47 -2.37 0.37 0.12 0.12 1.17 1.24 3
44.04 58.13 -14.09 5.09 0.12 0.15 1.21 1.6 82.79 35.17 47.62 6.38 0.16 0.07 2.31 0.98 1
41.06 36.55 4.51 8.49 0.13 0.11 1.13 1.01 39.71 50.22 -10.51 -1.49 0.12 0.15 1.1 1.39 1
44.83 43.87 0.96 -4.96 0.1 0.1 1.24 1.21 40.94 44.97 -4.03 -5.97 0.1 0.11 1.14 1.25 1
67.61 40.22 27.39 -7.39 0.13 0.08 1.88 1.12 48.45 44.67 3.78 -6.78 0.11 0.1 1.33 1.23 1
33.53 47.86 -14.33 -4.67 0.09 0.14 0.92 1.32 35.84 42.79 -6.95 3.95 0.11 0.13 1 1.19 1
38.93 54.23 -15.3 -2.7 0.1 0.14 1.07 1.5 50.32 39.11 11.21 -3.21 0.12 0.09 1.39 1.08 3
0.69 1.07 -0.38 0.38 0.35 0.54 0.68 1.06 0.84 1.54 -0.7 0.7 0.09 0.17 0.8 1.47 3
1.84 1.24 0.6 0.4 0.17 0.11 1.84 1.24 0.25 0.63 -0.38 0.38 0.02 0.05 0.24 0.61 1
1.91 1.71 0.2 -0.2 0.15 0.13 1.91 1.71 1.55 0.06 1.49 -0.49 0.12 0 1.48 0.06 2
0.1 1.28 -1.18 -0.82 0.03 0.32 0.1 1.28 2.92 0.29 2.63 -1.63 0.19 0.02 2.86 0.28 2
1.28 0.1 1.18 0.82 0.26 0.02 1.28 0.1 1.54 0.84 0.7 -0.7 0.13 0.07 1.47 0.8 2
1.71 1.91 -0.2 0.2 0.19 0.21 1.71 1.91 1.07 0.69 0.38 -0.38 0.06 0.04 1.06 0.68 3
0.63 0.25 0.38 -0.38 0.05 0.02 0.61 0.24 1 1.87 -0.87 0.87 0.11 0.21 0.96 1.79 1
0.29 2.04 -1.75 0.75 0.03 0.23 0.29 2.04 0.34 0.26 0.08 -0.08 0.05 0.04 0.34 0.26 2
0.26 0.34 -0.08 0.08 0.04 0.06 0.26 0.34 1.24 1.84 -0.6 -0.4 0.18 0.26 1.24 1.84 2
0.06 1.55 -1.49 0.49 0.02 0.52 0.06 1.48 1.87 1 0.87 -0.87 0.12 0.06 1.79 0.96 2
0.29 2.92 -2.63 1.63 0.04 0.42 0.28 2.86 2.04 0.29 1.75 -0.75 0.16 0.02 2.04 0.29 3
0.51 1.17 -0.66 -0.34 0.03 0.07 0.25 0.57 3.54 1.53 2.01 -0.01 0.16 0.07 1.77 0.77 1
2.44 3.26 -0.82 -0.18 0.2 0.27 1.22 1.63 3.66 2.49 1.17 -1.17 0.14 0.09 1.8 1.22 1
2.55 1.38 1.17 -1.17 0.15 0.08 1.25 0.68 0.38 1.79 -1.41 -0.59 0.04 0.18 0.19 0.88 3
3.43 0.57 2.86 -1.86 0.15 0.02 1.66 0.28 2.89 0.5 2.39 -0.39 0.15 0.03 1.45 0.25 2
2.33 1.81 0.52 0.48 0.13 0.1 1.12 0.87 3.3 2.62 0.68 1.32 0.11 0.09 1.61 1.28 2
2.47 1.9 0.57 -0.57 0.09 0.07 1.18 0.9 2.79 1.84 0.95 0.05 0.16 0.11 1.34 0.89 2
1.08 3.14 -2.06 0.06 0.09 0.26 0.53 1.53 1.53 4.42 -2.89 0.89 0.08 0.23 0.76 2.19 3
1.9 0.33 1.57 0.43 0.1 0.02 0.93 0.16 0.99 3.02 -2.03 1.03 0.09 0.27 0.48 1.48 1
1.94 2.45 -0.51 0.51 0.09 0.11 0.95 1.2 3.64 4.14 -0.5 -1.5 0.16 0.18 1.79 2.04 1
1.68 1.54 0.14 -0.14 0.1 0.09 0.84 0.77 1.41 4.25 -2.84 1.84 0.07 0.2 0.69 2.09 1
0.96 2.15 -1.19 0.19 0.1 0.22 0.46 1.02 2.38 1.5 0.88 1.12 0.11 0.07 1.18 0.74 3
4.62 3.57 1.05 0.95 0.14 0.11 1.53 1.18 1.78 5.32 -3.54 0.54 0.09 0.28 0.58 1.74 1
4.18 3.28 0.9 0.1 0.13 0.11 1.39 1.09 3.4 2.27 1.13 -0.13 0.11 0.08 1.09 0.73 1
1.61 6.22 -4.61 1.61 0.06 0.23 0.52 2.02 1.84 2.63 -0.79 -1.21 0.09 0.13 0.59 0.84 1
2.86 2.38 0.48 2.52 0.1 0.09 0.93 0.78 4.04 3.67 0.37 -0.37 0.09 0.08 1.28 1.17 1
3.76 3.69 0.07 1.93 0.1 0.1 1.22 1.19 6.5 2.3 4.2 -3.2 0.17 0.06 2.1 0.74 3
1.43 2.37 -0.94 0.94 0.09 0.15 0.47 0.78 4.17 4.02 0.15 2.85 0.14 0.14 1.35 1.3 3
4.66 4.6 0.06 -1.06 0.14 0.14 1.49 1.47 3.13 2.43 0.7 -2.7 0.13 0.1 1.03 0.8 1
1.2 5.96 -4.76 1.76 0.07 0.33 0.39 1.96 3.65 1.74 1.91 0.09 0.14 0.06 1.19 0.57 3
5.21 6.37 -1.16 -3.84 0.14 0.17 1.69 2.06 2.26 1.81 0.45 -0.45 0.08 0.06 0.74 0.59 2
4.56 3.41 1.15 -0.15 0.18 0.14 1.46 1.09 4.84 0.54 4.3 -0.3 0.17 0.02 1.59 0.18 1
3.71 5.12 -1.41 0.41 0.09 0.12 1.23 1.69 4.55 4.26 0.29 -0.29 0.18 0.17 1.47 1.37 1
4.98 5.38 -0.4 4.4 0.12 0.13 1.2 1.3 3.57 4.35 -0.78 0.78 0.1 0.12 0.87 1.06 2
4.84 2.67 2.17 0.83 0.17 0.09 1.18 0.65 5.57 5.19 0.38 -0.38 0.14 0.13 1.34 1.25 2
5.65 4.02 1.63 2.37 0.14 0.1 1.39 0.99 5.49 5.93 -0.44 0.44 0.1 0.1 1.35 1.46 1
3.75 4.39 -0.64 -3.36 0.13 0.15 0.9 1.05 8.93 2.88 6.05 -1.05 0.17 0.05 2.17 0.7 1
3.48 7.96 -4.48 -0.52 0.09 0.22 0.86 1.97 6.06 3.78 2.28 3.72 0.13 0.08 1.49 0.93 3
5.36 6.04 -0.68 -0.32 0.16 0.18 1.29 1.46 4.34 6.12 -1.78 -0.22 0.09 0.12 1.06 1.49 3
3.72 3.34 0.38 -3.38 0.1 0.09 0.91 0.82 6.26 3.45 2.81 -0.81 0.13 0.07 1.57 0.86 2
2.5 2.87 -0.37 0.37 0.07 0.08 0.61 0.7 6.69 3.41 3.28 -1.28 0.16 0.08 1.61 0.82 1
3.39 3.25 0.14 3.86 0.09 0.09 0.82 0.78 6.27 6.61 -0.34 -4.66 0.14 0.15 1.53 1.61 1
4.91 4.2 0.71 -1.71 0.1 0.08 1.16 0.99 2.79 3.18 -0.39 -0.61 0.1 0.11 0.68 0.78 3
1.99 6.76 -4.77 -2.23 0.1 0.34 0.49 1.65 3.37 8.13 -4.76 3.76 0.09 0.21 0.82 1.98 1
7.2 4.83 2.37 -1.37 0.15 0.1 1.38 0.93 7.46 4.82 2.64 4.36 0.14 0.09 1.47 0.95 1
6.05 4.77 1.28 -1.28 0.1 0.08 1.18 0.93 3.92 3.38 0.54 0.46 0.08 0.07 0.77 0.66 3
7.67 5.87 1.8 5.2 0.14 0.11 1.52 1.16 6.04 3.4 2.64 4.36 0.11 0.06 1.17 0.66 1
4.17 4.26 -0.09 0.09 0.12 0.12 0.81 0.83 3.07 7.27 -4.2 -1.8 0.1 0.23 0.6 1.43 2
6.48 5.99 0.49 -0.49 0.12 0.11 1.24 1.15 4.51 5.56 -1.05 -1.95 0.12 0.15 0.87 1.08 3
5.44 6.6 -1.16 1.16 0.09 0.11 1.06 1.29 6.55 4.29 2.26 -5.26 0.1 0.06 1.27 0.83 2
7.21 6.28 0.93 1.07 0.14 0.12 1.42 1.23 5.4 7.86 -2.46 6.46 0.12 0.18 1.05 1.52 3
6.42 9.26 -2.84 -5.16 0.13 0.19 1.26 1.81 5.99 5.58 0.41 -2.41 0.09 0.08 1.13 1.06 2
6.29 7.74 -1.45 -1.55 0.09 0.11 1.24 1.52 5.57 9.57 -4 -2 0.11 0.18 1.1 1.9 3
10.1 3.64 6.46 -2.46 0.16 0.06 1.98 0.71 5.84 7.14 -1.3 -1.7 0.15 0.18 1.14 1.39 3
3.88 9.21 -5.33 3.33 0.08 0.19 0.76 1.81 5.64 3.58 2.06 0.94 0.14 0.09 1.1 0.7 1
6.73 8.64 -1.91 7.91 0.11 0.14 1.08 1.38 10.53 5.33 5.2 -3.2 0.14 0.07 1.7 0.86 2
7.53 7.57 -0.04 -0.96 0.15 0.15 1.21 1.22 7.99 7.61 0.38 -0.38 0.12 0.11 1.29 1.23 2
5.91 4.34 1.57 0.43 0.13 0.1 0.95 0.7 8.08 6.38 1.7 6.3 0.13 0.1 1.33 1.05 1
7.86 6.59 1.27 4.73 0.13 0.11 1.29 1.08 8.08 9.69 -1.61 -6.39 0.13 0.15 1.31 1.57 1
6.42 7.24 -0.82 -1.18 0.09 0.1 1.02 1.15 7.49 5.48 2.01 -4.01 0.11 0.08 1.21 0.89 1
4.63 4.82 -0.19 3.19 0.08 0.08 0.75 0.78 6.73 7.76 -1.03 1.03 0.1 0.12 1.1 1.27 1
6.55 3.81 2.74 3.26 0.1 0.06 1.06 0.62 7.31 9.56 -2.25 -3.75 0.09 0.12 1.2 1.56 1
4.64 9.48 -4.84 3.84 0.07 0.15 0.76 1.54 7.67 7.55 0.12 -2.12 0.12 0.11 1.23 1.21 2
6.07 6.75 -0.68 -0.32 0.12 0.13 0.98 1.09 5.62 4.65 0.97 -0.97 0.13 0.11 0.92 0.76 1
7.39 10.59 -3.2 0.2 0.11 0.15 1.22 1.75 7.71 5.58 2.13 -5.13 0.09 0.07 1.25 0.9 2
3.46 8.72 -5.26 -0.74 0.08 0.2 0.57 1.43 8.97 5.23 3.74 -1.74 0.15 0.09 1.44 0.84 3
8.24 8.38 -0.14 0.14 0.1 0.11 1.15 1.17 7.64 7.54 0.1 -1.1 0.1 0.1 1.04 1.03 1
9.59 8.99 0.6 -2.6 0.12 0.12 1.32 1.24 9.8 13.15 -3.35 0.35 0.12 0.15 1.38 1.85 1
9.4 13.91 -4.51 -5.49 0.14 0.2 1.31 1.93 9.58 7.42 2.16 -1.16 0.14 0.11 1.33 1.03 1
8.9 8.17 0.73 6.27 0.11 0.1 1.26 1.15 5.98 5.62 0.36 4.64 0.09 0.08 0.83 0.78 2
6.29 8.16 -1.87 -0.13 0.13 0.16 0.88 1.15 12.08 7.91 4.17 3.83 0.16 0.1 1.7 1.11 3
7.53 9.11 -1.58 -0.42 0.09 0.11 1.05 1.27 8.55 10.33 -1.78 7.78 0.12 0.15 1.18 1.43 1
11.84 6.51 5.33 -1.33 0.17 0.09 1.64 0.9 8.08 4.7 3.38 3.62 0.1 0.06 1.12 0.65 2
10.27 7.99 2.28 -5.28 0.1 0.08 1.42 1.1 8.3 7.82 0.48 -1.48 0.15 0.14 1.15 1.08 1
7.79 6.7 1.09 -4.09 0.1 0.09 1.09 0.93 4.74 11.59 -6.85 -1.15 0.09 0.21 0.67 1.63 2
8.2 11.09 -2.89 -4.11 0.09 0.12 1.15 1.55 7.7 5.16 2.54 0.46 0.15 0.1 1.07 0.71 1
12.22 7.15 5.07 -3.07 0.13 0.08 1.7 1 6.08 11.4 -5.32 4.32 0.08 0.15 0.85 1.59 2
8.34 5.88 2.46 4.54 0.1 0.07 1.02 0.72 8.95 11.43 -2.48 7.48 0.12 0.15 1.09 1.39 1
10.72 15.02 -4.3 0.3 0.11 0.15 1.31 1.84 9.02 7.56 1.46 -4.46 0.1 0.09 1.1 0.92 1
13.02 6.77 6.25 -2.25 0.16 0.09 1.59 0.82 11.2 8.22 2.98 -4.98 0.1 0.07 1.35 0.99 1
8.04 11.92 -3.88 2.88 0.09 0.13 0.99 1.46 10.36 14.26 -3.9 -5.1 0.13 0.18 1.26 1.73 1
8.61 6.13 2.48 -0.48 0.14 0.1 1.04 0.74 7.98 9.12 -1.14 -1.86 0.14 0.16 0.98 1.12 2
9.93 8.38 1.55 -1.55 0.13 0.11 1.21 1.02 9.56 8.32 1.24 5.76 0.11 0.09 1.18 1.03 1
11.46 9.91 1.55 -2.55 0.13 0.11 1.38 1.19 12.74 9.11 3.63 -1.63 0.13 0.09 1.56 1.11 1
8.21 8.78 -0.57 -3.43 0.09 0.1 0.99 1.05 8.53 8.75 -0.22 -1.78 0.13 0.13 1.03 1.06 2
9.17 12 -2.83 -3.17 0.09 0.12 1.12 1.47 8.63 9.51 -0.88 -0.12 0.09 0.1 1.06 1.17 1
13.04 9.6 3.44 5.56 0.14 0.11 1.6 1.18 9.48 8.95 0.53 2.47 0.11 0.1 1.16 1.09 1
5.6 12.82 -7.22 -0.78 0.09 0.21 0.69 1.58 6.13 6.28 -0.15 5.15 0.08 0.09 0.75 0.77 3
11.48 11.59 -0.11 -5.89 0.1 0.1 1.23 1.24 11.17 7.06 4.11 3.89 0.11 0.07 1.21 0.77 1
9.19 10.75 -1.56 -0.44 0.09 0.1 1 1.17 10.01 12.34 -2.33 3.33 0.1 0.12 1.09 1.34 1
7.22 7.63 -0.41 7.41 0.09 0.09 0.79 0.83 13.84 10.75 3.09 6.91 0.14 0.11 1.51 1.17 1
10.14 10.78 -0.64 4.64 0.11 0.11 1.11 1.18 12.91 10.18 2.73 -2.73 0.13 0.1 1.39 1.09 1
10.78 16.23 -5.45 -5.55 0.12 0.18 1.16 1.75 16.39 7.05 9.34 -1.34 0.17 0.07 1.77 0.76 2
10.63 9.75 0.88 1.12 0.11 0.1 1.15 1.06 12.24 16.16 -3.92 0.92 0.11 0.15 1.33 1.75 2
8.96 9.67 -0.71 -1.29 0.12 0.13 0.96 1.04 6.95 13.91 -6.96 -3.04 0.1 0.2 0.76 1.52 1
10.13 14.26 -4.13 8.13 0.12 0.17 1.09 1.54 12.39 8.96 3.43 -0.43 0.13 0.09 1.34 0.97 2
8.26 11.9 -3.64 0.64 0.13 0.19 0.9 1.29 10.41 12.56 -2.15 -2.85 0.09 0.11 1.13 1.37 1
13.01 10.56 2.45 -1.45 0.12 0.1 1.42 1.15 9.13 9.21 -0.08 -3.92 0.08 0.08 0.97 0.98 2
10.16 9.08 1.08 -5.08 0.1 0.09 1.1 0.98 11.39 6.41 4.98 -2.98 0.14 0.08 1.22 0.69 2
11.63 7.11 4.52 -2.52 0.14 0.08 1.13 0.69 12.24 17.34 -5.1 -5.9 0.11 0.16 1.18 1.68 2
17.5 8.51 8.99 -0.99 0.17 0.08 1.7 0.83 9.42 13.15 -3.73 1.73 0.13 0.18 0.92 1.29 1
12.43 11.19 1.24 0.76 0.11 0.1 1.21 1.09 12.46 11.23 1.23 5.77 0.12 0.1 1.23 1.11 2
14.45 11.92 2.53 6.47 0.13 0.11 1.41 1.16 14.92 10.1 4.82 -1.82 0.13 0.09 1.45 0.98 1
10.09 11.25 -1.16 0.16 0.11 0.13 0.98 1.09 10.86 9.32 1.54 -5.54 0.1 0.08 1.06 0.91 3
9.96 10.59 -0.63 -3.37 0.08 0.09 0.95 1.02 8.39 8.24 0.15 7.85 0.09 0.09 0.82 0.8 1
8.53 15.04 -6.51 -4.49 0.1 0.17 0.84 1.48 9.57 11.55 -1.98 0.98 0.08 0.1 0.94 1.14 1
13.68 17.96 -4.28 1.28 0.12 0.15 1.33 1.75 11.27 16.79 -5.52 9.52 0.12 0.18 1.1 1.64 3
11.66 13.72 -2.06 -3.94 0.09 0.11 1.14 1.34 10.81 12.72 -1.91 1.91 0.1 0.11 1.06 1.25 2
11.91 12.21 -0.3 -3.7 0.09 0.09 1.15 1.18 14.39 11.39 3 -2 0.12 0.1 1.4 1.11 1
11.79 7.49 4.3 1.7 0.1 0.07 1.15 0.73 13.36 12.5 0.86 -3.86 0.12 0.11 1.29 1.21 1
13.77 17.26 -3.49 8.49 0.14 0.17 1.22 1.52 9.55 16.71 -7.16 -2.84 0.1 0.17 0.85 1.49 1
10.85 15.7 -4.85 0.85 0.13 0.19 0.96 1.39 11.05 12.11 -1.06 -0.94 0.12 0.13 0.98 1.07 2
13.69 13.93 -0.24 -4.76 0.12 0.12 1.21 1.23 12.24 11.7 0.54 -3.54 0.09 0.09 1.07 1.02 1
12.11 13.14 -1.03 1.03 0.1 0.11 1.08 1.17 13.22 7.82 5.4 2.6 0.11 0.06 1.18 0.7 1
12.82 17.65 -4.83 -6.17 0.11 0.14 1.13 1.55 14.15 20.46 -6.31 2.31 0.11 0.16 1.25 1.8 1
14.67 13.36 1.31 5.69 0.12 0.11 1.31 1.19 20.05 9.94 10.11 -0.11 0.17 0.08 1.77 0.88 2
11.72 10.28 1.44 -4.44 0.1 0.09 1.04 0.91 12.89 12.87 0.02 -2.02 0.09 0.09 1.14 1.14 1
11.24 12.57 -1.33 -0.67 0.09 0.1 1 1.12 14.56 13.4 1.16 0.84 0.12 0.11 1.28 1.18 2
9.5 10.52 -1.02 8.02 0.09 0.1 0.84 0.93 12.08 15.02 -2.94 -3.06 0.09 0.11 1.07 1.34 1
15.32 11.3 4.02 -2.02 0.13 0.09 1.36 1 11.94 7.69 4.25 -2.25 0.13 0.08 1.05 0.68 1
15.05 12.37 2.68 -3.68 0.11 0.09 1.34 1.1 15.65 12.32 3.33 6.67 0.13 0.1 1.39 1.1 3
15.25 11.77 3.48 -2.48 0.12 0.09 1.24 0.96 11.05 16.31 -5.26 1.26 0.13 0.19 0.9 1.33 1
11.66 12.31 -0.65 -1.35 0.11 0.12 0.95 1 11.51 11.21 0.3 8.7 0.11 0.1 0.94 0.91 3
15.4 21.45 -6.05 0.05 0.11 0.16 1.25 1.73 13.68 13.68 0 1 0.1 0.1 1.11 1.11 3
14.38 16.4 -2.02 -3.98 0.1 0.11 1.16 1.33 15.34 14.51 0.83 6.17 0.12 0.11 1.25 1.18 2
21.2 10.61 10.59 -0.59 0.16 0.08 1.71 0.86 12.38 13.49 -1.11 -0.89 0.09 0.1 1.01 1.11 1
16.17 12.67 3.5 8.5 0.12 0.1 1.32 1.03 15.92 14.8 1.12 -4.12 0.12 0.11 1.29 1.19 2
12.77 17.03 -4.26 -3.74 0.09 0.12 1.04 1.39 16.59 11.84 4.75 -1.75 0.12 0.09 1.35 0.96 1
12.48 8.96 3.52 -2.52 0.12 0.09 1.01 0.72 13.76 9.39 4.37 2.63 0.11 0.07 1.12 0.76 2
15.48 14.54 0.94 1.06 0.12 0.11 1.26 1.18 13.81 18.9 -5.09 -3.91 0.1 0.14 1.11 1.52 1
13.11 13.93 -0.82 -4.18 0.09 0.09 1.05 1.11 16.43 17.71 -1.28 8.28 0.14 0.15 1.33 1.43 2
10 19.37 -9.37 -2.63 0.09 0.18 0.82 1.58 15.4 12.89 2.51 -5.51 0.11 0.09 1.26 1.05 3
15.85 15.51 0.34 6.66 0.11 0.11 1.2 1.17 16.5 12.92 3.58 8.42 0.12 0.09 1.24 0.97 2
15.72 10.6 5.12 1.88 0.11 0.07 1.18 0.8 10.58 20.05 -9.47 -4.53 0.09 0.17 0.8 1.51 1
11.1 18.64 -7.54 1.54 0.13 0.21 0.84 1.41 16.47 22.07 -5.6 -1.4 0.12 0.15 1.23 1.65 3
14.3 14.75 -0.45 2.45 0.09 0.1 1.07 1.11 13.91 14.78 -0.87 -4.13 0.08 0.09 1.03 1.09 1
16.08 13.47 2.61 -3.61 0.11 0.09 1.21 1.01 16.94 14.85 2.09 2.91 0.12 0.1 1.27 1.11 2
13.24 15.39 -2.15 -3.85 0.09 0.1 1 1.16 13.69 10.92 2.77 -1.77 0.12 0.1 1.02 0.81 1
16.17 15.13 1.04 -4.04 0.12 0.11 1.21 1.13 14.84 18 -3.16 -2.84 0.1 0.12 1.12 1.36 3
14.12 20.36 -6.24 -5.76 0.09 0.14 1.05 1.52 17.58 11.82 5.76 -2.76 0.12 0.08 1.32 0.89 3
11.84 11.89 -0.05 10.05 0.1 0.11 0.89 0.89 15.38 16.91 -1.53 -4.47 0.09 0.1 1.15 1.27 1
17.28 18.51 -1.23 8.23 0.14 0.15 1.29 1.38 12.34 12.64 -0.3 -2.7 0.11 0.11 0.92 0.94 1
17.56 13.91 3.65 -2.65 0.12 0.1 1.32 1.04 23.1 11.47 11.63 2.37 0.16 0.08 1.72 0.86 2
18.68 13.86 4.82 7.18 0.12 0.09 1.31 0.97 14.59 11.81 2.78 -2.78 0.12 0.1 1.01 0.82 3
10.63 22.25 -11.62 -4.38 0.09 0.19 0.74 1.56 18.29 14.18 4.11 -3.11 0.12 0.09 1.28 0.99 2
23.37 12.2 11.17 2.83 0.16 0.08 1.62 0.85 17.5 15.84 1.66 2.34 0.1 0.09 1.22 1.1 1
12.83 13.54 -0.71 -3.29 0.1 0.11 0.89 0.94 15 21.78 -6.78 -7.22 0.09 0.13 1.04 1.51 1
19 12.7 6.3 -1.3 0.12 0.08 1.32 0.89 16.79 17.69 -0.9 7.9 0.12 0.12 1.18 1.24 1
18.8 16.99 1.81 3.19 0.12 0.11 1.31 1.18 19.15 16.81 2.34 -6.34 0.12 0.11 1.33 1.16 1
18.41 22.63 -4.22 0.22 0.12 0.15 1.27 1.57 17.92 10.65 7.27 1.73 0.11 0.07 1.25 0.74 1
15.44 18.3 -2.86 -4.14 0.09 0.11 1.07 1.27 18.18 19 -0.82 8.82 0.13 0.14 1.26 1.32 3
14.13 16.29 -2.16 -2.84 0.09 0.1 0.99 1.15 11.66 20.58 -8.92 -0.08 0.12 0.22 0.82 1.44 1
15 17.98 -2.98 -4.02 0.08 0.1 1.03 1.23 16.52 20.98 -4.46 -0.54 0.1 0.13 1.15 1.46 1
13.23 11.95 1.28 9.72 0.1 0.09 0.92 0.83 18.22 15.33 2.89 -3.89 0.11 0.09 1.27 1.07 1
18.35 17.22 1.13 -4.13 0.11 0.1 1.2 1.12 21.31 13.87 7.44 0.56 0.13 0.09 1.39 0.9 3
15.81 22.86 -7.05 -7.95 0.09 0.13 1.02 1.48 16.76 18.39 -1.63 -6.37 0.09 0.1 1.09 1.19 2
18.99 11.35 7.64 0.36 0.11 0.07 1.24 0.74 19.23 14.89 4.34 6.66 0.12 0.09 1.26 0.97 3
12.14 23.57 -11.43 -0.57 0.12 0.24 0.79 1.54 20.2 17.64 2.56 3.44 0.12 0.11 1.31 1.14 3
19.45 15.14 4.31 -3.31 0.12 0.09 1.27 0.99 19.11 23.7 -4.59 1.59 0.12 0.15 1.24 1.53 2
15.62 12.36 3.26 -2.26 0.12 0.09 1.01 0.8 17.21 18.69 -1.48 -4.52 0.09 0.1 1.1 1.2 1
17.23 23.19 -5.96 -0.04 0.1 0.13 1.12 1.51 24.68 12.72 11.96 4.04 0.16 0.08 1.6 0.83 2
18.02 17.15 0.87 1.13 0.1 0.1 1.17 1.12 13.91 14.35 -0.44 -2.56 0.11 0.11 0.9 0.93 1
18.27 20.32 -2.05 11.05 0.13 0.15 1.18 1.31 15.12 12.08 3.04 9.96 0.11 0.09 0.98 0.78 1
19.8 18.21 1.59 -6.59 0.12 0.11 1.28 1.17 11.59 23.41 -11.82 -4.18 0.09 0.18 0.76 1.53 1
17.96 20 -2.04 6.04 0.12 0.13 1.18 1.31 17.12 16.77 0.35 -2.35 0.1 0.09 1.13 1.1 2
18.47 19.48 -1.01 -5.99 0.09 0.09 1.11 1.17 19.67 24.12 -4.45 1.45 0.12 0.14 1.2 1.47 2
26.01 13.7 12.31 3.69 0.16 0.08 1.58 0.83 20.52 18.67 1.85 -3.85 0.11 0.1 1.24 1.13 2
12.05 24.13 -12.08 -6.92 0.09 0.18 0.74 1.48 19.48 15.08 4.4 7.6 0.11 0.09 1.2 0.93 3
19.41 21.39 -1.98 11.98 0.13 0.14 1.18 1.3 19.58 17.95 1.63 1.37 0.1 0.09 1.2 1.1 2
22.03 18.13 3.9 4.1 0.13 0.1 1.34 1.1 19.18 11.6 7.58 -0.58 0.11 0.07 1.17 0.71 3
17.76 17.27 0.49 -2.49 0.09 0.09 1.09 1.06 19.87 15.7 4.17 -3.17 0.12 0.09 1.22 0.96 3
16.19 13.22 2.97 9.03 0.11 0.09 0.99 0.81 12.63 25.4 -12.77 -1.23 0.12 0.24 0.77 1.56 3
22.25 14.46 7.79 1.21 0.13 0.08 1.36 0.88 18.21 24.52 -6.31 0.31 0.09 0.13 1.11 1.5 1
17.57 18.98 -1.41 -6.59 0.09 0.09 1.06 1.15 16.41 13.62 2.79 -0.79 0.12 0.1 0.99 0.82 2
14.71 15.91 -1.2 -2.8 0.11 0.11 0.9 0.97 18.46 20.64 -2.18 6.18 0.11 0.13 1.13 1.27 1
18.94 18.16 0.78 -4.78 0.1 0.1 1.16 1.11 16.4 23.67 -7.27 -7.73 0.09 0.13 0.99 1.43 2
21.12 13.21 7.91 0.09 0.11 0.07 1.21 0.76 24.34 15.54 8.8 1.2 0.13 0.08 1.39 0.89 1
20.28 15.79 4.49 8.51 0.12 0.09 1.17 0.91 19.31 17.91 1.4 -4.4 0.1 0.09 1.11 1.03 1
21.58 19.95 1.63 -3.63 0.11 0.1 1.23 1.14 21.21 22.9 -1.69 11.69 0.13 0.14 1.21 1.31 3
14.66 25.79 -11.13 -1.87 0.13 0.22 0.84 1.48 16.83 24.48 -7.65 -7.35 0.09 0.13 0.96 1.4 2
18.15 16.05 2.1 -0.1 0.12 0.1 1.03 0.91 23.64 20.07 3.57 3.43 0.12 0.1 1.35 1.15 1
19.29 26.61 -7.32 0.32 0.09 0.13 1.1 1.52 20 20.72 -0.72 -7.28 0.09 0.1 1.14 1.18 3
21.09 19.75 1.34 1.66 0.1 0.09 1.21 1.14 16.58 15.25 1.33 9.67 0.11 0.1 0.95 0.87 1
20.14 24.76 -4.62 1.62 0.11 0.14 1.15 1.42 12.76 24.93 -12.17 -7.83 0.09 0.17 0.74 1.44 3
20.41 24.1 -3.69 5.69 0.12 0.14 1.18 1.39 19.11 19.95 -0.84 -6.16 0.09 0.09 1.08 1.13 2
20.51 17.25 3.26 -1.26 0.11 0.1 1.18 0.99 18.17 17.86 0.31 -2.31 0.12 0.11 1.04 1.03 2
27.29 14.76 12.53 3.47 0.15 0.08 1.56 0.84 19.75 18.59 1.16 -5.16 0.1 0.1 1.14 1.07 1
21.27 21.97 -0.7 -6.3 0.09 0.09 1.14 1.17 21.58 17.15 4.43 9.57 0.12 0.09 1.18 0.93 2
24.38 21.85 2.53 3.47 0.12 0.1 1.31 1.18 13.28 25.43 -12.15 -6.85 0.08 0.16 0.73 1.39 1
19.15 19.76 -0.61 -1.39 0.12 0.12 1.04 1.07 19.93 16.79 3.14 -0.14 0.12 0.1 1.07 0.9 2
20.67 19.21 1.46 -5.46 0.1 0.09 1.12 1.04 22.39 14.09 8.3 0.7 0.11 0.07 1.21 0.76 2
20.91 20.64 0.27 -6.27 0.1 0.1 1.14 1.12 20.64 25.28 -4.64 0.64 0.11 0.14 1.12 1.37 1
21.97 23.04 -1.07 -4.93 0.1 0.1 1.18 1.24 22.41 18.23 4.18 -2.18 0.12 0.09 1.21 0.99 2
17.55 25.49 -7.94 -7.06 0.09 0.13 0.95 1.38 22.43 26.26 -3.83 5.83 0.12 0.14 1.22 1.43 1
25.22 16.81 8.41 0.59 0.13 0.09 1.36 0.91 29.34 15.92 13.42 4.58 0.15 0.08 1.59 0.86 1
15.67 26.51 -10.84 -2.16 0.13 0.21 0.85 1.44 22.19 21.07 1.12 2.88 0.1 0.09 1.21 1.15 3
22.47 24.81 -2.34 13.34 0.14 0.15 1.21 1.34 21.61 28.58 -6.97 -2.03 0.1 0.13 1.17 1.54 1
17.9 16.35 1.55 8.45 0.11 0.1 0.97 0.88 23.49 21.21 2.28 -5.28 0.11 0.1 1.26 1.14 2
22.05 22.54 -0.49 -6.51 0.09 0.09 1.12 1.14 24.45 24.01 0.44 -6.44 0.1 0.1 1.25 1.23 1
22.15 17.93 4.22 9.78 0.11 0.09 1.14 0.93 22.9 26.06 -3.16 15.16 0.13 0.15 1.17 1.33 2
21.62 27.4 -5.78 0.78 0.11 0.14 1.11 1.41 19.34 17.36 1.98 8.02 0.11 0.1 0.99 0.89 1
20.98 17.41 3.57 -0.57 0.12 0.1 1.07 0.89 23.03 21.62 1.41 -6.41 0.1 0.09 1.19 1.12 3
23.38 20.71 2.67 -0.67 0.11 0.1 1.2 1.06 25.79 22.05 3.74 4.26 0.12 0.1 1.32 1.13 1
30.4 17.39 13.01 1.99 0.15 0.08 1.56 0.89 19.77 20.81 -1.04 -0.96 0.12 0.13 1.01 1.07 2
24.18 21.63 2.55 2.45 0.1 0.09 1.24 1.11 26.69 17.87 8.82 3.18 0.13 0.09 1.36 0.91 1
13.48 26.84 -13.36 -7.64 0.08 0.16 0.7 1.39 18.87 27.48 -8.61 -3.39 0.09 0.13 0.97 1.41 1
22.62 14.44 8.18 0.82 0.11 0.07 1.16 0.74 16.23 28.5 -12.27 -1.73 0.12 0.21 0.83 1.46 3
24.5 22.65 1.85 -4.85 0.11 0.1 1.25 1.15 21.02 19.44 1.58 -5.58 0.09 0.09 1.08 1 3
22.86 29.01 -6.15 -3.85 0.1 0.12 1.17 1.49 24.42 27.58 -3.16 2.16 0.12 0.13 1.26 1.42 2
27.57 20.09 7.48 3.52 0.13 0.09 1.34 0.98 25.1 18.7 6.4 7.6 0.12 0.09 1.23 0.91 2
23.67 29.01 -5.34 17.34 0.13 0.16 1.15 1.41 22.7 18.17 4.53 -2.53 0.12 0.1 1.1 0.88 2
17.41 30.88 -13.47 2.47 0.12 0.22 0.85 1.51 25.31 23.77 1.54 -5.54 0.11 0.1 1.23 1.15 2
24.82 27.65 -2.83 1.83 0.11 0.13 1.21 1.35 26.4 22.51 3.89 2.11 0.11 0.09 1.29 1.1 1
22.14 20.25 1.89 -4.89 0.1 0.09 1.08 0.99 23.99 23.54 0.45 -6.45 0.09 0.09 1.16 1.14 1
26.04 25.57 0.47 5.53 0.12 0.11 1.27 1.24 32.28 17.43 14.85 0.15 0.15 0.08 1.57 0.85 1
19.5 29.1 -9.6 -3.4 0.09 0.13 0.95 1.42 22.93 29.41 -6.48 -3.52 0.09 0.12 1.11 1.43 2
20.27 18.53 1.74 5.26 0.11 0.1 0.99 0.9 26.9 20.96 5.94 -1.94 0.12 0.1 1.31 1.02 2
23.79 23.34 0.45 -4.45 0.1 0.1 1.17 1.15 25 15.62 9.38 -3.38 0.11 0.07 1.22 0.76 3
19.81 22.69 -2.88 0.88 0.12 0.13 0.97 1.11 22.79 28.33 -5.54 3.54 0.12 0.14 1.11 1.38 2
25.45 25.95 -0.5 -6.5 0.11 0.11 1.24 1.26 15.1 27.47 -12.37 -7.63 0.09 0.16 0.74 1.35 1
28.17 21.4 6.77 -2.77 0.12 0.09 1.31 0.99 27.89 20.37 7.52 3.48 0.13 0.09 1.29 0.94 2
25.9 24.04 1.86 -5.86 0.11 0.1 1.2 1.11 19.83 30.65 -10.82 -2.18 0.09 0.14 0.92 1.42 1
24.48 29.74 -5.26 -4.74 0.09 0.11 1.14 1.38 24.78 24.34 0.44 -6.44 0.1 0.09 1.16 1.14 2
26 16.61 9.39 -1.39 0.11 0.07 1.21 0.77 21.29 24.15 -2.86 0.86 0.12 0.13 0.99 1.12 1
17.68 31.47 -13.79 2.79 0.12 0.22 0.82 1.46 25.78 28.06 -2.28 4.28 0.11 0.12 1.2 1.31 3
26.81 23.47 3.34 -0.34 0.1 0.09 1.25 1.09 26.61 25.72 0.89 6.11 0.11 0.11 1.23 1.19 1
23.1 18.92 4.18 -2.18 0.12 0.1 1.07 0.87 20.71 19.8 0.91 6.09 0.1 0.1 0.96 0.92 1
32.43 18 14.43 -0.43 0.15 0.08 1.51 0.84 24.42 29.41 -4.99 16.99 0.12 0.15 1.13 1.36 1
24.3 24.26 0.04 -7.04 0.09 0.09 1.12 1.11 15.65 28.57 -12.92 -8.08 0.09 0.16 0.73 1.34 1
24.25 29.81 -5.56 3.56 0.12 0.14 1.13 1.39 22.86 20.56 2.3 -4.3 0.09 0.08 1.06 0.95 3
25.38 19.02 6.36 7.64 0.11 0.09 1.18 0.89 26.55 26.5 0.05 -6.05 0.11 0.11 1.23 1.23 1
25.44 25.42 0.02 -6.02 0.09 0.09 1.14 1.13 24.45 20.83 3.62 -3.62 0.1 0.08 1.09 0.92 1
28.42 22.38 6.04 -2.04 0.12 0.09 1.26 0.99 28.76 23.73 5.03 -0.03 0.11 0.09 1.28 1.06 3
21.7 25.5 -3.8 0.8 0.12 0.14 0.96 1.13 25.56 30.4 -4.84 -5.16 0.1 0.11 1.13 1.35 1
27.61 27.85 -0.24 -6.76 0.11 0.11 1.22 1.23 26.9 25.72 1.18 -4.18 0.1 0.1 1.19 1.14 2
26.22 24.47 1.75 -6.75 0.09 0.09 1.15 1.07 27.35 17.02 10.33 -1.33 0.12 0.07 1.21 0.75 2
28.87 20.62 8.25 2.75 0.13 0.09 1.28 0.91 26.87 27.67 -0.8 5.8 0.11 0.11 1.19 1.22 2
26.73 20.08 6.65 8.35 0.11 0.09 1.19 0.89 24.52 31.4 -6.88 2.88 0.11 0.14 1.09 1.4 2
21.05 20.97 0.08 4.92 0.1 0.1 0.93 0.93 21.51 31.65 -10.14 -3.86 0.09 0.14 0.95 1.4 1
24.27 19.26 5.01 -1.01 0.12 0.09 1.07 0.85 33.44 18.1 15.34 0.66 0.14 0.08 1.48 0.8 3
15.86 30.49 -14.63 -8.37 0.08 0.16 0.71 1.36 25.78 28.06 -2.28 5.28 0.11 0.12 1.15 1.25 2
24.52 30.42 -5.9 15.9 0.12 0.15 1.08 1.34 17.68 31.47 -13.79 1.79 0.12 0.22 0.79 1.4 1
28.2 17.56 10.64 -1.64 0.11 0.07 1.2 0.75 29.51 23.14 6.37 -3.37 0.12 0.09 1.25 0.98 2
27.45 26.68 0.77 -3.77 0.1 0.1 1.16 1.13 24.19 27.7 -3.51 1.51 0.12 0.14 1.03 1.18 1
27.76 32.89 -5.13 -5.87 0.1 0.12 1.18 1.39 16.15 32.05 -15.9 -7.1 0.08 0.16 0.69 1.37 1
21.82 33.31 -11.49 -3.51 0.09 0.14 0.93 1.41 24.52 30.42 -5.9 16.9 0.12 0.15 1.04 1.28 3
34.58 19.35 15.23 1.77 0.14 0.08 1.47 0.82 26.76 25.32 1.44 -6.44 0.09 0.08 1.12 1.06 2
27.2 28.4 -1.2 6.2 0.11 0.11 1.15 1.2 22.71 21.28 1.43 4.57 0.11 0.1 0.97 0.9 1
25.56 22.08 3.48 -5.48 0.1 0.09 1.09 0.94 29.6 20.95 8.65 2.35 0.13 0.09 1.25 0.89 1
29.52 24.82 4.7 1.3 0.1 0.09 1.26 1.06 27 20.16 6.84 8.16 0.11 0.08 1.15 0.86 1
24.6 31.67 -7.07 3.07 0.11 0.14 1.05 1.35 25.52 20.4 5.12 -2.12 0.12 0.09 1.08 0.86 3
27.34 28.35 -1.01 4.01 0.11 0.12 1.16 1.21 26.69 26.53 0.16 -4.16 0.09 0.09 1.14 1.13 2
17.68 31.47 -13.79 0.79 0.12 0.22 0.75 1.34 28.57 28.4 0.17 -7.17 0.11 0.11 1.21 1.2 3
26.54 20.75 5.79 0.21 0.11 0.09 1.07 0.84 30.11 25.02 5.09 1.91 0.1 0.09 1.23 1.02 3
16.3 32.8 -16.5 -7.5 0.08 0.16 0.67 1.34 17.68 31.47 -13.79 -0.21 0.12 0.22 0.72 1.28 1
28.57 28.4 0.17 -6.17 0.11 0.11 1.16 1.15 28.01 23.29 4.72 -5.72 0.1 0.09 1.14 0.95 3
24.95 32.69 -7.74 0.74 0.11 0.14 1.02 1.33 28.51 33.04 -4.53 -5.47 0.1 0.11 1.16 1.34 2
26.98 26.17 0.81 -5.81 0.09 0.09 1.09 1.05 22.92 35.2 -12.28 -4.72 0.09 0.14 0.93 1.43 3
24.34 28.81 -4.47 -0.53 0.12 0.14 0.99 1.17 27.44 27.82 -0.38 -3.62 0.09 0.09 1.12 1.14 3
23.74 22.64 1.1 2.9 0.1 0.1 0.97 0.92 30.81 23.4 7.41 2.59 0.13 0.1 1.25 0.95 3
26.41 31.52 -5.11 18.11 0.12 0.15 1.07 1.27 28.56 29.43 -0.87 7.87 0.11 0.12 1.16 1.19 1
30.49 24.42 6.07 -3.07 0.12 0.09 1.24 0.99 28.56 26.83 1.73 -1.73 0.1 0.1 1.16 1.09 1
27.2 20.75 6.45 7.55 0.11 0.08 1.11 0.85 35.43 19.57 15.86 1.14 0.14 0.07 1.44 0.79 3
29.48 18.54 10.94 -1.94 0.11 0.07 1.2 0.75 28.63 29.1 -0.47 3.47 0.11 0.12 1.17 1.19 2
24.31 35.59 -11.28 -3.72 0.1 0.14 0.95 1.39 28.78 21.41 7.37 5.63 0.11 0.08 1.13 0.84 3
36.09 21.15 14.94 3.06 0.13 0.08 1.41 0.82 16.3 32.8 -16.5 -6.5 0.08 0.16 0.64 1.29 2
30.17 30.26 -0.09 -2.91 0.1 0.1 1.18 1.19 27.41 31.87 -4.46 19.46 0.12 0.14 1.06 1.24 2
29.05 30.23 -1.18 -5.82 0.11 0.11 1.13 1.18 26.38 33.61 -7.23 0.23 0.11 0.14 1.03 1.32 1
29.84 23.77 6.07 -6.07 0.11 0.08 1.17 0.93 23.88 24.61 -0.73 3.73 0.1 0.1 0.93 0.96 1
32.78 23.54 9.24 1.76 0.13 0.09 1.28 0.92 27.37 27.56 -0.19 -6.81 0.09 0.09 1.06 1.07 1
28.91 30.43 -1.52 6.52 0.11 0.12 1.12 1.18 26.78 31.54 -4.76 -1.24 0.12 0.15 1.04 1.23 1
28.68 29.11 -0.43 -0.57 0.1 0.1 1.11 1.13 30.79 25.23 5.56 3.44 0.1 0.08 1.21 0.99 2
29.43 34.47 -5.04 -4.96 0.1 0.11 1.15 1.35 29.69 18.71 10.98 -1.98 0.11 0.07 1.16 0.73 3
28.8 29.31 -0.51 3.51 0.11 0.11 1.13 1.15 26.75 21.43 5.32 -1.32 0.11 0.09 1.04 0.83 1
17.68 31.47 -13.79 -1.21 0.12 0.22 0.69 1.23 32.77 24.54 8.23 -4.23 0.12 0.09 1.28 0.96 3
27.66 29.08 -1.42 -7.58 0.09 0.09 1.03 1.08 31.42 30.77 0.65 7.35 0.11 0.11 1.17 1.15 2
27.8 32.81 -5.01 20.01 0.12 0.14 1.04 1.22 30.12 23.95 6.17 -5.17 0.1 0.08 1.13 0.9 2
16.92 35.29 -18.37 -4.63 0.08 0.16 0.64 1.34 34.3 23.83 10.47 2.53 0.13 0.09 1.28 0.89 3
24.06 24.89 -0.83 2.83 0.1 0.1 0.9 0.94 30.91 30.01 0.9 3.1 0.12 0.11 1.16 1.13 1
31.67 25.84 5.83 3.17 0.1 0.08 1.19 0.97 31.11 30.65 0.46 -3.46 0.09 0.09 1.17 1.16 1
27.45 23.54 3.91 -0.91 0.11 0.09 1.03 0.88 29.83 34.97 -5.14 -5.86 0.1 0.11 1.12 1.31 3
32.77 24.54 8.23 -3.23 0.12 0.09 1.23 0.92 25.13 36.33 -11.2 -4.8 0.1 0.14 0.94 1.37 1
27.12 34.05 -6.93 -2.07 0.12 0.15 1.02 1.28 31.33 30.51 0.82 -5.82 0.11 0.1 1.17 1.14 2
30.19 19.11 11.08 -1.08 0.11 0.07 1.13 0.72 38.58 21.77 16.81 1.19 0.13 0.08 1.45 0.82 2
26.66 35.89 -9.23 0.23 0.11 0.14 1 1.35 29.29 29.99 -0.7 -0.3 0.1 0.1 1.09 1.12 3
29.52 22.23 7.29 6.71 0.11 0.08 1.11 0.84 17.68 31.47 -13.79 -2.21 0.12 0.22 0.67 1.19 1
35.19 25.24 9.95 4.05 0.13 0.09 1.27 0.91 28.29 32.98 -4.69 19.69 0.12 0.13 1.02 1.19 1
26.02 37.51 -11.49 -6.51 0.1 0.14 0.94 1.36 31.2 19.8 11.4 -1.4 0.11 0.07 1.13 0.72 2
33.96 26.4 7.56 2.44 0.1 0.08 1.23 0.96 18.33 36.18 -17.85 -6.15 0.08 0.16 0.67 1.32 1
33.26 32.92 0.34 7.66 0.12 0.11 1.2 1.18 31.97 31.09 0.88 -5.88 0.1 0.1 1.15 1.12 2
29.86 31.09 -1.23 1.23 0.1 0.1 1.07 1.12 29.63 24.21 5.42 -3.42 0.11 0.09 1.07 0.87 3
30.5 37.15 -6.65 -3.35 0.09 0.12 1.1 1.34 29.52 22.23 7.29 7.71 0.11 0.08 1.07 0.81 3
30.29 24.44 5.85 -4.85 0.1 0.08 1.1 0.89 27.7 34.69 -6.99 -2.01 0.12 0.15 1 1.25 2
31.73 31.73 0 2 0.11 0.11 1.15 1.15 27.76 36.46 -8.7 -1.3 0.11 0.14 1.01 1.32 2
31.67 32.94 -1.27 -2.73 0.09 0.1 1.15 1.2 33.95 25.43 8.52 -1.52 0.12 0.09 1.23 0.92 3
39.27 22.78 16.49 1.51 0.13 0.08 1.42 0.82 25.78 25.71 0.07 3.93 0.1 0.1 0.93 0.93 2
17.68 31.47 -13.79 -3.21 0.12 0.22 0.64 1.14 29.81 30.92 -1.11 -7.89 0.09 0.09 1.07 1.11 3
34.75 33.47 1.28 6.72 0.12 0.11 1.21 1.16 31.47 24.92 6.55 -5.55 0.1 0.08 1.1 0.87 1
29.94 25.76 4.18 -1.18 0.11 0.09 1.04 0.89 35.67 26.97 8.7 -0.7 0.12 0.09 1.24 0.94 1
18.83 37.16 -18.33 -6.67 0.08 0.16 0.66 1.31 28.61 35.54 -6.93 20.93 0.11 0.14 0.99 1.23 1
32.52 32.58 -0.06 -4.94 0.1 0.1 1.13 1.13 37.75 25.56 12.19 2.81 0.13 0.09 1.31 0.89 1
30.92 38.61 -7.69 -5.31 0.09 0.12 1.08 1.35 27.14 29.22 -2.08 6.08 0.1 0.11 0.95 1.02 1
28.72 38.1 -9.38 -0.62 0.11 0.14 1.01 1.34 26.17 39.81 -13.64 -4.36 0.1 0.15 0.91 1.39 1
30.98 22.65 8.33 9.67 0.11 0.08 1.09 0.79 33.21 34.66 -1.45 -3.55 0.09 0.1 1.16 1.22 1
29.81 30.92 -1.11 -6.89 0.09 0.09 1.03 1.07 31.41 31.4 0.01 -1.01 0.1 0.1 1.09 1.09 2
42.78 24.14 18.64 -0.64 0.13 0.08 1.49 0.84 33.37 32.69 0.68 1.32 0.11 0.11 1.17 1.14 3
33.5 19.95 13.55 -3.55 0.11 0.07 1.17 0.7 34.94 26.9 8.04 2.96 0.1 0.08 1.22 0.94 3
28.18 35.87 -7.69 -1.31 0.11 0.14 0.98 1.25 17.68 31.47 -13.79 -4.21 0.12 0.22 0.62 1.1 1
28.69 37.13 -8.44 21.44 0.11 0.14 0.96 1.24 30.33 38.77 -8.44 1.44 0.11 0.14 1.03 1.31 1
39.06 25.69 13.37 0.63 0.13 0.09 1.31 0.86 28.18 35.87 -7.69 -0.31 0.11 0.14 0.95 1.21 2
27.65 30.49 -2.84 4.84 0.1 0.11 0.93 1.03 30.19 31.7 -1.51 -6.49 0.09 0.09 1.01 1.06 2
33.6 35.31 -1.71 -4.29 0.09 0.09 1.14 1.2 32.65 33.89 -1.24 -2.76 0.1 0.11 1.1 1.14 1
31.47 25.68 5.79 -5.79 0.1 0.08 1.06 0.87 20.42 37.24 -16.82 -7.18 0.08 0.15 0.69 1.26 1
26.84 41.42 -14.58 -6.42 0.1 0.15 0.9 1.4 30.92 26.34 4.58 -0.58 0.1 0.09 1.04 0.88 3
36.25 27.95 8.3 -1.3 0.12 0.09 1.22 0.94 31.63 23.04 8.59 10.41 0.11 0.08 1.07 0.78 2
36.31 28.11 8.2 3.8 0.1 0.08 1.23 0.95 32.19 39.12 -6.93 -4.07 0.09 0.11 1.08 1.32 1
33.81 33.23 0.58 2.42 0.11 0.11 1.14 1.12 35.51 33.47 2.04 6.96 0.11 0.11 1.19 1.12 3
32.19 31.78 0.41 -1.41 0.1 0.1 1.08 1.06 34.71 21.32 13.39 -4.39 0.11 0.07 1.17 0.72 2
17.68 31.47 -13.79 -5.21 0.12 0.22 0.6 1.07 43.32 24.58 18.74 -1.74 0.13 0.08 1.46 0.83 3
31.13 32.97 -1.84 -6.16 0.09 0.09 1 1.06 39.17 28.38 10.79 4.21 0.1 0.08 1.28 0.93 1
43.32 24.58 18.74 -0.74 0.13 0.08 1.41 0.8 36.42 27.99 8.43 -1.43 0.11 0.09 1.18 0.91 2
33.06 35.39 -2.33 -2.67 0.1 0.11 1.07 1.15 28.92 31.43 -2.51 4.51 0.1 0.11 0.94 1.02 1
28.88 36.38 -7.5 -0.5 0.11 0.14 0.94 1.18 30.04 37.33 -7.29 21.29 0.11 0.14 0.97 1.21 3
32.46 41.98 -9.52 -4.48 0.09 0.12 1.06 1.36 34.08 32.27 1.81 -2.81 0.1 0.1 1.1 1.04 1
37.06 33.89 3.17 6.83 0.11 0.1 1.2 1.1 35.1 35.72 -0.62 -4.38 0.09 0.09 1.15 1.17 1
20.93 37.99 -17.06 -8.94 0.08 0.15 0.69 1.25 35.2 23.21 11.99 -2.99 0.11 0.07 1.15 0.76 3
39.57 26.39 13.18 0.82 0.13 0.08 1.28 0.86 27.49 42.43 -14.94 -7.06 0.09 0.14 0.9 1.38 2
31.67 23.21 8.46 10.54 0.11 0.08 1.04 0.76 34.23 34.78 -0.55 2.55 0.11 0.11 1.12 1.13 2
31.93 26.99 4.94 0.06 0.1 0.09 1.03 0.87 32.22 26.19 6.03 -4.03 0.1 0.08 1.05 0.85 1
30.53 40.12 -9.59 1.59 0.11 0.14 1 1.31 17.68 31.47 -13.79 -6.21 0.12 0.22 0.58 1.03 1
35.71 23.73 11.98 -1.98 0.11 0.07 1.13 0.75 33.06 27.3 5.76 0.24 0.1 0.09 1.04 0.86 2
37.47 28.85 8.62 -1.62 0.11 0.09 1.18 0.91 36.31 42.3 -5.99 -4.01 0.1 0.12 1.14 1.33 2
34.4 36.12 -1.72 -3.28 0.1 0.11 1.08 1.13 32.17 23.52 8.65 10.35 0.11 0.08 1.02 0.75 1
30.32 38.84 -8.52 25.52 0.11 0.14 0.95 1.22 32.98 35.13 -2.15 -4.85 0.09 0.09 1.03 1.1 2
28.99 43.55 -14.56 -7.44 0.1 0.15 0.91 1.37 38.62 34.18 4.44 8.56 0.11 0.1 1.21 1.07 1
41.33 30.23 11.1 2.9 0.11 0.08 1.31 0.96 30.53 40.12 -9.59 2.59 0.11 0.14 0.97 1.27 1
30.06 33.32 -3.26 3.26 0.1 0.11 0.95 1.05 30.39 36.66 -6.27 -4.73 0.11 0.13 0.95 1.15 2
32.53 27.32 5.21 -4.21 0.1 0.09 1.03 0.86 44.18 25.63 18.55 -0.55 0.13 0.08 1.39 0.81 2
34.54 35.28 -0.74 2.74 0.11 0.11 1.09 1.11 34.95 36.53 -1.58 -1.42 0.1 0.11 1.1 1.15 3
35.39 37.28 -1.89 -6.11 0.09 0.09 1.12 1.18 21.45 38.5 -17.05 -9.95 0.08 0.14 0.68 1.22 1
17.68 31.47 -13.79 -7.21 0.12 0.22 0.56 1 40.69 27.89 12.8 1.2 0.13 0.09 1.28 0.87 3
33.98 36.33 -2.35 -4.65 0.09 0.09 1.03 1.1 34.21 28.91 5.3 0.7 0.1 0.09 1.04 0.88 3
45.34 26.63 18.71 -0.71 0.13 0.08 1.38 0.81 38.2 44.23 -6.03 -3.97 0.1 0.12 1.17 1.35 3
30.74 40.79 -10.05 2.05 0.1 0.14 0.94 1.25 39.4 30.74 8.66 -1.66 0.11 0.09 1.2 0.94 1
33.31 24.53 8.78 9.22 0.11 0.08 1.02 0.75 37.32 24.88 12.44 -2.44 0.11 0.07 1.14 0.76 1
33.53 28.48 5.05 -4.05 0.1 0.09 1.03 0.87 35.01 36.44 -1.43 2.43 0.1 0.11 1.07 1.11 2
32.34 33.72 -1.38 1.38 0.1 0.11 0.99 1.03 31.52 39.84 -8.32 25.32 0.11 0.13 0.96 1.21 3
30.79 38.94 -8.15 -2.85 0.11 0.14 0.94 1.19 42 30.44 11.56 3.44 0.1 0.07 1.29 0.93 2
22.52 39.65 -17.13 -12.87 0.08 0.14 0.69 1.22 35.41 37.26 -1.85 -2.15 0.1 0.11 1.08 1.13 1
36.11 37 -0.89 -1.11 0.1 0.11 1.1 1.13 30.2 45.45 -15.25 -5.75 0.1 0.15 0.92 1.39 1
40.69 27.89 12.8 2.2 0.13 0.09 1.24 0.85 36.54 38.35 -1.81 -3.19 0.09 0.09 1.12 1.18 2
40.52 35.39 5.13 6.87 0.11 0.1 1.23 1.07 17.68 31.47 -13.79 -8.21 0.12 0.22 0.54 0.97 1
35.95 29.96 5.99 1.01 0.11 0.09 1.06 0.88 34.31 24.99 9.32 9.68 0.11 0.08 1.02 0.74 1
37.78 25.88 11.9 -2.9 0.11 0.07 1.12 0.77 31.92 42.05 -10.13 3.13 0.11 0.14 0.95 1.25 3
40.66 31.92 8.74 -2.74 0.11 0.09 1.2 0.94 24.77 41.18 -16.41 -11.59 0.08 0.14 0.74 1.23 1
43.28 31.91 11.37 3.63 0.1 0.08 1.29 0.95 45.77 27.8 17.97 -1.97 0.13 0.08 1.35 0.82 1
39.37 44.66 -5.29 -2.71 0.1 0.12 1.16 1.32 35.03 38.07 -3.04 -4.96 0.09 0.09 1.03 1.12 3
31.84 41.04 -9.2 27.2 0.11 0.14 0.94 1.21 37.28 37.17 0.11 -1.11 0.1 0.1 1.1 1.1 2
36.94 39.51 -2.57 -3.43 0.1 0.11 1.09 1.16 40.52 35.39 5.13 7.87 0.11 0.1 1.19 1.04 2
35.25 36.93 -1.68 2.68 0.1 0.11 1.04 1.09 42.65 30.18 12.47 2.53 0.12 0.09 1.26 0.89 3
30.37 46.62 -16.25 -5.75 0.1 0.15 0.9 1.38 32.26 40.22 -7.96 -3.04 0.11 0.14 0.95 1.19 3
38.83 40.31 -1.48 -3.52 0.09 0.09 1.15 1.2 33.54 34.04 -0.5 -0.5 0.1 0.11 0.99 1.01 3
17.68 31.47 -13.79 -9.21 0.12 0.22 0.53 0.94 34.02 28.72 5.3 -4.3 0.1 0.08 1.01 0.85 3
34.76 35.4 -0.64 1.64 0.11 0.11 1 1.02 39.3 27.25 12.05 -4.05 0.1 0.07 1.13 0.78 3
34.68 40.76 -6.08 -0.92 0.11 0.13 0.99 1.17 35.03 25.75 9.28 8.72 0.11 0.08 1.01 0.74 3
32.09 41.95 -9.86 27.86 0.1 0.14 0.92 1.2 36.44 38.59 -2.15 0.15 0.1 0.11 1.05 1.11 1
25.41 43.13 -17.72 -13.28 0.08 0.14 0.73 1.25 36.71 30.68 6.03 1.97 0.11 0.09 1.05 0.88 2
41.6 35.67 5.93 7.07 0.11 0.1 1.19 1.02 41.25 46.5 -5.25 -4.75 0.1 0.12 1.18 1.33 1
44.31 31.37 12.94 5.06 0.13 0.09 1.27 0.9 37.22 40.59 -3.37 -2.63 0.1 0.11 1.06 1.16 1
46.33 28.54 17.79 -2.79 0.13 0.08 1.33 0.82 33.29 43.57 -10.28 4.28 0.11 0.14 0.96 1.26 3
34.02 28.72 5.3 -3.3 0.1 0.08 0.98 0.83 30.91 49.04 -18.13 -7.87 0.1 0.15 0.89 1.41 2
36.87 39.95 -3.08 -2.92 0.09 0.09 1.05 1.14 42.61 32.56 10.05 -1.05 0.11 0.09 1.22 0.93 3
38.19 37.42 0.77 -1.77 0.1 0.1 1.1 1.07 44.02 32.47 11.55 4.45 0.1 0.08 1.27 0.94 3
40.19 41.53 -1.34 -5.66 0.09 0.09 1.16 1.2 17.68 31.47 -13.79 -10.21 0.12 0.22 0.51 0.91 1
37.67 41.33 -3.66 -3.34 0.1 0.11 1.05 1.15 47.85 29.01 18.84 -4.84 0.12 0.08 1.34 0.81 3
40.15 28.48 11.67 -0.67 0.1 0.07 1.12 0.79 44.94 36.97 7.97 7.03 0.12 0.1 1.25 1.03 3
44.62 34.27 10.35 0.65 0.11 0.09 1.24 0.96 35.85 30.17 5.68 -3.68 0.1 0.09 1 0.84 3
44.55 34.21 10.34 6.66 0.1 0.08 1.25 0.96 34.38 43.07 -8.69 28.69 0.11 0.13 0.95 1.2 1
33.76 45.09 -11.33 6.33 0.11 0.14 0.95 1.26 38.58 41.96 -3.38 -4.62 0.09 0.1 1.07 1.16 1
42.55 49.84 -7.29 -4.71 0.1 0.12 1.19 1.39 45.05 31.82 13.23 5.77 0.12 0.09 1.25 0.88 2
37.11 31.49 5.62 2.38 0.11 0.09 1.03 0.88 39.93 37.95 1.98 -3.98 0.1 0.1 1.12 1.06 2
36.44 26.67 9.77 9.23 0.11 0.08 1.02 0.75 26.22 43.53 -17.31 -13.69 0.08 0.14 0.74 1.22 1
37.56 40.88 -3.32 -0.68 0.1 0.11 1.05 1.14 35.6 42.17 -6.57 -1.43 0.11 0.13 0.99 1.18 1
32.36 50.87 -18.51 -7.49 0.1 0.15 0.9 1.42 40.19 41.53 -1.34 -4.66 0.09 0.09 1.13 1.16 3
17.68 31.47 -13.79 -11.21 0.12 0.22 0.5 0.89 35.99 36.25 -0.26 -1.74 0.11 0.11 1.01 1.01 3
35.99 36.25 -0.26 -0.74 0.11 0.11 0.98 0.99 46.79 34.26 12.53 6.47 0.1 0.08 1.28 0.93 2
26.44 46.71 -20.27 -12.73 0.08 0.14 0.72 1.28 35.2 45.96 -10.76 6.76 0.11 0.14 0.96 1.25 3
42.22 42.25 -0.03 -2.97 0.09 0.09 1.15 1.15 49.07 29.94 19.13 -4.13 0.13 0.08 1.33 0.81 3
39.45 43.4 -3.95 -5.05 0.09 0.1 1.06 1.17 40.25 41.43 -1.18 0.18 0.11 0.11 1.09 1.13 1
36.15 44.86 -8.71 -2.29 0.11 0.14 0.98 1.22 44.89 34.84 10.05 -0.05 0.11 0.09 1.22 0.94 1
45.96 38.2 7.76 8.24 0.12 0.1 1.24 1.03 39.02 32.51 6.51 1.49 0.11 0.09 1.06 0.88 1
40.95 39.86 1.09 -3.09 0.1 0.1 1.11 1.08 43.53 51.41 -7.88 -4.12 0.1 0.12 1.18 1.39 1
34.43 45.31 -10.88 28.88 0.11 0.14 0.93 1.22 38.6 42.55 -3.95 -4.05 0.1 0.11 1.04 1.15 2
36.42 30.44 5.98 -2.98 0.1 0.08 0.99 0.83 39.62 26.89 12.73 8.27 0.11 0.08 1.08 0.73 2
46.62 32.8 13.82 5.18 0.13 0.09 1.26 0.89 41.38 29.5 11.88 -1.88 0.1 0.07 1.12 0.8 2
33.08 52.9 -19.82 -9.18 0.1 0.15 0.9 1.44 17.68 31.47 -13.79 -12.21 0.12 0.22 0.48 0.86 1
