0.28 0.91 -0.63 0.63 0.02 0.07 0.27 0.89 1.89 0.92 0.97 0.03 0.19 0.09 1.89 0.92 2
1.7 0.09 1.61 -2.61 0.09 0 1.59 0.08 0.92 1.89 -0.97 -0.03 0.08 0.17 0.92 1.89 3
1.72 0.17 1.55 0.45 0.1 0.01 1.65 0.16 0.91 0.28 0.63 -0.63 0.06 0.02 0.89 0.27 1
1.19 1.46 -0.27 0.27 0.09 0.11 1.14 1.4 1.08 0.23 0.85 0.15 0.07 0.02 1.08 0.23 2
0.49 1.27 -0.78 0.78 0.05 0.13 0.48 1.26 0.23 1.08 -0.85 -0.15 0.06 0.27 0.23 1.08 3
1.27 0.49 0.78 -0.78 0.1 0.04 1.26 0.48 0.87 0.04 0.83 0.17 0.06 0 0.86 0.04 3
0.04 0.87 -0.83 -0.17 0.02 0.44 0.04 0.86 0.17 1.72 -1.55 -0.45 0.03 0.29 0.16 1.65 1
1.46 1.19 0.27 -0.27 0.13 0.11 1.4 1.14 0.09 1.7 -1.61 2.61 0.05 0.85 0.08 1.59 1
3.09 1.43 1.66 -3.66 0.1 0.04 1.47 0.68 1.36 1.23 0.13 -0.13 0.06 0.05 0.67 0.6 2
0.46 2.78 -2.32 -0.68 0.04 0.21 0.22 1.32 1.95 0.6 1.35 -2.35 0.08 0.03 0.97 0.3 2
2.69 0.79 1.9 -0.9 0.08 0.02 1.31 0.38 0.17 3.65 -3.48 1.48 0.02 0.52 0.08 1.77 1
0.98 0.72 0.26 1.74 0.06 0.05 0.49 0.36 3.1 3.17 -0.07 -2.93 0.09 0.09 1.51 1.54 3
2.13 3.69 -1.56 3.56 0.14 0.25 1.04 1.8 1.75 3.07 -1.32 1.32 0.08 0.15 0.83 1.46 1
1.05 1.88 -0.83 -0.17 0.05 0.09 0.52 0.92 1.1 1.16 -0.06 0.06 0.06 0.06 0.53 0.56 1
2.21 2 0.21 0.79 0.11 0.1 1.1 0.99 3.32 0.31 3.01 -0.01 0.1 0.01 1.62 0.15 3
3.41 1.27 2.14 0.86 0.19 0.07 1.67 0.62 2.26 3.28 -1.02 1.02 0.1 0.14 1.11 1.61 3
0.19 5.84 -5.65 2.65 0.02 0.65 0.06 1.86 2.29 4.68 -2.39 5.39 0.1 0.2 0.74 1.52 3
2.93 1.01 1.92 -2.92 0.09 0.03 0.96 0.33 2.34 2.64 -0.3 1.3 0.06 0.07 0.75 0.85 1
3.02 3.94 -0.92 1.92 0.07 0.1 0.97 1.27 4.88 0.81 4.07 -2.07 0.08 0.01 1.56 0.26 3
1.86 2.45 -0.59 -1.41 0.07 0.09 0.59 0.78 3.07 3.44 -0.37 0.37 0.08 0.09 1 1.13 2
3.52 3.95 -0.43 -1.57 0.08 0.09 1.14 1.28 2.74 3.23 -0.49 -0.51 0.07 0.08 0.87 1.03 3
4.76 1.17 3.59 0.41 0.12 0.03 1.54 0.38 4.4 2.79 1.61 -3.61 0.1 0.06 1.4 0.89 1
1.76 1.14 0.62 0.38 0.06 0.04 0.58 0.38 0.87 3.76 -2.89 -0.11 0.05 0.2 0.28 1.2 1
2.72 2.54 0.18 -0.18 0.08 0.07 0.89 0.83 4.07 2.03 2.04 -0.04 0.16 0.08 1.3 0.65 1
2.56 5.36 -2.8 0.8 0.05 0.11 0.61 1.28 3.94 1.84 2.1 2.9 0.1 0.05 0.97 0.45 3
5.7 4.3 1.4 -6.4 0.1 0.08 1.36 1.03 2.96 3 -0.04 -1.96 0.07 0.08 0.7 0.71 1
3.62 4.54 -0.92 0.92 0.08 0.09 0.88 1.11 5.65 1.23 4.42 -2.42 0.1 0.02 1.37 0.3 2
5.59 2.42 3.17 -0.17 0.08 0.04 1.33 0.58 3.85 2.83 1.02 1.98 0.08 0.06 0.94 0.69 1
3.79 5.65 -1.86 6.86 0.1 0.15 0.92 1.37 4.63 4.65 -0.02 0.02 0.08 0.08 1.11 1.11 2
4.36 3.16 1.2 -2.2 0.14 0.1 1.05 0.76 6.27 2.47 3.8 3.2 0.11 0.04 1.51 0.6 3
4.73 4.72 0.01 -0.01 0.09 0.09 1.13 1.13 1.16 7.34 -6.18 1.18 0.1 0.61 0.28 1.76 1
1.57 5.94 -4.37 -2.63 0.05 0.19 0.38 1.43 5.01 5.94 -0.93 -2.07 0.09 0.1 1.22 1.44 1
5.3 2.15 3.15 2.85 0.12 0.05 1.04 0.42 5.18 5.69 -0.51 0.51 0.09 0.1 1 1.1 2
5.85 7.32 -1.47 -2.53 0.08 0.11 1.13 1.42 2.08 8.62 -6.54 0.54 0.11 0.45 0.4 1.66 1
6.8 2.79 4.01 -2.01 0.1 0.04 1.31 0.54 6.98 4.83 2.15 -6.15 0.11 0.08 1.35 0.93 1
7.14 6.47 0.67 -0.67 0.09 0.08 1.37 1.24 6.01 5.64 0.37 0.63 0.1 0.09 1.15 1.08 1
2.95 6.78 -3.83 -2.17 0.06 0.14 0.57 1.3 2.87 6.72 -3.85 0.85 0.05 0.12 0.55 1.29 2
4.21 6.38 -2.17 4.17 0.07 0.11 0.82 1.24 5.61 8.16 -2.55 7.55 0.11 0.16 1.09 1.59 1
9.06 3.41 5.65 3.35 0.13 0.05 1.76 0.66 9.14 2.78 6.36 -2.36 0.1 0.03 1.75 0.53 2
3.49 4.28 -0.79 -2.21 0.07 0.08 0.67 0.82 5.3 5.95 -0.65 -2.35 0.12 0.13 1.03 1.15 1
3.37 6.86 -3.49 0.49 0.05 0.1 0.54 1.1 6.72 7.83 -1.11 -1.89 0.07 0.09 1.09 1.27 1
8.48 7.91 0.57 -8.57 0.11 0.1 1.37 1.28 7.13 2.69 4.44 1.56 0.12 0.05 1.16 0.44 2
5.72 7.52 -1.8 1.8 0.1 0.13 0.92 1.21 3.09 7.28 -4.19 -1.81 0.06 0.14 0.5 1.17 1
5.47 7.23 -1.76 -2.24 0.11 0.14 0.88 1.16 9.88 4.29 5.59 0.41 0.11 0.05 1.6 0.69 3
9.76 3.82 5.94 -1.94 0.1 0.04 1.55 0.61 4.77 4.45 0.32 -2.32 0.08 0.07 0.76 0.71 3
5.95 10.19 -4.24 7.24 0.1 0.18 0.96 1.64 10.1 4.03 6.07 2.93 0.12 0.05 1.63 0.65 3
7.43 6.8 0.63 -0.63 0.11 0.1 1.19 1.09 6.24 6.72 -0.48 4.48 0.08 0.09 1 1.08 2
2.59 9.49 -6.9 -0.1 0.08 0.28 0.42 1.53 8.3 7.89 0.41 0.59 0.09 0.08 1.33 1.26 3
7.06 9.71 -2.65 -4.35 0.07 0.1 0.98 1.35 10.04 8.42 1.62 3.38 0.09 0.07 1.38 1.16 3
8.12 3.26 4.86 1.14 0.12 0.05 1.13 0.46 5.99 9.02 -3.03 -3.97 0.1 0.14 0.83 1.24 2
3.63 8.27 -4.64 -2.36 0.06 0.13 0.5 1.15 9.05 8.9 0.15 -8.15 0.11 0.1 1.26 1.24 3
5.25 7.2 -1.95 2.95 0.06 0.08 0.72 0.99 6.71 8.06 -1.35 2.35 0.1 0.12 0.93 1.12 2
11.67 4.81 6.86 2.14 0.11 0.05 1.62 0.67 10.84 5.31 5.53 -2.53 0.09 0.05 1.48 0.73 2
6.26 5.53 0.73 -1.73 0.09 0.08 0.86 0.76 6.56 11.38 -4.82 6.82 0.09 0.16 0.91 1.57 2
11.29 4.64 6.65 3.35 0.12 0.05 1.56 0.64 10.07 8.54 1.53 -1.53 0.12 0.1 1.38 1.17 1
7.98 9.36 -1.38 5.38 0.09 0.1 1.1 1.3 3.12 11.23 -8.11 -2.89 0.07 0.24 0.43 1.55 3
8.36 10.3 -1.94 2.94 0.11 0.14 1.01 1.25 7.94 10.5 -2.56 -7.44 0.07 0.09 0.97 1.28 1
11.35 5.99 5.36 -2.36 0.09 0.05 1.37 0.72 8.67 3.52 5.15 0.85 0.1 0.04 1.06 0.43 3
6.25 9.57 -3.32 -3.68 0.09 0.14 0.76 1.16 4.58 8.66 -4.08 -3.92 0.06 0.11 0.55 1.05 1
9.44 9.85 -0.41 -6.59 0.1 0.11 1.14 1.19 7.49 8.85 -1.36 2.36 0.07 0.09 0.91 1.07 1
7.42 11.66 -4.24 6.24 0.09 0.15 0.9 1.41 12.35 5.32 7.03 1.97 0.1 0.05 1.5 0.65 3
10.82 12.31 -1.49 -0.51 0.11 0.12 1.3 1.48 6.54 6.39 0.15 -1.15 0.08 0.08 0.79 0.77 1
3.24 13.53 -10.29 0.29 0.06 0.27 0.39 1.63 15.06 5.39 9.67 2.33 0.13 0.05 1.82 0.65 1
10.83 9.3 1.53 6.47 0.09 0.07 1.31 1.12 10.28 9.48 0.8 2.2 0.09 0.08 1.24 1.15 1
9 11.53 -2.53 -8.47 0.08 0.1 0.97 1.25 10.84 10.48 0.36 -0.36 0.09 0.09 1.17 1.13 1
9.9 4.11 5.79 1.21 0.11 0.04 1.07 0.45 8.07 13.31 -5.24 6.24 0.09 0.14 0.87 1.43 3
4.8 10.68 -5.88 -3.12 0.06 0.12 0.52 1.15 11.94 7.22 4.72 -2.72 0.09 0.05 1.28 0.77 3
9.91 11.28 -1.37 1.37 0.08 0.09 1.07 1.21 8.27 9.79 -1.52 -4.48 0.1 0.12 0.89 1.05 2
9.39 11.36 -1.97 3.97 0.11 0.14 1.01 1.22 11.87 12.27 -0.4 -5.6 0.12 0.12 1.28 1.32 1
14 5.97 8.03 1.97 0.1 0.04 1.51 0.64 12.06 12.58 -0.52 0.52 0.1 0.11 1.29 1.34 3
6.81 7.63 -0.82 -2.18 0.08 0.09 0.73 0.82 4.24 14.73 -10.49 1.49 0.07 0.26 0.45 1.57 2
16.26 6.39 9.87 1.13 0.13 0.05 1.74 0.68 11.83 9.86 1.97 9.03 0.09 0.07 1.27 1.06 1
12.7 13.08 -0.38 -6.62 0.11 0.11 1.23 1.27 9.58 12.27 -2.69 -7.31 0.08 0.1 0.93 1.2 2
13.05 13.14 -0.09 1.09 0.1 0.1 1.26 1.27 11.32 4.6 6.72 -0.72 0.1 0.04 1.1 0.45 1
8.56 14.73 -6.17 8.17 0.09 0.15 0.83 1.42 6.09 12.6 -6.51 -3.49 0.06 0.13 0.59 1.22 2
13.86 8.51 5.35 -2.35 0.09 0.05 1.33 0.82 11.29 11.56 -0.27 0.27 0.08 0.08 1.09 1.12 3
8.55 11.17 -2.62 -3.38 0.1 0.13 0.82 1.08 10.2 12.19 -1.99 4.99 0.11 0.13 0.99 1.18 2
4.89 16.33 -11.44 2.44 0.08 0.27 0.47 1.57 14.56 6.96 7.6 1.4 0.1 0.05 1.42 0.68 3
13.79 11.86 1.93 8.07 0.09 0.08 1.33 1.15 8.41 8.28 0.13 -3.13 0.08 0.08 0.81 0.8 3
11.58 11.06 0.52 -1.52 0.08 0.08 1.12 1.07 18.26 8.35 9.91 2.09 0.13 0.06 1.76 0.8 1
10.4 14.54 -4.14 -5.86 0.08 0.11 0.92 1.29 19.23 9.53 9.7 1.3 0.13 0.06 1.69 0.84 3
11.91 6.26 5.65 -0.65 0.1 0.05 1.05 0.55 5.22 16.9 -11.68 0.68 0.08 0.25 0.46 1.47 1
7.19 13.57 -6.38 -3.62 0.07 0.12 0.63 1.19 14.71 13.73 0.98 1.02 0.1 0.09 1.29 1.2 3
13.83 13.41 0.42 0.58 0.09 0.09 1.21 1.17 9.53 15.83 -6.3 8.3 0.09 0.15 0.84 1.39 2
10.78 13.13 -2.35 5.35 0.11 0.13 0.95 1.16 15.71 11.05 4.66 -2.66 0.09 0.06 1.37 0.96 2
14.97 13.9 1.07 -8.07 0.11 0.11 1.32 1.23 9.49 11.75 -2.26 -3.74 0.1 0.12 0.83 1.03 2
15.13 7.29 7.84 3.16 0.1 0.05 1.34 0.64 15.25 13.16 2.09 6.91 0.09 0.08 1.34 1.15 3
9.71 9.74 -0.03 -1.97 0.08 0.08 0.85 0.85 12.76 12.03 0.73 -0.73 0.08 0.08 1.13 1.06 2
10.3 12.46 -2.16 -3.84 0.09 0.11 0.83 1.01 12.59 14.93 -2.34 -8.66 0.08 0.1 1.02 1.21 3
16.73 13.79 2.94 7.06 0.09 0.07 1.35 1.11 13.21 7.23 5.98 0.02 0.1 0.05 1.07 0.59 2
6.19 18.2 -12.01 0.01 0.08 0.24 0.49 1.45 8.3 14.47 -6.17 -6.83 0.07 0.12 0.67 1.17 1
15.61 14.84 0.77 4.23 0.1 0.1 1.26 1.19 14.77 14.52 0.25 0.75 0.09 0.09 1.18 1.16 1
10.64 16.77 -6.13 8.13 0.09 0.14 0.86 1.35 11.56 14.09 -2.53 5.53 0.11 0.13 0.94 1.14 1
16.67 11.83 4.84 -2.84 0.09 0.07 1.33 0.95 15.68 14.71 0.97 -7.97 0.11 0.1 1.27 1.19 3
12.91 12.24 0.67 -0.67 0.08 0.08 1.04 0.99 15.76 8.77 6.99 3.01 0.09 0.05 1.28 0.71 2
19.62 11.72 7.9 4.1 0.12 0.07 1.58 0.94 9.92 9.89 0.03 -2.03 0.08 0.08 0.79 0.79 1
13.11 16.67 -3.56 -6.44 0.08 0.1 0.98 1.25 10.19 11.59 -1.4 -1.6 0.08 0.09 0.75 0.86 3
14.42 9.31 5.11 0.89 0.1 0.06 1.08 0.7 13.16 13.65 -0.49 0.49 0.08 0.08 0.98 1.02 2
18.81 15 3.81 6.19 0.09 0.07 1.4 1.12 8.94 16.1 -7.16 -6.84 0.07 0.12 0.67 1.2 1
16.22 16.2 0.02 -1.02 0.09 0.09 1.2 1.2 7.82 18.84 -11.02 0.02 0.09 0.22 0.58 1.39 1
11.83 15.13 -3.3 5.3 0.1 0.13 0.89 1.14 17.29 16.29 1 6 0.1 0.09 1.29 1.21 2
17.33 16.06 1.27 -7.27 0.11 0.11 1.3 1.2 11.68 17.04 -5.36 8.36 0.09 0.14 0.87 1.27 1
12.04 12.98 -0.94 -6.06 0.09 0.1 0.9 0.97 18.02 13.48 4.54 -3.54 0.09 0.07 1.33 1 1
17.17 9.02 8.15 1.85 0.09 0.05 1.29 0.68 21.32 11.99 9.33 3.67 0.13 0.07 1.58 0.89 1
18.33 14.79 3.54 -4.54 0.09 0.07 1.26 1.02 14.2 17.94 -3.74 -7.26 0.08 0.1 0.99 1.25 1
21.73 14.13 7.6 3.4 0.12 0.08 1.5 0.97 14.82 9.67 5.15 0.85 0.09 0.06 1.03 0.67 1
13.52 14.05 -0.53 0.53 0.08 0.08 0.94 0.98 9.12 17.22 -8.1 -8.9 0.07 0.13 0.63 1.19 3
19.93 15.18 4.75 8.25 0.09 0.07 1.38 1.05 18.07 17.14 0.93 0.07 0.09 0.08 1.24 1.18 1
8.76 20.69 -11.93 -1.07 0.1 0.23 0.6 1.42 12.92 15.33 -2.41 4.41 0.1 0.12 0.9 1.07 2
17.49 17.38 0.11 6.89 0.1 0.1 1.21 1.2 19.47 17.26 2.21 -7.21 0.12 0.11 1.35 1.2 3
12.88 19.18 -6.3 8.3 0.09 0.14 0.89 1.33 13.35 13.29 0.06 -5.06 0.09 0.09 0.92 0.92 1
11.46 12.68 -1.22 -0.78 0.08 0.09 0.78 0.87 19.31 9.43 9.88 2.12 0.1 0.05 1.34 0.65 3
15.28 10.92 4.36 -0.36 0.08 0.06 0.99 0.71 20.28 9.87 10.41 3.59 0.1 0.05 1.31 0.64 2
9.67 19.09 -9.42 -6.58 0.07 0.13 0.63 1.24 11.9 13.65 -1.75 -2.25 0.08 0.09 0.76 0.87 2
19.14 20.28 -1.14 -0.86 0.09 0.09 1.23 1.3 22.98 14.59 8.39 4.61 0.12 0.08 1.48 0.94 1
14.17 16.08 -1.91 3.91 0.1 0.11 0.92 1.05 15.39 14.6 0.79 -1.79 0.08 0.08 1 0.95 2
23.07 16.25 6.82 9.18 0.1 0.07 1.49 1.05 20.86 19.54 1.32 -5.32 0.12 0.11 1.36 1.27 1
9.51 21.94 -12.43 -0.57 0.1 0.23 0.61 1.41 13.43 14.51 -1.08 -4.92 0.09 0.1 0.87 0.94 2
20.49 15.17 5.32 -4.32 0.09 0.07 1.32 0.97 19.77 18.77 1 5 0.1 0.1 1.28 1.21 1
14.1 19.26 -5.16 8.16 0.1 0.13 0.91 1.25 14.58 20.1 -5.52 -7.48 0.07 0.1 0.95 1.3 1
16.97 21.46 -4.49 -10.51 0.08 0.1 1.03 1.31 16.03 12.89 3.14 0.86 0.08 0.07 0.98 0.79 1
22.25 10.62 11.63 2.37 0.1 0.05 1.35 0.64 11.99 19.18 -7.19 -8.81 0.07 0.12 0.73 1.17 1
11.99 15.97 -3.98 -0.02 0.07 0.1 0.72 0.96 21.39 22.7 -1.31 1.31 0.09 0.1 1.29 1.37 1
25.4 16.84 8.56 2.44 0.13 0.08 1.53 1.02 14.67 16.5 -1.83 3.83 0.1 0.11 0.9 1.01 3
15.81 15.1 0.71 -1.71 0.08 0.08 0.96 0.92 21.46 21.69 -0.23 -5.77 0.12 0.12 1.31 1.32 1
25.22 16.85 8.37 9.63 0.1 0.07 1.53 1.02 14.09 16.14 -2.05 -3.95 0.09 0.1 0.86 0.98 2
11.14 22.6 -11.46 -1.54 0.11 0.21 0.67 1.36 22.17 17.95 4.22 -2.22 0.09 0.08 1.33 1.08 3
22.55 20.45 2.1 2.9 0.11 0.1 1.36 1.24 15.46 21.65 -6.19 11.19 0.1 0.14 0.94 1.31 1
16.86 24.17 -7.31 11.31 0.1 0.15 0.97 1.38 11.94 25.24 -13.3 -2.7 0.1 0.21 0.68 1.43 3
22.02 23.12 -1.1 -8.9 0.12 0.12 1.26 1.33 26.92 18.04 8.88 1.12 0.12 0.08 1.53 1.02 3
21.74 25.35 -3.61 1.61 0.09 0.11 1.23 1.43 23.88 12.16 11.72 3.28 0.1 0.05 1.36 0.69 1
25.07 21.85 3.22 2.78 0.11 0.1 1.43 1.24 18.12 22.31 -4.19 -9.81 0.08 0.1 1.04 1.28 2
15.87 18.02 -2.15 5.15 0.1 0.11 0.91 1.03 14.64 16.32 -1.68 -0.32 0.08 0.09 0.83 0.92 1
14.41 18.54 -4.13 -1.87 0.09 0.12 0.82 1.06 17.24 15.66 1.58 1.42 0.08 0.07 0.99 0.9 3
13.53 20.81 -7.28 -9.72 0.08 0.12 0.77 1.19 16.88 14.04 2.84 0.16 0.08 0.07 0.97 0.81 2
24.81 18.75 6.06 -1.06 0.1 0.08 1.4 1.06 27.62 17.17 10.45 7.55 0.1 0.06 1.57 0.98 2
18.45 22.99 -4.54 -9.46 0.08 0.1 1 1.25 13.72 21.56 -7.84 -9.16 0.08 0.12 0.74 1.16 1
24.64 13.24 11.4 1.6 0.1 0.05 1.33 0.71 16.37 18.28 -1.91 5.91 0.1 0.11 0.89 0.99 1
17.63 14.23 3.4 -0.4 0.08 0.07 0.96 0.77 22.82 26.11 -3.29 3.29 0.09 0.1 1.22 1.4 2
28.1 18.22 9.88 1.12 0.12 0.08 1.51 0.98 15.36 19.14 -3.78 -3.22 0.09 0.12 0.83 1.03 1
17.84 16.61 1.23 2.77 0.08 0.07 0.97 0.9 25.67 19.92 5.75 -0.75 0.1 0.07 1.37 1.06 3
12.19 25.93 -13.74 -1.26 0.1 0.21 0.65 1.38 25.75 22.18 3.57 2.43 0.11 0.1 1.39 1.2 3
14.9 16.82 -1.92 -1.08 0.08 0.09 0.79 0.9 22.2 24.3 -2.1 -8.9 0.11 0.13 1.2 1.32 2
28.79 18.03 10.76 7.24 0.1 0.06 1.54 0.97 17.55 24.42 -6.87 9.87 0.1 0.13 0.95 1.32 2
12.48 27.81 -15.33 -1.67 0.1 0.22 0.63 1.41 22.97 23.11 -0.14 -9.86 0.09 0.09 1.18 1.19 3
18.11 27.21 -9.1 12.1 0.09 0.14 0.93 1.39 18.4 17.14 1.26 1.74 0.08 0.07 0.94 0.88 1
22.68 26.01 -3.33 -7.67 0.11 0.13 1.16 1.33 27.15 13.64 13.51 2.49 0.1 0.05 1.39 0.7 3
16.77 20.79 -4.02 5.02 0.1 0.12 0.86 1.07 17.91 14.37 3.54 -0.54 0.08 0.06 0.92 0.74 3
22.96 26.39 -3.43 3.43 0.09 0.1 1.17 1.34 13.84 26.08 -12.24 -8.76 0.08 0.14 0.71 1.33 1
15.76 20.51 -4.75 -3.25 0.09 0.12 0.81 1.05 16.61 17.3 -0.69 -2.31 0.08 0.08 0.84 0.87 3
27.63 22.47 5.16 2.84 0.11 0.09 1.41 1.15 31.58 18.59 12.99 5.01 0.1 0.06 1.61 0.95 1
26.2 20.48 5.72 0.28 0.09 0.07 1.32 1.03 29.47 18.62 10.85 1.15 0.12 0.08 1.5 0.95 2
24.31 23.31 1 -9 0.09 0.09 1.19 1.14 23.14 27.63 -4.49 6.49 0.09 0.1 1.12 1.34 3
15.08 26.26 -11.18 -11.82 0.08 0.14 0.73 1.28 17.59 21.8 -4.21 3.21 0.1 0.12 0.86 1.06 2
19.99 18.07 1.92 0.08 0.08 0.07 0.97 0.88 29.71 22.69 7.02 1.98 0.11 0.08 1.44 1.1 3
17.53 17.57 -0.04 -1.96 0.08 0.08 0.84 0.84 27.48 21.28 6.2 -0.2 0.09 0.07 1.32 1.02 3
18.92 15.19 3.73 1.27 0.08 0.06 0.92 0.74 23.13 26.5 -3.37 -8.63 0.11 0.12 1.13 1.29 1
30.27 19.9 10.37 1.63 0.12 0.08 1.46 0.96 19.04 28.8 -9.76 13.76 0.09 0.14 0.93 1.4 1
27.64 14.09 13.55 3.45 0.1 0.05 1.34 0.69 16.03 21.43 -5.4 -3.6 0.09 0.12 0.78 1.04 2
31.8 20.67 11.13 5.87 0.1 0.06 1.54 1 12.68 29.15 -16.47 -2.53 0.09 0.21 0.61 1.4 1
12.75 33.88 -21.13 -2.87 0.09 0.24 0.59 1.56 20.74 19.09 1.65 -0.65 0.08 0.07 0.96 0.88 2
36.53 20.74 15.79 6.21 0.1 0.06 1.68 0.96 25.07 25.3 -0.23 -8.77 0.09 0.09 1.16 1.17 1
28.94 21.93 7.01 0.99 0.1 0.07 1.32 1 29.18 15.28 13.9 3.1 0.1 0.05 1.35 0.71 3
17.22 22.97 -5.75 -3.25 0.09 0.12 0.8 1.06 19.73 15.53 4.2 1.8 0.08 0.06 0.92 0.72 1
23.47 27.31 -3.84 -9.16 0.11 0.12 1.09 1.27 15.51 26.57 -11.06 -11.94 0.08 0.14 0.72 1.23 1
17.9 22.23 -4.33 3.33 0.09 0.12 0.83 1.03 25.13 28.39 -3.26 6.26 0.09 0.1 1.16 1.31 2
30.73 23.44 7.29 2.71 0.11 0.08 1.42 1.08 33.01 21.2 11.81 2.19 0.12 0.08 1.52 0.98 2
20.34 31.54 -11.2 13.2 0.1 0.15 0.94 1.46 18.18 19.03 -0.85 -3.15 0.08 0.08 0.83 0.87 3
26.12 26.59 -0.47 -9.53 0.09 0.09 1.16 1.18 18.29 22.47 -4.18 3.18 0.09 0.11 0.81 1 1
17.52 29.48 -11.96 -12.04 0.08 0.14 0.78 1.3 17.76 23.44 -5.68 -2.32 0.09 0.12 0.78 1.03 2
25.37 28.78 -3.41 6.41 0.09 0.1 1.12 1.27 26.38 29.32 -2.94 -9.06 0.11 0.12 1.17 1.3 2
30.56 16.05 14.51 4.49 0.1 0.05 1.35 0.71 21.24 32.49 -11.25 11.25 0.1 0.15 0.94 1.44 3
19.13 19.93 -0.8 -1.2 0.08 0.08 0.83 0.87 30.97 24.53 6.44 3.56 0.11 0.08 1.36 1.08 3
22.35 19.39 2.96 -1.96 0.08 0.07 0.99 0.86 37.82 21.79 16.03 6.97 0.1 0.06 1.66 0.96 2
34.1 21.44 12.66 1.34 0.12 0.07 1.5 0.94 13.05 35.49 -22.44 -1.56 0.09 0.24 0.57 1.56 1
20.2 16.07 4.13 0.87 0.08 0.06 0.9 0.71 29.71 23.31 6.4 -0.4 0.09 0.07 1.3 1.02 1
13.23 40.03 -26.8 -2.2 0.09 0.27 0.56 1.68 19.61 21.49 -1.88 -2.12 0.08 0.08 0.82 0.9 3
20.1 23.75 -3.65 -4.35 0.09 0.11 0.85 1 27.25 30.36 -3.11 6.11 0.09 0.1 1.15 1.28 3
22.43 34.18 -11.75 12.75 0.09 0.14 0.95 1.45 21.14 17.15 3.99 2.01 0.08 0.06 0.9 0.73 1
22.75 20.81 1.94 -0.94 0.07 0.07 0.96 0.88 26.61 27.31 -0.7 -8.3 0.09 0.09 1.13 1.16 1
32.53 25.01 7.52 4.48 0.1 0.08 1.37 1.05 32.25 17.24 15.01 2.99 0.1 0.05 1.36 0.73 2
39.24 22.19 17.05 5.95 0.1 0.06 1.65 0.93 38.64 21.62 17.02 1.98 0.12 0.07 1.63 0.91 3
27.96 31.2 -3.24 -8.76 0.11 0.13 1.18 1.32 19.01 22.96 -3.95 1.95 0.09 0.11 0.81 0.98 1
30.79 24.25 6.54 -1.54 0.09 0.07 1.29 1.02 17.83 31.82 -13.99 -10.01 0.08 0.15 0.76 1.35 1
20.59 22.34 -1.75 -1.25 0.07 0.08 0.82 0.89 41.59 25.55 16.04 5.96 0.1 0.06 1.67 1.03 2
21.72 18.98 2.74 0.26 0.08 0.07 0.88 0.77 33.16 25.89 7.27 4.73 0.1 0.08 1.34 1.04 3
21.25 24.12 -2.87 -0.13 0.1 0.11 0.87 0.98 21.1 24.87 -3.77 -5.23 0.09 0.11 0.85 1.01 2
33.13 17.87 15.26 2.74 0.1 0.05 1.34 0.72 14.08 41.01 -26.93 -3.07 0.09 0.26 0.57 1.65 1
42 23.97 18.03 1.97 0.13 0.07 1.7 0.97 23.22 20.97 2.25 -0.25 0.07 0.07 0.94 0.85 1
17.96 33.39 -15.43 -10.57 0.08 0.15 0.73 1.36 24.26 34.76 -10.5 14.5 0.1 0.14 0.98 1.41 1
26.77 27.78 -1.01 -8.99 0.09 0.09 1.09 1.13 29.12 33.44 -4.32 -6.68 0.11 0.13 1.18 1.36 3
28.37 31.36 -2.99 6.99 0.09 0.1 1.14 1.26 32.36 24.38 7.98 -0.98 0.09 0.07 1.3 0.98 1
14.6 43.16 -28.56 -3.44 0.09 0.26 0.57 1.67 23 22.06 0.94 1.06 0.08 0.07 0.9 0.86 2
23.56 22.87 0.69 -0.69 0.07 0.07 0.92 0.89 22.07 23.77 -1.7 -1.3 0.08 0.08 0.85 0.91 2
21.36 25.4 -4.04 -4.96 0.09 0.11 0.83 0.99 30.59 34.59 -4 -6 0.11 0.12 1.19 1.35 1
36.24 27.17 9.07 3.93 0.11 0.08 1.4 1.05 20.11 34.25 -14.14 -10.86 0.09 0.15 0.78 1.33 1
43.9 24.31 19.59 2.41 0.13 0.07 1.7 0.94 27.92 29.25 -1.33 -9.67 0.09 0.09 1.09 1.14 1
43.02 27.03 15.99 6.01 0.11 0.07 1.66 1.04 35.28 18.39 16.89 3.11 0.1 0.05 1.37 0.72 1
25.12 36.91 -11.79 14.79 0.1 0.14 0.98 1.43 30.47 31.89 -1.42 8.42 0.09 0.1 1.18 1.23 2
32.89 26.48 6.41 -2.41 0.09 0.07 1.27 1.02 21.78 24.38 -2.6 -0.4 0.09 0.11 0.85 0.95 2
21.96 35.91 -13.95 -12.05 0.09 0.15 0.82 1.35 16.01 45.16 -29.15 -2.85 0.09 0.26 0.6 1.68 1
23.23 25.49 -2.26 -0.74 0.1 0.11 0.87 0.96 26.44 37.67 -11.23 14.23 0.1 0.14 0.99 1.41 1
31.01 37.72 -6.71 -6.29 0.11 0.13 1.16 1.41 34 27.93 6.07 -2.07 0.09 0.07 1.26 1.04 3
22.39 25.26 -2.87 -0.13 0.07 0.08 0.83 0.93 47.65 25.69 21.96 2.04 0.13 0.07 1.78 0.96 2
31.23 33.21 -1.98 8.98 0.09 0.1 1.16 1.24 37.9 29.02 8.88 5.12 0.11 0.08 1.41 1.08 1
29.3 33 -3.7 -9.3 0.09 0.1 1.1 1.24 24.49 25.82 -1.33 -4.67 0.1 0.1 0.92 0.97 2
36.24 20.02 16.22 1.78 0.09 0.05 1.36 0.75 25.05 23.19 1.86 -1.86 0.07 0.07 0.94 0.87 2
25 23.47 1.53 0.47 0.08 0.07 0.94 0.88 44.65 27.99 16.66 7.34 0.11 0.07 1.66 1.04 2
0.3 0.96 -0.66 0.66 0.05 0.16 0.29 0.94 2.16 1.81 0.35 0.65 0.17 0.14 2.07 1.73 3
0.56 1.83 -1.27 2.27 0.11 0.37 0.56 1.83 1.02 1.27 -0.25 2.25 0.07 0.08 0.99 1.23 3
1.27 1.02 0.25 -2.25 0.09 0.07 1.23 0.99 0.96 1.06 -0.1 -0.9 0.09 0.1 0.92 1.01 3
0.98 1.6 -0.62 -0.38 0.12 0.2 0.96 1.57 0.85 0.54 0.31 -0.31 0.17 0.11 0.83 0.53 3
0.95 0.97 -0.02 -2.98 0.06 0.06 0.92 0.94 1.6 0.98 0.62 0.38 0.16 0.1 1.57 0.96 3
1.2 0.54 0.66 -0.66 0.09 0.04 1.19 0.53 0.97 0.95 0.02 2.98 0.14 0.14 0.94 0.92 1
0.5 1.28 -0.78 -2.22 0.06 0.16 0.49 1.27 0.54 1.2 -0.66 0.66 0.07 0.15 0.53 1.19 3
0.96 0.3 0.66 -0.66 0.05 0.02 0.94 0.29 1.28 0.5 0.78 2.22 0.16 0.06 1.27 0.49 2
0.54 0.85 -0.31 0.31 0.05 0.09 0.53 0.83 1.83 0.56 1.27 -2.27 0.1 0.03 1.83 0.56 1
1.06 0.96 0.1 0.9 0.21 0.19 1.01 0.92 1.81 2.16 -0.35 -0.65 0.1 0.11 1.73 2.07 2
2.07 1.52 0.55 -2.55 0.09 0.07 1.04 0.76 1.4 3.03 -1.63 -0.37 0.12 0.25 0.69 1.5 1
2.78 1.7 1.08 1.92 0.14 0.09 1.37 0.84 0.77 2.01 -1.24 -0.76 0.04 0.1 0.38 0.99 2
3.21 2.28 0.93 2.07 0.14 0.1 1.56 1.11 2.2 1.82 0.38 0.62 0.12 0.1 1.06 0.88 2
1.55 1.6 -0.05 3.05 0.05 0.05 0.75 0.77 1.5 1.09 0.41 0.59 0.06 0.04 0.74 0.54 1
0.63 1.63 -1 2 0.06 0.15 0.3 0.79 2.16 1.8 0.36 -0.36 0.06 0.05 1.06 0.88 3
2.67 3.3 -0.63 -0.37 0.07 0.09 1.29 1.59 2.44 3.09 -0.65 -2.35 0.1 0.13 1.17 1.48 1
3.03 2.23 0.8 -0.8 0.11 0.08 1.44 1.06 0.89 2.36 -1.47 1.47 0.05 0.14 0.44 1.16 1
2.28 0.96 1.32 -0.32 0.16 0.07 1.13 0.47 2.52 2.57 -0.05 -3.95 0.09 0.09 1.22 1.24 1
1.86 2.42 -0.56 2.56 0.17 0.22 0.9 1.18 0.93 1.37 -0.44 -3.56 0.05 0.07 0.45 0.66 1
3.2 2.55 0.65 1.35 0.16 0.13 1.56 1.24 2.67 1.43 1.24 -0.24 0.11 0.06 1.31 0.7 2
2.74 1.58 1.16 -2.16 0.07 0.04 0.9 0.52 5.08 4.22 0.86 -6.86 0.12 0.1 1.66 1.38 2
4.64 1.81 2.83 0.17 0.11 0.04 1.5 0.58 1.58 2.16 -0.58 0.58 0.06 0.08 0.52 0.7 1
0.88 3.87 -2.99 0.99 0.04 0.17 0.28 1.25 2.91 3.36 -0.45 1.45 0.09 0.11 0.94 1.08 1
2.76 2.21 0.55 4.45 0.06 0.05 0.9 0.72 1.46 3.7 -2.24 -0.76 0.1 0.25 0.47 1.2 1
2.7 2.63 0.07 2.93 0.1 0.09 0.88 0.86 2.69 2.75 -0.06 1.06 0.06 0.06 0.88 0.9 3
3.6 4.62 -1.02 0.02 0.11 0.14 1.15 1.48 3.29 4.33 -1.04 1.04 0.07 0.09 1.06 1.4 1
1.14 2.21 -1.07 -3.93 0.04 0.08 0.37 0.72 3.56 2.76 0.8 1.2 0.13 0.1 1.17 0.9 3
3.47 3.71 -0.24 -3.76 0.1 0.1 1.12 1.19 4.75 2.99 1.76 1.24 0.11 0.07 1.54 0.97 1
2.88 1.79 1.09 -0.09 0.1 0.06 0.95 0.59 3.93 3.52 0.41 2.59 0.16 0.15 1.3 1.16 1
2.11 2.3 -0.19 -0.81 0.07 0.07 0.7 0.76 5.29 4.94 0.35 0.65 0.12 0.11 1.66 1.55 2
3.59 2.61 0.98 5.02 0.06 0.04 0.88 0.64 5.35 5.09 0.26 -6.26 0.12 0.11 1.32 1.25 2
3.34 3.96 -0.62 0.62 0.08 0.09 0.8 0.95 5.55 4.24 1.31 -2.31 0.12 0.09 1.34 1.02 1
5.28 5.07 0.21 -0.21 0.1 0.1 1.28 1.23 4.95 5.47 -0.52 1.52 0.1 0.11 1.2 1.33 3
4.14 3.8 0.34 1.66 0.08 0.07 1 0.92 5.84 2.37 3.47 0.53 0.11 0.04 1.41 0.57 2
1.86 4.53 -2.67 -1.33 0.09 0.22 0.46 1.11 6.09 5.92 0.17 0.83 0.11 0.1 1.45 1.41 3
4.14 5.68 -1.54 -0.46 0.08 0.1 1.01 1.39 3.09 3.1 -0.01 -0.99 0.07 0.07 0.76 0.77 1
5.38 5.29 0.09 3.91 0.14 0.14 1.32 1.3 3.86 4.19 -0.33 2.33 0.07 0.08 0.94 1.02 3
2.14 3.36 -1.22 0.22 0.05 0.09 0.52 0.82 1.48 4.3 -2.82 1.82 0.05 0.15 0.36 1.03 1
3.7 2.07 1.63 0.37 0.09 0.05 0.92 0.51 3.61 1.85 1.76 -2.76 0.07 0.03 0.89 0.46 2
4.21 4.34 -0.13 2.13 0.15 0.16 1.05 1.08 3.67 4.03 -0.36 -6.64 0.09 0.09 0.9 0.99 2
4.23 2.29 1.94 -2.94 0.07 0.04 0.83 0.45 4.42 5.95 -1.53 -5.47 0.08 0.11 0.87 1.17 1
6.31 2.99 3.32 0.68 0.1 0.05 1.22 0.58 6.44 6.8 -0.36 3.36 0.1 0.11 1.25 1.32 3
5.21 3.57 1.64 4.36 0.07 0.05 1.03 0.7 4.14 2.69 1.45 0.55 0.08 0.05 0.81 0.53 3
4.76 4.27 0.49 1.51 0.07 0.06 0.92 0.82 3.53 4.09 -0.56 2.56 0.07 0.08 0.69 0.8 2
6.76 6.18 0.58 1.42 0.11 0.1 1.31 1.2 4.14 4.36 -0.22 1.22 0.07 0.07 0.8 0.84 3
5.99 6.88 -0.89 -0.11 0.09 0.1 1.16 1.33 3.32 3.85 -0.53 -1.47 0.06 0.07 0.65 0.75 2
2.61 8.16 -5.55 -1.45 0.08 0.26 0.51 1.6 4.89 5.91 -1.02 0.02 0.08 0.09 0.95 1.14 3
6.31 6.71 -0.4 -5.6 0.11 0.11 1.25 1.32 9.72 6.67 3.05 0.95 0.13 0.09 1.86 1.27 2
5.95 5.04 0.91 -2.91 0.11 0.09 1.15 0.97 2.21 5.69 -3.48 -0.52 0.06 0.15 0.42 1.09 3
5.37 5.25 0.12 2.88 0.08 0.08 1.03 1.01 6.13 5.09 1.04 0.96 0.15 0.13 1.22 1.01 1
4.92 2.78 2.14 -0.14 0.07 0.04 0.8 0.45 6.62 6.57 0.05 4.95 0.08 0.08 1.07 1.06 3
5.86 4.15 1.71 3.29 0.07 0.05 0.96 0.68 4.91 6.64 -1.73 -8.27 0.07 0.1 0.8 1.08 1
5.67 5.52 0.15 1.85 0.07 0.07 0.91 0.89 2.54 6.94 -4.4 1.4 0.06 0.15 0.41 1.11 2
7.63 7.73 -0.1 -0.9 0.08 0.08 1.23 1.25 2.96 9.54 -6.58 -1.42 0.07 0.24 0.49 1.56 1
6.27 6.26 0.01 -0.01 0.08 0.08 1.02 1.02 7.01 8.69 -1.68 -4.32 0.1 0.13 1.15 1.42 3
7.45 6.34 1.11 -1.11 0.14 0.12 1.23 1.05 8 4.04 3.96 -0.96 0.11 0.05 1.29 0.65 2
7.2 5.37 1.83 -4.83 0.1 0.07 1.15 0.86 8.37 7.6 0.77 -0.77 0.11 0.1 1.35 1.23 1
7.49 8.49 -1 5 0.1 0.11 1.22 1.38 4.78 5 -0.22 2.22 0.08 0.08 0.77 0.81 2
11.7 7.37 4.33 -0.33 0.12 0.08 1.86 1.17 4.72 3.34 1.38 1.62 0.07 0.05 0.77 0.55 3
5.56 5.97 -0.41 3.41 0.08 0.08 0.89 0.96 4.17 5.49 -1.32 -0.68 0.06 0.08 0.68 0.89 1
8.61 5.4 3.21 -0.21 0.1 0.06 1.2 0.75 5.55 4.08 1.47 -0.47 0.06 0.04 0.77 0.56 2
3.11 7.34 -4.23 1.23 0.06 0.14 0.43 1.01 9.01 9.16 -0.15 -1.85 0.1 0.1 1.25 1.27 3
6.07 6.09 -0.02 2.02 0.07 0.07 0.84 0.84 8.89 9.48 -0.59 4.59 0.1 0.11 1.24 1.32 3
3.78 10.72 -6.94 -2.06 0.07 0.21 0.53 1.5 7.6 6.31 1.29 3.71 0.09 0.07 1.03 0.86 3
5.77 6.4 -0.63 2.63 0.08 0.09 0.8 0.89 8.81 6.95 1.86 -1.86 0.13 0.1 1.25 0.98 3
7.65 9.62 -1.97 -2.03 0.11 0.13 1.07 1.35 8.81 8.55 0.26 -0.26 0.08 0.08 1.22 1.18 1
4.97 4.22 0.75 3.25 0.07 0.06 0.69 0.59 7.2 6.9 0.3 -2.3 0.07 0.07 1 0.96 3
4.51 7.53 -3.02 -0.98 0.06 0.1 0.62 1.04 8.76 6.01 2.75 -3.75 0.1 0.07 1.21 0.83 3
5.23 7.64 -2.41 -10.59 0.07 0.1 0.73 1.07 12.58 7.62 4.96 -1.96 0.12 0.07 1.72 1.04 3
7.92 7.2 0.72 5.28 0.09 0.08 1.09 0.99 6.86 4.47 2.39 5.61 0.07 0.05 0.97 0.63 2
11.44 9.93 1.51 -2.51 0.11 0.09 1.38 1.2 5.91 8.51 -2.6 -2.4 0.07 0.09 0.71 1.02 2
5.65 4.4 1.25 -0.25 0.06 0.05 0.69 0.53 6.94 7.99 -1.05 2.05 0.08 0.09 0.84 0.97 3
9.74 7.41 2.33 -2.33 0.09 0.07 1.17 0.89 4.81 13.19 -8.38 -3.62 0.07 0.2 0.59 1.62 2
8.33 4.76 3.57 4.43 0.07 0.04 1.03 0.59 8.93 5.5 3.43 -0.43 0.09 0.06 1.09 0.67 1
9.01 9.24 -0.23 -0.77 0.08 0.08 1.09 1.12 5.33 4.94 0.39 2.61 0.07 0.06 0.65 0.6 1
10.07 7.34 2.73 5.27 0.1 0.07 1.2 0.88 8.34 9.82 -1.48 -1.52 0.09 0.11 1.02 1.2 1
7.92 7.26 0.66 -1.66 0.08 0.07 0.97 0.89 5.35 9.58 -4.23 -11.77 0.07 0.13 0.65 1.17 1
11.93 9.94 1.99 4.01 0.12 0.1 1.46 1.22 3.88 9.77 -5.89 1.89 0.06 0.16 0.47 1.17 1
10.4 8.12 2.28 -1.28 0.12 0.1 1.28 1 6.53 9.13 -2.6 2.6 0.06 0.09 0.79 1.11 1
14.52 7.74 6.78 -0.78 0.12 0.06 1.74 0.93 8.21 8.67 -0.46 6.46 0.08 0.08 0.99 1.04 2
9.78 7.08 2.7 -2.7 0.09 0.07 1.06 0.77 16.6 8.56 8.04 -2.04 0.12 0.06 1.77 0.91 2
4.18 12.22 -8.04 2.04 0.06 0.18 0.45 1.31 8.53 10.08 -1.55 -3.45 0.08 0.1 0.91 1.08 2
7.23 12.01 -4.78 0.78 0.06 0.1 0.78 1.29 6.77 5.85 0.92 -0.92 0.06 0.05 0.73 0.63 2
9.44 10.89 -1.45 -2.55 0.09 0.1 1.02 1.18 11.92 8.25 3.67 -3.67 0.09 0.07 1.27 0.88 3
6.07 5.34 0.73 1.27 0.06 0.06 0.66 0.58 11.14 8.44 2.7 6.3 0.09 0.07 1.18 0.9 1
5.65 15.37 -9.72 -2.28 0.08 0.21 0.61 1.67 13.01 12.55 0.46 -1.46 0.11 0.1 1.4 1.35 2
8.39 9.11 -0.72 2.72 0.09 0.1 0.9 0.98 9.91 5.61 4.3 6.7 0.08 0.04 1.09 0.61 3
14.38 10.24 4.14 3.86 0.13 0.09 1.57 1.12 13.28 8.82 4.46 0.54 0.14 0.09 1.45 0.96 2
9.03 10.75 -1.72 7.72 0.08 0.1 0.97 1.15 8.47 7.52 0.95 -0.95 0.07 0.06 0.92 0.82 3
5.61 10.13 -4.52 -12.48 0.06 0.12 0.61 1.1 9.41 9.98 -0.57 0.57 0.07 0.08 1.01 1.08 2
8.17 6.2 1.97 -1.97 0.07 0.05 0.79 0.6 16.98 11.38 5.6 2.4 0.12 0.08 1.66 1.11 3
9.7 10.26 -0.56 0.56 0.07 0.08 0.94 1 9.45 11.55 -2.1 6.1 0.08 0.09 0.91 1.12 2
11.05 5.73 5.32 6.68 0.08 0.04 1.09 0.56 7.58 13.41 -5.83 1.83 0.06 0.11 0.74 1.3 1
11.8 9.93 1.87 5.13 0.09 0.08 1.13 0.95 5.89 10.42 -4.53 -12.47 0.06 0.11 0.58 1.02 3
13.66 13.84 -0.18 -0.82 0.11 0.11 1.32 1.33 10.05 11.42 -1.37 -4.63 0.08 0.09 0.98 1.11 2
9.27 7.94 1.33 0.67 0.07 0.06 0.91 0.78 11.33 8.6 2.73 -2.73 0.1 0.07 1.11 0.84 2
14.42 11.42 3 2 0.14 0.11 1.41 1.11 4.76 12.75 -7.99 1.99 0.06 0.16 0.46 1.24 1
12.45 8.86 3.59 -1.59 0.09 0.06 1.19 0.85 7.56 6 1.56 2.44 0.07 0.06 0.74 0.59 1
9.06 10.66 -1.6 -3.4 0.08 0.1 0.87 1.03 6.94 16.02 -9.08 -2.92 0.08 0.2 0.68 1.56 2
18.12 10.11 8.01 -2.01 0.12 0.07 1.75 0.97 8.51 10.25 -1.74 2.74 0.08 0.1 0.82 0.99 3
5.13 13.91 -8.78 1.78 0.06 0.15 0.45 1.23 7.45 16.57 -9.12 -2.88 0.09 0.2 0.66 1.46 3
7.77 13.95 -6.18 1.18 0.06 0.1 0.69 1.23 20.03 10.67 9.36 -5.36 0.12 0.06 1.76 0.94 1
6.85 10.76 -3.91 -12.09 0.07 0.1 0.61 0.96 13.74 9.18 4.56 -1.56 0.09 0.06 1.2 0.8 1
9.98 12.55 -2.57 6.57 0.07 0.09 0.88 1.1 12.14 10.89 1.25 4.75 0.09 0.08 1.06 0.95 3
10.7 10.79 -0.09 0.09 0.07 0.07 0.95 0.95 12.83 9.65 3.18 -3.18 0.1 0.07 1.14 0.86 2
17.39 12.64 4.75 4.25 0.12 0.09 1.54 1.12 11.59 5.92 5.67 7.33 0.07 0.04 1.04 0.53 1
9.07 12.16 -3.09 6.09 0.08 0.11 0.8 1.07 10.32 9.44 0.88 1.12 0.07 0.07 0.92 0.84 3
7.88 7.29 0.59 2.41 0.07 0.07 0.7 0.65 16.25 16.03 0.22 -1.22 0.11 0.11 1.42 1.4 2
15.58 11.79 3.79 2.21 0.13 0.1 1.38 1.05 9.43 6.61 2.82 -3.82 0.07 0.05 0.83 0.58 2
12.24 14.01 -1.77 -4.23 0.09 0.1 1.08 1.24 9.61 11.17 -1.56 -3.44 0.08 0.09 0.84 0.98 2
10.38 8.34 2.04 -3.04 0.07 0.06 0.84 0.68 5.81 14.79 -8.98 0.98 0.06 0.15 0.47 1.19 1
11.9 9.7 2.2 7.8 0.07 0.06 0.98 0.8 17.31 12.74 4.57 1.43 0.13 0.09 1.41 1.04 1
13.18 12.55 0.63 8.37 0.08 0.08 1.06 1 13.76 10.97 2.79 -2.79 0.09 0.07 1.12 0.89 1
8.33 17.25 -8.92 -2.08 0.09 0.19 0.67 1.39 13.95 15.44 -1.49 -4.51 0.1 0.11 1.12 1.24 3
12.51 9.92 2.59 2.41 0.08 0.06 1.02 0.81 7.92 15.65 -7.73 3.73 0.06 0.11 0.64 1.27 1
16.79 16.73 0.06 -1.06 0.11 0.11 1.35 1.34 9.08 11.77 -2.69 -10.31 0.08 0.1 0.74 0.96 3
12.02 11.72 0.3 -0.3 0.07 0.07 0.97 0.95 9.55 14.35 -4.8 4.8 0.08 0.12 0.77 1.16 3
21.73 10.82 10.91 -7.91 0.12 0.06 1.75 0.87 21.17 12.95 8.22 3.78 0.13 0.08 1.73 1.06 2
14.75 11.41 3.34 -3.34 0.1 0.07 1.18 0.92 11.64 13.59 -1.95 2.95 0.08 0.09 0.94 1.09 2
11.04 12.88 -1.84 -3.16 0.08 0.09 0.88 1.03 8.58 7.83 0.75 2.25 0.07 0.07 0.7 0.64 1
12.15 8.53 3.62 -3.62 0.08 0.05 0.91 0.64 13.7 10.15 3.55 8.45 0.08 0.06 1.04 0.77 2
14.94 13.08 1.86 -2.86 0.09 0.08 1.12 0.98 15.48 12.07 3.41 -3.41 0.09 0.07 1.15 0.9 1
6 16.56 -10.56 1.56 0.06 0.16 0.45 1.24 14.7 16.08 -1.38 -3.62 0.09 0.1 1.09 1.19 1
8.38 17.08 -8.7 2.7 0.06 0.11 0.63 1.28 13.99 13.85 0.14 -1.14 0.08 0.08 1.04 1.03 1
9.7 9.96 -0.26 2.26 0.07 0.08 0.73 0.75 8.97 18 -9.03 -2.97 0.09 0.17 0.67 1.34 1
17.76 14.54 3.22 0.78 0.12 0.09 1.34 1.09 22.63 11.23 11.4 -8.4 0.12 0.06 1.68 0.84 3
11.68 16.32 -4.64 5.64 0.09 0.12 0.87 1.21 15.29 13.73 1.56 8.44 0.09 0.08 1.13 1.01 3
11.37 14.04 -2.67 -9.33 0.09 0.11 0.86 1.06 13.17 14 -0.83 -3.17 0.09 0.09 0.97 1.04 2
12.3 14.32 -2.02 3.02 0.08 0.09 0.92 1.07 19.06 19.02 0.04 -2.04 0.11 0.11 1.41 1.41 1
21.58 13.85 7.73 4.27 0.13 0.08 1.62 1.04 13.94 10.38 3.56 3.44 0.08 0.06 1.05 0.78 1
15 10.8 4.2 7.8 0.08 0.06 1.05 0.76 7.72 16.79 -9.07 1.07 0.07 0.15 0.54 1.17 2
14.21 14.85 -0.64 -1.36 0.07 0.08 0.99 1.03 23.51 15.85 7.66 6.34 0.13 0.08 1.64 1.1 1
16.01 14.45 1.56 9.44 0.09 0.08 1.1 0.99 9.38 17.3 -7.92 2.92 0.06 0.11 0.65 1.2 2
20.65 21.36 -0.71 -3.29 0.11 0.11 1.42 1.47 16.06 13.42 2.64 -2.64 0.09 0.07 1.12 0.93 2
9.33 18.45 -9.12 -3.88 0.08 0.17 0.65 1.28 12.09 14.37 -2.28 -9.72 0.09 0.1 0.85 1 2
15.94 12.31 3.63 1.37 0.08 0.07 1.11 0.86 18.69 16.09 2.6 -2.6 0.12 0.1 1.3 1.12 1
13.5 14.72 -1.22 -2.78 0.09 0.09 0.93 1.01 14.64 15.91 -1.27 4.27 0.08 0.09 1.01 1.1 1
14.93 17.8 -2.87 -3.13 0.09 0.11 1.03 1.23 10.15 10.32 -0.17 3.17 0.07 0.07 0.71 0.72 3
15.82 13.19 2.63 -3.63 0.09 0.07 1.09 0.91 12.4 17.04 -4.64 4.64 0.08 0.11 0.86 1.18 3
24.18 12.16 12.02 -5.02 0.12 0.06 1.67 0.84 12.8 9.83 2.97 -2.97 0.07 0.06 0.89 0.68 2
17.08 14.29 2.79 -2.79 0.09 0.07 1.11 0.93 14.49 14.96 -0.47 -2.53 0.08 0.09 0.93 0.96 3
13.23 11.88 1.35 -1.35 0.07 0.07 0.86 0.77 17.24 13.74 3.5 2.5 0.08 0.07 1.12 0.89 1
8.5 18.3 -9.8 1.8 0.07 0.14 0.55 1.19 11.36 11.09 0.27 3.73 0.07 0.07 0.74 0.72 2
16.51 11.58 4.93 7.07 0.08 0.06 1.08 0.76 26.23 12.59 13.64 -6.64 0.12 0.06 1.69 0.81 1
23.89 17.54 6.35 4.65 0.12 0.09 1.55 1.14 17.47 14.84 2.63 8.37 0.09 0.07 1.12 0.95 1
20.12 17.39 2.73 -3.73 0.12 0.1 1.31 1.13 15.9 15.23 0.67 0.33 0.08 0.07 1.03 0.99 3
14.88 16.9 -2.02 4.02 0.08 0.09 0.96 1.09 9.33 18.45 -9.12 -3.88 0.08 0.17 0.61 1.2 1
12.09 14.37 -2.28 -9.72 0.09 0.1 0.79 0.94 15.7 19.01 -3.31 -3.69 0.09 0.11 1.01 1.22 2
13.45 18.2 -4.75 5.75 0.08 0.11 0.86 1.17 21.52 22.38 -0.86 -3.14 0.1 0.11 1.38 1.43 2
9.77 18.76 -8.99 3.99 0.06 0.11 0.63 1.22 16.98 14.24 2.74 -4.74 0.09 0.08 1.09 0.91 2
18.38 17.17 1.21 7.79 0.09 0.08 1.1 1.03 20.68 18.5 2.18 -4.18 0.11 0.1 1.26 1.13 3
17.01 15.79 1.22 0.78 0.08 0.07 1.03 0.96 13.78 12.28 1.5 -0.5 0.07 0.06 0.84 0.75 2
17.64 14.29 3.35 1.65 0.08 0.07 1.08 0.87 17.2 12.19 5.01 7.99 0.08 0.06 1.06 0.75 2
17.49 16.3 1.19 -3.19 0.09 0.08 1.05 0.98 26.22 18.45 7.77 5.23 0.12 0.09 1.6 1.12 2
23.09 23.97 -0.88 -3.12 0.1 0.11 1.39 1.44 11.83 19.27 -7.44 2.44 0.06 0.1 0.72 1.17 1
11.57 12.38 -0.81 4.81 0.07 0.08 0.71 0.76 12.74 15.15 -2.41 -9.59 0.08 0.1 0.78 0.93 1
15.47 16.09 -0.62 -1.38 0.09 0.09 0.93 0.97 15.04 19.77 -4.73 5.73 0.08 0.11 0.9 1.19 2
16.48 19.66 -3.18 -3.82 0.09 0.11 0.99 1.18 16.52 17.61 -1.09 4.09 0.08 0.09 1 1.07 3
10.04 20.09 -10.05 -3.95 0.09 0.17 0.61 1.22 18.21 15.27 2.94 -3.94 0.09 0.07 1.1 0.93 3
26.84 13.28 13.56 -7.56 0.12 0.06 1.63 0.8 9.79 18.51 -8.72 0.72 0.07 0.13 0.59 1.12 1
19.35 15.81 3.54 -3.54 0.09 0.07 1.11 0.9 17.94 22.32 -4.38 -5.62 0.09 0.11 1.02 1.27 2
18.74 18.94 -0.2 7.2 0.08 0.09 1.06 1.07 14.3 13.77 0.53 0.47 0.07 0.07 0.82 0.79 2
18.47 12.61 5.86 7.14 0.08 0.06 1.07 0.73 18.5 16.31 2.19 -0.19 0.08 0.07 1.06 0.93 1
10.36 20.74 -10.38 -0.62 0.07 0.14 0.59 1.19 13.25 16.34 -3.09 -9.91 0.08 0.1 0.76 0.94 3
12.42 20.8 -8.38 2.38 0.06 0.11 0.71 1.19 16.85 16.45 0.4 -2.4 0.09 0.09 0.96 0.93 3
19.18 19.07 0.11 5.89 0.09 0.09 1.09 1.09 12.76 12.89 -0.13 5.13 0.07 0.07 0.74 0.74 3
15.4 21.15 -5.75 6.75 0.08 0.11 0.87 1.2 10.58 21.23 -10.65 -4.35 0.08 0.16 0.61 1.22 1
26.61 19.02 7.59 5.41 0.12 0.08 1.52 1.09 24.62 24.56 0.06 -3.06 0.1 0.1 1.39 1.39 1
22.45 18.86 3.59 -3.59 0.11 0.09 1.29 1.09 18.06 16.69 1.37 -3.37 0.09 0.08 1.02 0.94 1
29.07 13.85 15.22 -6.22 0.12 0.06 1.66 0.79 18.06 15.56 2.5 2.5 0.08 0.07 1.04 0.9 1
19.46 18.88 0.58 -0.58 0.08 0.08 1.05 1.02 30.01 14.46 15.55 -5.55 0.11 0.06 1.62 0.78 2
20.43 19.32 1.11 5.89 0.09 0.08 1.09 1.03 21.04 13.57 7.47 7.53 0.09 0.06 1.15 0.74 2
17.66 16.74 0.92 -1.92 0.09 0.08 0.95 0.9 29.88 19.29 10.59 5.41 0.12 0.08 1.62 1.04 3
18.67 16.5 2.17 1.83 0.08 0.07 1.02 0.9 10.74 21.27 -10.53 -1.47 0.07 0.14 0.58 1.15 1
24.89 27.83 -2.94 -3.06 0.1 0.11 1.33 1.49 24.2 20.07 4.13 -3.13 0.11 0.09 1.32 1.09 1
14.19 13.49 0.7 6.3 0.07 0.07 0.77 0.73 21.35 16.77 4.58 -4.58 0.09 0.07 1.15 0.9 3
13.78 16.72 -2.94 -9.06 0.08 0.1 0.75 0.91 19.78 20.5 -0.72 4.72 0.09 0.09 1.07 1.1 2
18.9 24.32 -5.42 -4.58 0.09 0.12 1.01 1.3 15.91 21.53 -5.62 7.62 0.08 0.11 0.85 1.15 1
19.27 18.44 0.83 -3.83 0.09 0.08 1.03 0.99 14.68 15.46 -0.78 1.78 0.07 0.07 0.8 0.84 2
10.96 21.74 -10.78 -5.22 0.08 0.16 0.59 1.18 12.71 21.61 -8.9 1.9 0.06 0.1 0.69 1.17 2
15.03 16.4 -1.37 2.37 0.07 0.08 0.77 0.84 18.18 17.29 0.89 -2.89 0.09 0.08 0.92 0.88 1
22.43 17.17 5.26 -4.26 0.09 0.07 1.14 0.87 21.31 22.02 -0.71 4.71 0.09 0.09 1.09 1.12 2
21.64 14.66 6.98 8.02 0.08 0.06 1.12 0.76 27.23 29.18 -1.95 -3.05 0.1 0.11 1.38 1.48 1
13.24 22.11 -8.87 1.87 0.06 0.1 0.68 1.13 14.59 14.57 0.02 5.98 0.07 0.07 0.75 0.75 1
20.01 20.41 -0.4 0.4 0.08 0.08 1.02 1.04 11.6 24.29 -12.69 -0.31 0.07 0.15 0.59 1.24 1
30.43 19.81 10.62 6.38 0.12 0.08 1.56 1.02 19.44 25.31 -5.87 -3.13 0.09 0.12 0.98 1.28 1
21.69 17.36 4.33 0.67 0.09 0.07 1.12 0.89 21.52 19.92 1.6 5.4 0.09 0.08 1.09 1.01 1
25.55 22.41 3.14 -3.14 0.12 0.1 1.32 1.16 11.46 22.27 -10.81 -5.19 0.08 0.15 0.59 1.14 1
16.9 22.07 -5.17 6.17 0.08 0.1 0.86 1.12 15.3 18.25 -2.95 -9.05 0.09 0.1 0.79 0.94 1
31.54 15.01 16.53 -6.53 0.12 0.06 1.61 0.77 20.21 18.79 1.42 -4.42 0.09 0.08 1.03 0.95 3
16.37 17.09 -0.72 2.72 0.07 0.07 0.8 0.84 16.28 15.25 1.03 3.97 0.07 0.07 0.79 0.74 1
23.41 17.74 5.67 -4.67 0.09 0.07 1.13 0.86 13.92 23.8 -9.88 3.88 0.06 0.1 0.68 1.16 1
18.87 18.63 0.24 -3.24 0.09 0.09 0.91 0.9 25.48 17.72 7.76 -1.76 0.1 0.07 1.24 0.87 1
12.79 25.7 -12.91 -1.09 0.07 0.14 0.62 1.25 17.84 22.38 -4.54 6.54 0.08 0.1 0.86 1.08 2
21.88 23 -1.12 5.12 0.08 0.09 1.06 1.12 33.44 20.44 13 6 0.12 0.07 1.63 1 1
15.61 19.19 -3.58 -9.42 0.09 0.11 0.77 0.94 27.67 23.04 4.63 -0.63 0.12 0.1 1.36 1.13 3
27.56 30.85 -3.29 -3.71 0.1 0.11 1.33 1.49 21.42 21.6 -0.18 1.18 0.08 0.08 1.04 1.05 1
32.42 16.11 16.31 -8.31 0.11 0.06 1.58 0.78 12.09 24.39 -12.3 -7.7 0.08 0.16 0.59 1.19 1
20.07 28.32 -8.25 -2.75 0.09 0.13 0.97 1.37 23.31 14.99 8.32 8.68 0.09 0.06 1.15 0.74 1
21.31 19.67 1.64 -2.64 0.09 0.08 1.03 0.95 21.88 23.71 -1.83 7.83 0.09 0.09 1.05 1.14 1
22.34 26.82 -4.48 7.48 0.08 0.1 1.03 1.23 14.46 26.09 -11.63 -2.37 0.07 0.13 0.67 1.21 1
34.7 22.72 11.98 5.02 0.12 0.08 1.61 1.06 17.02 21.37 -4.35 -10.65 0.09 0.11 0.8 1 3
29.85 24.45 5.4 0.6 0.12 0.1 1.39 1.14 16.64 16.11 0.53 3.47 0.07 0.07 0.77 0.75 1
24.16 24.26 -0.1 6.1 0.09 0.09 1.12 1.12 14.59 24.68 -10.09 3.09 0.06 0.1 0.68 1.14 2
12.27 26.59 -14.32 -7.68 0.08 0.17 0.57 1.23 24.96 16.72 8.24 7.76 0.09 0.06 1.17 0.78 3
18.23 24.05 -5.82 7.82 0.07 0.1 0.84 1.11 24.29 18.41 5.88 -3.88 0.09 0.07 1.12 0.85 3
34.62 16.29 18.33 -8.33 0.11 0.05 1.6 0.75 20.08 19.72 0.36 -2.36 0.09 0.08 0.93 0.91 1
22.52 22.26 0.26 -0.26 0.08 0.08 1.04 1.03 24.42 20.13 4.29 -2.29 0.1 0.08 1.12 0.93 1
26.57 18.93 7.64 -2.64 0.1 0.07 1.24 0.88 28.22 31.95 -3.73 -2.27 0.1 0.11 1.3 1.47 1
21.8 29.97 -8.17 -1.83 0.09 0.13 1 1.38 17.23 17.45 -0.22 3.22 0.07 0.07 0.8 0.81 3
21.26 21.5 -0.24 -3.76 0.09 0.09 0.94 0.95 26.3 16.88 9.42 7.58 0.09 0.06 1.18 0.76 2
15.12 27.74 -12.62 -4.38 0.07 0.14 0.67 1.23 25.03 18.73 6.3 -3.3 0.08 0.06 1.1 0.82 2
29.52 35.85 -6.33 -3.67 0.1 0.12 1.3 1.57 36.4 17.47 18.93 -6.93 0.11 0.05 1.61 0.77 2
18.19 18.67 -0.48 2.48 0.08 0.08 0.81 0.83 36.23 24.05 12.18 3.82 0.12 0.08 1.61 1.07 1
23.99 27.48 -3.49 9.49 0.09 0.1 1.05 1.2 24.72 22.95 1.77 -0.77 0.09 0.08 1.09 1.02 3
25.26 25.11 0.15 5.85 0.08 0.08 1.12 1.11 18.55 24.79 -6.24 7.24 0.07 0.1 0.81 1.09 3
18.35 22.9 -4.55 -9.45 0.09 0.11 0.82 1.02 15.44 25.78 -10.34 3.34 0.06 0.1 0.68 1.14 1
22.83 30.95 -8.12 -3.88 0.09 0.12 1 1.36 32.41 26 6.41 1.59 0.13 0.1 1.44 1.16 1
25.11 22.33 2.78 -1.78 0.1 0.09 1.1 0.98 30.47 20.23 10.24 -1.24 0.1 0.07 1.35 0.9 1
12.43 27.93 -15.5 -7.5 0.07 0.17 0.55 1.24 18.21 18.48 -0.27 5.27 0.08 0.08 0.81 0.82 3
22.1 22.04 0.06 -4.06 0.08 0.08 0.93 0.93 27.38 25.02 2.36 1.64 0.09 0.08 1.16 1.06 3
16.06 29.77 -13.71 -3.29 0.07 0.14 0.68 1.26 26.39 22.63 3.76 -1.76 0.09 0.08 1.11 0.95 1
19.22 18.99 0.23 2.77 0.08 0.08 0.81 0.8 26.84 17.72 9.12 7.88 0.09 0.06 1.15 0.76 1
26.06 30.14 -4.08 7.08 0.09 0.1 1.09 1.26 29.82 36.57 -6.75 -3.25 0.09 0.11 1.25 1.54 3
30.77 21.51 9.26 -1.26 0.1 0.07 1.31 0.91 12.81 28.31 -15.5 -8.5 0.07 0.16 0.54 1.2 1
32.76 26.79 5.97 0.03 0.12 0.1 1.39 1.14 28.98 26.53 2.45 2.55 0.09 0.08 1.22 1.12 1
19.27 23.13 -3.86 -9.14 0.09 0.1 0.82 0.99 18.59 18.86 -0.27 6.27 0.07 0.08 0.79 0.8 2
19.97 28.51 -8.54 10.54 0.08 0.11 0.84 1.2 15.67 26.7 -11.03 3.03 0.06 0.1 0.66 1.13 2
36.55 25.08 11.47 3.53 0.12 0.08 1.55 1.06 27.06 19.67 7.39 -4.39 0.09 0.06 1.13 0.82 1
37.12 17.77 19.35 -7.35 0.11 0.05 1.57 0.75 23.62 31.3 -7.68 -2.32 0.09 0.12 0.99 1.31 1
27.27 22.32 4.95 -2.95 0.08 0.07 1.1 0.9 35.85 27.1 8.75 0.25 0.13 0.1 1.46 1.11 3
20.51 20.07 0.44 3.56 0.08 0.08 0.83 0.82 39.69 18.54 21.15 -6.15 0.11 0.05 1.61 0.75 2
22.71 23.78 -1.07 -4.93 0.08 0.08 0.92 0.96 26.33 30.28 -3.95 5.95 0.08 0.1 1.06 1.22 2
17.56 30.35 -12.79 -2.21 0.07 0.13 0.71 1.23 15.85 27 -11.15 3.15 0.06 0.1 0.64 1.1 1
29.29 29.62 -0.33 2.33 0.08 0.08 1.18 1.2 19.64 19.62 0.02 5.98 0.08 0.08 0.8 0.8 1
24.39 33.87 -9.48 -3.52 0.09 0.13 0.98 1.36 31.13 22.39 8.74 0.26 0.1 0.07 1.27 0.91 1
29.96 36.84 -6.88 -2.12 0.09 0.11 1.21 1.49 26.97 24.13 2.84 -2.84 0.09 0.08 1.09 0.97 2
20.27 28.69 -8.42 10.42 0.07 0.1 0.81 1.15 39.2 25.29 13.91 2.09 0.12 0.08 1.59 1.03 3
20.03 24.18 -4.15 -8.85 0.09 0.1 0.82 0.99 27.92 19.01 8.91 7.09 0.09 0.06 1.14 0.78 2
13.69 28.67 -14.98 -10.02 0.08 0.16 0.56 1.17 29.12 25.63 3.49 2.51 0.09 0.08 1.18 1.04 1
20.75 20.94 -0.19 5.19 0.08 0.08 0.81 0.82 27.96 23.79 4.17 -4.17 0.08 0.07 1.08 0.92 3
28.29 19.81 8.48 7.52 0.09 0.06 1.11 0.78 30.61 30.73 -0.12 3.12 0.09 0.09 1.19 1.19 2
32.31 37.43 -5.12 -3.88 0.09 0.11 1.25 1.45 18.92 32.05 -13.13 0.13 0.08 0.13 0.74 1.25 2
29.72 26.99 2.73 2.27 0.09 0.08 1.16 1.05 26.18 34.28 -8.1 -3.9 0.09 0.12 1.01 1.32 1
41.06 25.6 15.46 2.54 0.12 0.07 1.6 1 17.55 28.36 -10.81 0.81 0.06 0.1 0.68 1.1 2
31.54 24.18 7.36 0.64 0.1 0.07 1.23 0.95 21.09 20.33 0.76 3.24 0.08 0.07 0.82 0.79 2
37.32 27.79 9.53 1.47 0.13 0.1 1.46 1.09 20.58 30.55 -9.97 9.97 0.07 0.11 0.79 1.18 3
27.56 26.48 1.08 -1.08 0.09 0.09 1.07 1.02 22.85 24.16 -1.31 -4.69 0.08 0.08 0.89 0.94 2
39.95 19.12 20.83 -5.83 0.11 0.05 1.55 0.74 20.83 24.55 -3.72 -9.28 0.09 0.1 0.82 0.96 1
26.71 30.42 -3.71 5.71 0.08 0.09 1.03 1.18 15.05 29.27 -14.22 -9.78 0.08 0.16 0.59 1.15 2
18.11 30.06 -11.95 1.95 0.06 0.1 0.68 1.12 38.03 29.3 8.73 0.27 0.13 0.1 1.43 1.1 2
31.95 31.33 0.62 2.38 0.09 0.08 1.2 1.17 41.12 19.34 21.78 -5.78 0.11 0.05 1.54 0.72 3
26.59 34.8 -8.21 -4.79 0.09 0.12 0.99 1.29 27.46 30.75 -3.29 5.29 0.08 0.09 1.02 1.14 1
29.28 24.01 5.27 -3.27 0.08 0.07 1.09 0.89 28.89 21.15 7.74 8.26 0.09 0.06 1.09 0.8 1
19.54 34.49 -14.95 1.95 0.08 0.14 0.73 1.29 42.76 26.16 16.6 1.4 0.12 0.07 1.6 0.98 3
23.38 24.23 -0.85 -5.15 0.08 0.08 0.87 0.9 34.75 38.05 -3.3 -5.7 0.09 0.1 1.29 1.41 1
21.42 22.03 -0.61 4.61 0.08 0.08 0.8 0.83 30.24 27.4 2.84 3.16 0.09 0.08 1.13 1.03 3
15.38 30.02 -14.64 -9.36 0.08 0.15 0.58 1.13 27.63 27.01 0.62 -0.62 0.09 0.09 1.03 1 1
22.09 31.26 -9.17 11.17 0.07 0.11 0.82 1.16 20.97 22.26 -1.29 4.29 0.07 0.08 0.79 0.84 2
21.05 25.72 -4.67 -9.33 0.08 0.1 0.79 0.97 33.24 24.51 8.73 -0.73 0.1 0.07 1.25 0.92 2
21.19 22.75 -1.56 4.56 0.07 0.08 0.77 0.82 19.13 30.54 -11.41 1.41 0.06 0.1 0.69 1.1 2
29.34 21.57 7.77 7.23 0.08 0.06 1.07 0.79 22.58 31.48 -8.9 10.9 0.07 0.1 0.81 1.13 1
24.28 24.82 -0.54 -4.46 0.08 0.08 0.87 0.89 20.63 36.18 -15.55 0.55 0.08 0.14 0.74 1.3 1
38.51 30.32 8.19 0.81 0.12 0.1 1.4 1.1 44.45 27.25 17.2 2.8 0.12 0.07 1.6 0.98 3
43.41 19.62 23.79 -5.79 0.11 0.05 1.56 0.71 29.7 24.46 5.24 -2.24 0.08 0.07 1.06 0.88 1
31.42 29.05 2.37 4.63 0.09 0.08 1.13 1.05 21.68 26.02 -4.34 -9.66 0.08 0.1 0.79 0.95 2
29.24 27.4 1.84 -2.84 0.09 0.08 1.05 0.98 27.65 35.14 -7.49 -3.51 0.09 0.12 0.99 1.26 2
27.8 31.81 -4.01 4.01 0.08 0.09 1 1.14 23.07 23.21 -0.14 3.14 0.08 0.08 0.83 0.84 3
35.34 38.95 -3.61 -6.39 0.09 0.1 1.27 1.4 15.77 31.63 -15.86 -7.14 0.08 0.15 0.57 1.15 1
29.9 26.06 3.84 -2.84 0.08 0.07 1.04 0.9 33.54 25.14 8.4 -0.4 0.1 0.07 1.22 0.91 1
20.15 31.05 -10.9 0.9 0.06 0.1 0.7 1.08 30.01 22 8.01 7.99 0.08 0.06 1.06 0.77 3
16.3 35.15 -18.85 -7.15 0.08 0.17 0.57 1.23 26.15 25.67 0.48 -3.48 0.08 0.08 0.91 0.89 3
21.48 38.05 -16.57 -0.43 0.08 0.14 0.75 1.32 38.79 31.2 7.59 0.41 0.12 0.1 1.36 1.09 3
24.39 24.49 -0.1 4.1 0.08 0.08 0.85 0.85 29.91 29.04 0.87 -1.87 0.09 0.09 1.03 1 1
32.23 33.62 -1.39 2.39 0.09 0.09 1.16 1.21 31.8 29.43 2.37 4.63 0.09 0.08 1.11 1.02 2
45.33 27.53 17.8 3.2 0.12 0.07 1.58 0.96 21.7 23.77 -2.07 5.07 0.07 0.08 0.76 0.83 1
22.06 26.4 -4.34 -9.66 0.08 0.1 0.77 0.92 29.08 33.13 -4.05 3.05 0.08 0.09 1.01 1.15 2
29.29 35.81 -6.52 -4.48 0.1 0.12 1.01 1.24 38.86 39.48 -0.62 -6.38 0.09 0.1 1.34 1.37 1
23.01 32.15 -9.14 10.14 0.07 0.1 0.79 1.11 45.01 19.82 25.19 -5.19 0.11 0.05 1.56 0.69 3
22.33 25.2 -2.87 4.87 0.07 0.08 0.75 0.85 39.2 31.58 7.62 1.38 0.12 0.09 1.33 1.07 2
31.08 26.58 4.5 -2.5 0.08 0.07 1.04 0.89 34.22 30.68 3.54 3.46 0.09 0.08 1.15 1.03 1
30.89 22.89 8 9 0.08 0.06 1.05 0.78 46.76 28.16 18.6 3.4 0.12 0.07 1.57 0.94 2
26.83 25.89 0.94 -2.94 0.08 0.08 0.9 0.87 29.83 37.98 -8.15 -1.85 0.09 0.12 0.99 1.27 1
16.52 35.83 -19.31 -7.69 0.07 0.16 0.56 1.21 21.86 38.46 -16.6 -1.4 0.08 0.14 0.73 1.29 2
29.39 34.85 -5.46 4.46 0.08 0.1 0.98 1.16 33.48 36.04 -2.56 3.56 0.09 0.09 1.16 1.25 3
34.06 26.32 7.74 -0.74 0.1 0.07 1.19 0.92 23.55 34.35 -10.8 9.8 0.07 0.1 0.79 1.15 1
41.03 40.02 1.01 -9.01 0.1 0.09 1.37 1.34 25.9 24.57 1.33 3.67 0.08 0.08 0.87 0.83 3
29.99 30.55 -0.56 -1.44 0.09 0.09 1 1.02 23.78 26.71 -2.93 -11.07 0.08 0.09 0.8 0.9 2
47.21 20.36 26.85 -4.85 0.12 0.05 1.58 0.68 21.04 31.93 -10.89 -0.11 0.06 0.1 0.7 1.07 2
31.59 27.36 4.23 -1.23 0.08 0.07 1.02 0.88 31.81 37.31 -5.5 3.5 0.08 0.1 1.03 1.2 1
40.55 31.72 8.83 0.17 0.12 0.09 1.33 1.04 32.3 23.88 8.42 8.58 0.08 0.06 1.06 0.78 2
23.56 41.48 -17.92 -0.08 0.08 0.14 0.76 1.34 22.47 26.55 -4.08 6.08 0.07 0.08 0.73 0.86 2
21.44 34.01 -12.57 1.57 0.06 0.1 0.69 1.1 35.46 26.7 8.76 0.24 0.1 0.07 1.2 0.9 3
35.94 38.46 -2.52 4.52 0.09 0.1 1.21 1.29 30.28 30.71 -0.43 -1.57 0.09 0.09 0.98 0.99 3
23.93 35.75 -11.82 8.82 0.07 0.1 0.77 1.15 35 31.19 3.81 2.19 0.09 0.08 1.14 1.01 2
27.75 24.82 2.93 4.07 0.08 0.07 0.9 0.81 27.64 26.07 1.57 -2.57 0.08 0.08 0.89 0.84 3
47.75 29.57 18.18 3.82 0.12 0.07 1.55 0.96 49.29 20.76 28.53 -6.53 0.12 0.05 1.6 0.67 3
23.94 27 -3.06 -10.94 0.08 0.09 0.78 0.88 41.28 41.87 -0.59 -9.41 0.09 0.1 1.33 1.35 3
30.01 38.79 -8.78 -2.22 0.09 0.12 0.97 1.25 19.54 37.53 -17.99 -9.01 0.08 0.15 0.64 1.22 3
31.6 40.37 -8.77 -4.23 0.09 0.12 0.98 1.26 24.11 42.17 -18.06 0.06 0.08 0.14 0.75 1.32 2
43.82 43.08 0.74 -8.74 0.1 0.09 1.37 1.35 36.57 39.83 -3.26 4.26 0.09 0.1 1.18 1.29 1
32.77 24.71 8.06 8.94 0.08 0.06 1.04 0.78 23.16 27.1 -3.94 5.94 0.07 0.08 0.73 0.85 2
30 27.53 2.47 -1.47 0.09 0.08 0.94 0.86 25.15 29.54 -4.39 -11.61 0.08 0.1 0.8 0.93 3
50.45 22.09 28.36 -3.36 0.11 0.05 1.58 0.69 41.38 32.19 9.19 -0.19 0.11 0.09 1.31 1.02 1
35.51 27.48 8.03 1.97 0.1 0.07 1.16 0.9 49.08 30.73 18.35 0.65 0.12 0.07 1.54 0.96 2
35.37 31.61 3.76 2.24 0.09 0.08 1.11 0.99 22.22 34.06 -11.84 -0.16 0.06 0.1 0.7 1.07 1
21.12 39.12 -18 -7 0.08 0.15 0.67 1.23 29.21 27.18 2.03 2.97 0.08 0.08 0.92 0.86 3
33.24 38.24 -5 2 0.08 0.1 1.04 1.19 24.35 36.12 -11.77 8.77 0.07 0.1 0.76 1.13 1
31.65 31.34 0.31 -1.31 0.09 0.09 0.99 0.98 32.52 28.79 3.73 0.27 0.08 0.07 1.02 0.9 3
23.31 27.44 -4.13 6.13 0.07 0.08 0.71 0.84 51.06 22.59 28.47 -2.47 0.11 0.05 1.55 0.69 3
34.02 30.85 3.17 2.83 0.08 0.07 1.03 0.93 45.09 43.37 1.72 -6.72 0.1 0.09 1.36 1.31 3
22.72 35.01 -12.29 -0.71 0.06 0.1 0.69 1.06 35.63 39.64 -4.01 5.01 0.09 0.1 1.08 1.2 3
26.59 44.17 -17.58 -0.42 0.09 0.14 0.81 1.34 33.11 24.86 8.25 8.75 0.08 0.06 1.02 0.76 1
36.86 41.1 -4.24 2.24 0.09 0.1 1.15 1.29 31.08 28.01 3.07 -3.07 0.09 0.08 0.95 0.85 2
25.75 38.51 -12.76 5.76 0.07 0.1 0.78 1.17 33.71 32.84 0.87 -3.87 0.09 0.09 1.02 0.99 2
49.35 30.82 18.53 0.47 0.11 0.07 1.5 0.94 36.32 32.11 4.21 2.79 0.09 0.08 1.11 0.98 1
25.63 30.62 -4.99 -10.01 0.08 0.1 0.79 0.94 23.36 41.89 -18.53 -7.47 0.09 0.15 0.71 1.28 1
31.98 29.42 2.56 3.44 0.09 0.08 0.97 0.9 33.6 42.85 -9.25 -3.75 0.09 0.12 1.01 1.29 2
41.88 32.8 9.08 -1.08 0.11 0.09 1.28 1 35.6 27.75 7.85 2.15 0.1 0.07 1.13 0.88 1
23.71 44.23 -20.52 -6.48 0.08 0.16 0.7 1.31 37.46 42.94 -5.48 3.48 0.08 0.1 1.14 1.3 1
32.92 28.61 4.31 -4.31 0.09 0.08 0.97 0.84 34.41 31.75 2.66 2.34 0.08 0.07 1.01 0.93 2
37.45 41.96 -4.51 6.51 0.09 0.1 1.1 1.23 50.96 31.4 19.56 0.44 0.11 0.07 1.5 0.93 2
32.64 29.88 2.76 3.24 0.09 0.08 0.96 0.88 27.64 44.39 -16.75 -0.25 0.08 0.13 0.81 1.31 1
51.67 22.96 28.71 -1.71 0.11 0.05 1.52 0.68 33.33 25.91 7.42 8.58 0.08 0.06 0.99 0.77 1
36.9 33.72 3.18 2.82 0.09 0.08 1.09 1 45.02 34.4 10.62 -1.62 0.12 0.09 1.34 1.02 2
37.2 30.89 6.31 2.69 0.1 0.08 1.14 0.95 23.68 28.05 -4.37 5.37 0.07 0.08 0.7 0.83 2
35.11 35.17 -0.06 -2.94 0.09 0.09 1.03 1.03 25.04 36.83 -11.79 -2.21 0.07 0.1 0.73 1.08 2
45.99 43.76 2.23 -6.23 0.09 0.09 1.35 1.28 28.08 39.91 -11.83 4.83 0.07 0.1 0.83 1.17 2
34.06 43.51 -9.45 -3.55 0.09 0.12 1 1.27 27.97 30.97 -3 -11 0.09 0.1 0.83 0.92 2
24.52 29.61 -5.09 6.09 0.07 0.08 0.7 0.85 39.53 35.76 3.77 2.23 0.09 0.08 1.13 1.03 3
35.05 32.41 2.64 2.36 0.08 0.07 1 0.92 26.51 45.75 -19.24 -4.76 0.09 0.16 0.76 1.32 1
33.85 28.82 5.03 8.97 0.08 0.07 0.98 0.83 38.76 31.73 7.03 1.97 0.1 0.08 1.15 0.94 1
28.55 45.59 -17.04 -0.96 0.08 0.13 0.82 1.3 54.58 23.48 31.1 -2.1 0.11 0.05 1.56 0.67 3
26.34 37.86 -11.52 -2.48 0.07 0.1 0.75 1.08 46.88 44.67 2.21 -6.21 0.09 0.09 1.34 1.27 2
28.99 40.8 -11.81 4.81 0.07 0.1 0.83 1.16 33.58 29.25 4.33 -4.33 0.08 0.07 0.96 0.84 1
47.06 37.03 10.03 -1.03 0.12 0.09 1.36 1.07 38.09 44.73 -6.64 8.64 0.09 0.11 1.08 1.27 1
28.83 33.26 -4.43 -9.57 0.09 0.1 0.83 0.96 33.84 30.79 3.05 3.95 0.09 0.08 0.97 0.88 1
38.98 45.74 -6.76 1.76 0.09 0.1 1.15 1.35 36.35 44.37 -8.02 -4.98 0.09 0.11 1.03 1.26 1
53.73 32.04 21.69 -1.69 0.12 0.07 1.54 0.92 36.14 36.47 -0.33 -2.67 0.09 0.09 1.03 1.04 2
