0.72 2.03 -1.31 1.31 0.06 0.17 0.69 1.94 1.93 1.22 0.71 2.29 0.21 0.14 1.91 1.21 2
1.2 1.3 -0.1 -0.9 0.1 0.11 1.13 1.22 1.23 1.21 0.02 0.98 0.14 0.13 1.2 1.18 2
1.08 3.51 -2.43 0.43 0.14 0.44 1.01 3.29 2.19 0.74 1.45 -3.45 0.12 0.04 2.03 0.69 1
2.1 3.52 -1.42 -0.58 0.16 0.27 2.03 3.41 1.63 1.59 0.04 0.96 0.16 0.16 1.56 1.52 3
0.74 2.19 -1.45 3.45 0.09 0.27 0.69 2.03 2.03 0.72 1.31 -1.31 0.17 0.06 1.94 0.69 3
1.14 1.79 -0.65 1.65 0.1 0.15 1.14 1.79 3.52 2.1 1.42 0.58 0.27 0.16 3.41 2.03 2
1.21 1.23 -0.02 -0.98 0.1 0.1 1.18 1.2 3.51 1.08 2.43 -0.43 0.23 0.07 3.29 1.01 3
1.22 1.93 -0.71 -2.29 0.14 0.21 1.21 1.91 1.79 1.14 0.65 -1.65 0.18 0.11 1.79 1.14 2
1.59 1.63 -0.04 -0.96 0.2 0.2 1.52 1.56 1.3 1.2 0.1 0.9 0.16 0.15 1.22 1.13 3
2.56 1.76 0.8 2.2 0.15 0.1 1.27 0.88 1.86 3.6 -1.74 2.74 0.14 0.28 0.87 1.68 1
1.57 2.44 -0.87 1.87 0.1 0.16 0.77 1.2 2.83 3.01 -0.18 1.18 0.09 0.1 1.38 1.46 1
5.45 1.31 4.14 0.86 0.15 0.04 2.64 0.63 3.34 6.04 -2.7 -1.3 0.12 0.21 1.62 2.92 1
3.05 2.62 0.43 -1.43 0.13 0.11 1.52 1.3 4.83 5.07 -0.24 0.24 0.17 0.18 2.22 2.33 1
2.7 3.19 -0.49 -2.51 0.09 0.11 1.34 1.58 1.26 2.66 -1.4 1.4 0.07 0.15 0.62 1.3 1
4.15 2.83 1.32 1.68 0.18 0.12 2 1.36 1.86 3.02 -1.16 4.16 0.14 0.23 0.87 1.42 2
4.74 3.79 0.95 1.05 0.24 0.19 2.27 1.81 3.41 2.19 1.22 -4.22 0.14 0.09 1.62 1.04 1
3.44 1.84 1.6 -0.6 0.14 0.08 1.63 0.87 2.43 1.64 0.79 -1.79 0.08 0.05 1.17 0.79 2
3.75 4.49 -0.74 -3.26 0.13 0.15 1.71 2.05 1.44 3.17 -1.73 -2.27 0.09 0.2 0.71 1.57 2
2.91 4.11 -1.2 -2.8 0.12 0.16 0.94 1.33 5.13 4.83 0.3 -0.3 0.16 0.15 1.69 1.59 2
2.95 2.39 0.56 -1.56 0.07 0.06 0.94 0.77 2.4 5.47 -3.07 2.07 0.07 0.16 0.77 1.75 1
7.04 7.15 -0.11 -0.89 0.16 0.16 2.19 2.23 4.08 2.07 2.01 2.99 0.16 0.08 1.35 0.69 2
3.65 5.32 -1.67 1.67 0.08 0.12 1.17 1.7 4.19 2.36 1.83 -0.83 0.11 0.06 1.33 0.75 3
2.6 5.03 -2.43 5.43 0.11 0.22 0.82 1.59 6.37 5.26 1.11 1.89 0.19 0.15 2.04 1.68 1
6.16 3.57 2.59 0.41 0.17 0.1 1.99 1.15 4.69 5.96 -1.27 -2.73 0.11 0.15 1.44 1.82 3
4.88 3.82 1.06 -5.06 0.12 0.1 1.55 1.21 7.61 2.13 5.48 1.52 0.15 0.04 2.44 0.68 3
4.16 8.2 -4.04 -1.96 0.13 0.26 1.33 2.63 3.88 3.26 0.62 1.38 0.12 0.1 1.25 1.05 1
2.17 5.12 -2.95 1.95 0.12 0.28 0.69 1.63 5.51 4.33 1.18 -3.18 0.13 0.1 1.78 1.4 2
6.04 4.81 1.23 0.77 0.13 0.1 1.44 1.15 6.39 7.36 -0.97 5.97 0.17 0.19 1.53 1.76 1
10.47 2.62 7.85 1.15 0.16 0.04 2.52 0.63 6.1 7.17 -1.07 0.07 0.1 0.12 1.47 1.73 2
3.02 6.98 -3.96 0.96 0.07 0.17 0.72 1.68 9.77 8.42 1.35 -2.35 0.16 0.14 2.31 1.99 3
7.9 7.01 0.89 -2.89 0.15 0.13 1.84 1.63 5.37 6.68 -1.31 -4.69 0.11 0.13 1.29 1.6 1
6.27 6.18 0.09 -0.09 0.13 0.13 1.55 1.53 5.91 8.75 -2.84 -2.16 0.12 0.18 1.43 2.11 3
4.43 5.01 -0.58 1.58 0.1 0.12 1.07 1.22 7.21 6.78 0.43 0.57 0.13 0.13 1.75 1.64 2
5.35 4.8 0.55 4.45 0.16 0.14 1.33 1.19 4.46 3.01 1.45 -0.45 0.08 0.05 1.07 0.72 1
8.7 9.05 -0.35 1.35 0.18 0.18 2.1 2.18 4.09 6.89 -2.8 1.8 0.16 0.27 0.98 1.65 1
7.28 6.25 1.03 -3.03 0.14 0.12 1.77 1.52 4.26 5.25 -0.99 -3.01 0.12 0.15 1.04 1.28 1
7.44 9.29 -1.85 4.85 0.16 0.19 1.42 1.78 12.16 3.6 8.56 0.44 0.15 0.04 2.35 0.7 1
4.6 6.37 -1.77 -4.23 0.08 0.11 0.89 1.23 7.98 7.75 0.23 -1.23 0.12 0.12 1.57 1.52 1
11.81 10.85 0.96 0.04 0.15 0.14 2.23 2.05 10.26 6.75 3.51 -3.51 0.15 0.1 2 1.31 3
6.28 8.53 -2.25 -4.75 0.1 0.13 1.21 1.65 4.83 6.3 -1.47 2.47 0.09 0.12 0.93 1.21 1
4.76 8.23 -3.47 -2.53 0.11 0.18 0.93 1.61 7.97 5.86 2.11 1.89 0.13 0.1 1.52 1.12 1
8.5 7.18 1.32 -0.32 0.13 0.11 1.64 1.38 11.37 10.53 0.84 2.16 0.16 0.15 2.2 2.04 2
7.48 10.46 -2.98 -1.02 0.14 0.2 1.44 2.02 8.71 4.94 3.77 8.23 0.16 0.09 1.73 0.98 3
5.57 9.56 -3.99 0.99 0.15 0.26 1.07 1.84 5.45 9.02 -3.57 -1.43 0.1 0.16 1.04 1.73 1
7.08 8.86 -1.78 0.78 0.1 0.12 1.37 1.71 9.75 7.92 1.83 -2.83 0.15 0.12 1.84 1.5 1
9.23 8.2 1.03 1.97 0.12 0.11 1.47 1.31 9.16 8.12 1.04 -0.04 0.13 0.11 1.47 1.3 1
5.77 7.59 -1.82 1.82 0.08 0.11 0.93 1.22 9.24 11.07 -1.83 6.83 0.17 0.21 1.47 1.76 2
12.25 6.4 5.85 8.15 0.18 0.09 2.02 1.05 10.27 10.7 -0.43 2.43 0.11 0.12 1.66 1.73 1
9 9.79 -0.79 -3.21 0.12 0.13 1.48 1.6 7.57 9.47 -1.9 -4.1 0.1 0.12 1.22 1.53 3
5.98 11.6 -5.62 -2.38 0.1 0.2 0.96 1.86 7.1 9.49 -2.39 -2.61 0.12 0.16 1.16 1.54 1
13.94 5.4 8.54 -1.54 0.14 0.05 2.24 0.87 12.31 11.19 1.12 1.88 0.16 0.14 1.98 1.8 3
11.59 11.11 0.48 -4.48 0.15 0.14 1.84 1.76 8.94 14 -5.06 -0.94 0.14 0.22 1.43 2.25 2
13.9 12.57 1.33 -1.33 0.15 0.14 2.19 1.98 8.15 10.09 -1.94 1.94 0.16 0.2 1.31 1.63 3
11.98 8.84 3.14 -2.14 0.14 0.1 1.94 1.43 6.64 7.39 -0.75 -2.25 0.1 0.11 1.07 1.2 1
8.76 11.28 -2.52 3.52 0.16 0.21 1.21 1.56 9.83 11.73 -1.9 -4.1 0.12 0.14 1.38 1.64 1
6.9 10.63 -3.73 -5.27 0.1 0.15 0.96 1.48 15.09 13.18 1.91 -2.91 0.14 0.12 2.05 1.79 3
9.39 14.25 -4.86 -1.14 0.12 0.18 1.29 1.96 7.1 12.36 -5.26 -0.74 0.1 0.17 0.97 1.7 2
11.88 12.79 -0.91 1.91 0.12 0.13 1.64 1.76 15.22 9.1 6.12 0.88 0.15 0.09 2.12 1.27 2
7.86 10.61 -2.75 -4.25 0.12 0.16 1.09 1.47 14.34 8.01 6.33 8.67 0.16 0.09 2.01 1.12 3
9.37 9.11 0.26 -1.26 0.11 0.11 1.29 1.25 15.13 5.98 9.15 -5.15 0.13 0.05 2.09 0.83 3
9.51 10.3 -0.79 -3.21 0.1 0.11 1.31 1.42 10.22 8.41 1.81 3.19 0.12 0.1 1.4 1.15 3
10.05 12.25 -2.2 7.2 0.16 0.19 1.38 1.68 11.84 11.56 0.28 -4.28 0.14 0.14 1.62 1.58 2
12.89 12.38 0.51 5.49 0.15 0.14 1.79 1.72 6.95 8.4 -1.45 1.45 0.08 0.09 0.96 1.16 1
12.14 12.73 -0.59 -3.41 0.13 0.14 1.45 1.53 15.55 13.24 2.31 7.69 0.15 0.13 1.89 1.61 1
7.81 11.06 -3.25 -0.75 0.08 0.11 0.95 1.34 18.07 6.89 11.18 -5.18 0.14 0.05 2.19 0.83 3
15.36 8.93 6.43 12.57 0.15 0.09 1.89 1.1 11.22 12.55 -1.33 6.33 0.15 0.16 1.35 1.51 2
10.58 15.7 -5.12 -6.88 0.12 0.17 1.3 1.93 10.28 12.05 -1.77 -1.23 0.11 0.13 1.24 1.45 3
7.63 14.78 -7.15 1.15 0.09 0.18 0.91 1.77 12.13 13.64 -1.51 2.51 0.11 0.13 1.45 1.63 3
17.53 14.48 3.05 -2.05 0.14 0.11 2.07 1.71 8.78 11.63 -2.85 -8.15 0.11 0.15 1.07 1.42 1
8.2 13.07 -4.87 -6.13 0.11 0.17 0.99 1.58 12.73 12.03 0.7 6.3 0.17 0.16 1.54 1.46 2
16.07 9.35 6.72 0.28 0.14 0.08 1.94 1.13 10.69 10.76 -0.07 -5.93 0.1 0.1 1.3 1.31 2
10.68 9.59 1.09 5.91 0.11 0.1 1.29 1.16 11.81 14.78 -2.97 -3.03 0.12 0.15 1.42 1.78 3
9.14 14.98 -5.84 -9.16 0.11 0.17 0.99 1.63 13.59 13.19 0.4 6.6 0.17 0.16 1.47 1.42 3
15.24 17.06 -1.82 -0.18 0.13 0.15 1.64 1.83 20.88 14.84 6.04 -1.04 0.14 0.1 2.2 1.57 3
19.81 7.37 12.44 -5.44 0.14 0.05 2.13 0.79 13.59 13.88 -0.29 -1.71 0.13 0.13 1.45 1.48 2
13.87 14.72 -0.85 2.85 0.12 0.13 1.48 1.57 9.36 13.93 -4.57 -6.43 0.11 0.16 1.01 1.5 2
11.5 11.43 0.07 -6.07 0.11 0.1 1.24 1.23 8.71 16.52 -7.81 0.81 0.09 0.17 0.93 1.76 1
11.91 12.47 -0.56 0.56 0.11 0.12 1.28 1.34 19.45 10.62 8.83 10.17 0.17 0.09 2.12 1.16 3
12.91 16.64 -3.73 8.73 0.15 0.19 1.38 1.78 16.74 10.16 6.58 0.42 0.13 0.08 1.8 1.09 3
16.7 14.69 2.01 5.99 0.15 0.13 1.8 1.58 11 17.33 -6.33 -8.67 0.11 0.18 1.2 1.9 1
8.29 12.8 -4.51 -0.49 0.08 0.12 0.89 1.38 12.96 13.02 -0.06 3.06 0.12 0.12 1.39 1.4 1
9.99 19.23 -9.24 0.24 0.09 0.17 0.96 1.85 12.42 14.24 -1.82 0.82 0.11 0.12 1.21 1.38 1
10.69 15.81 -5.12 -5.88 0.11 0.16 1.04 1.53 10.48 18.43 -7.95 -10.05 0.11 0.19 1.02 1.8 3
22.88 16.63 6.25 1.75 0.14 0.1 2.18 1.59 15.75 16.05 -0.3 2.3 0.12 0.12 1.51 1.54 1
11.6 20.48 -8.88 -9.12 0.11 0.19 1.14 2.02 14.65 20.71 -6.06 8.06 0.15 0.21 1.42 2 1
14.04 16.06 -2.02 0.02 0.12 0.14 1.34 1.54 9.01 13.85 -4.84 0.84 0.07 0.11 0.87 1.34 3
14.01 13.74 0.27 1.73 0.11 0.11 1.36 1.33 19.85 15.29 4.56 6.44 0.15 0.12 1.93 1.49 3
21.22 11.13 10.09 9.91 0.16 0.09 2.09 1.1 21.99 7.82 14.17 -7.17 0.13 0.05 2.12 0.75 1
20.81 11.9 8.91 1.09 0.13 0.08 2.02 1.15 17.03 19.06 -2.03 -2.97 0.13 0.14 1.65 1.85 1
17.04 14.53 2.51 7.49 0.18 0.15 1.66 1.41 14.21 12.71 1.5 -5.5 0.11 0.1 1.38 1.23 1
17.4 21 -3.6 -4.4 0.13 0.15 1.54 1.86 11.61 18.78 -7.17 -8.83 0.11 0.17 1.03 1.67 1
9.58 15.67 -6.09 4.09 0.07 0.12 0.85 1.39 23.33 13.68 9.65 11.35 0.17 0.1 2.09 1.23 3
16.96 18.57 -1.61 2.61 0.11 0.12 1.48 1.62 18.78 14.86 3.92 9.08 0.18 0.14 1.66 1.32 3
24.54 9.93 14.61 -8.61 0.14 0.06 2.16 0.87 14.62 21.28 -6.66 -8.34 0.11 0.16 1.31 1.9 2
15.45 23.73 -8.28 7.28 0.14 0.22 1.36 2.09 25.4 17.84 7.56 1.44 0.14 0.1 2.2 1.55 2
14.95 16.27 -1.32 -0.68 0.11 0.12 1.32 1.43 22.75 12.27 10.48 2.52 0.14 0.07 2.01 1.08 1
14.54 14.45 0.09 -7.09 0.11 0.11 1.29 1.28 11.04 16.94 -5.9 -7.1 0.1 0.16 0.98 1.5 1
15.86 16.63 -0.77 -3.23 0.12 0.13 1.38 1.45 15.48 15.41 0.07 -0.07 0.11 0.11 1.37 1.36 2
21.52 16.76 4.76 8.24 0.15 0.12 1.9 1.48 12.02 21.76 -9.74 1.74 0.1 0.17 1.05 1.9 1
16.16 23.55 -7.39 -7.61 0.12 0.17 1.32 1.93 10.63 17.54 -6.91 3.91 0.07 0.12 0.86 1.42 3
25.2 14.73 10.47 11.53 0.17 0.1 2.06 1.21 18.26 18.83 -0.57 -3.43 0.12 0.13 1.46 1.5 1
12.62 23.77 -11.15 0.15 0.1 0.18 1.01 1.91 18.93 25.27 -6.34 5.34 0.15 0.2 1.53 2.04 3
12.25 21.43 -9.18 -8.82 0.1 0.18 1 1.75 18.83 22.33 -3.5 2.5 0.11 0.13 1.5 1.78 1
17.68 17.81 -0.13 0.13 0.11 0.11 1.43 1.44 26.81 11.47 15.34 -9.34 0.14 0.06 2.16 0.93 3
26.94 21.32 5.62 3.38 0.14 0.11 2.15 1.7 18.03 17.7 0.33 -4.33 0.12 0.12 1.46 1.43 2
23.54 13.73 9.81 2.19 0.13 0.08 1.91 1.11 23.53 17.36 6.17 9.83 0.15 0.11 1.91 1.41 1
22.54 16.73 5.81 9.19 0.19 0.14 1.83 1.36 16.41 17.06 -0.65 -0.35 0.12 0.12 1.33 1.38 3
14.29 20.43 -6.14 -9.86 0.12 0.17 1.15 1.65 20.05 21.64 -1.59 -4.41 0.13 0.14 1.62 1.75 2
18.37 20.79 -2.42 1.42 0.11 0.12 1.37 1.55 17.35 24.26 -6.91 -9.09 0.11 0.16 1.31 1.83 1
21.19 21.98 -0.79 -5.21 0.12 0.13 1.59 1.65 20.03 23.07 -3.04 1.04 0.1 0.12 1.48 1.7 1
29.79 12.16 17.63 -10.63 0.14 0.06 2.22 0.91 14.63 21.57 -6.94 -9.06 0.11 0.17 1.09 1.61 1
20.39 19.34 1.05 -5.05 0.13 0.12 1.52 1.44 27.64 14.83 12.81 11.19 0.17 0.09 2.09 1.12 3
18.36 21.27 -2.91 -3.09 0.12 0.14 1.36 1.57 25.97 14.26 11.71 2.29 0.14 0.08 1.95 1.07 1
17.71 18.62 -0.91 0.91 0.12 0.12 1.32 1.39 28.58 23.68 4.9 4.1 0.14 0.11 2.1 1.74 2
20.88 25.95 -5.07 6.07 0.15 0.18 1.56 1.93 24.1 18.03 6.07 7.93 0.18 0.14 1.8 1.34 1
11.34 18.73 -7.39 5.39 0.07 0.12 0.84 1.39 13.3 25.72 -12.42 -0.58 0.09 0.18 0.98 1.9 2
24.06 19.79 4.27 9.73 0.14 0.12 1.81 1.49 12.99 22.63 -9.64 -7.36 0.1 0.17 0.98 1.7 1
14.92 25.86 -10.94 -8.06 0.11 0.19 1.04 1.8 18.43 19.86 -1.43 1.43 0.12 0.12 1.27 1.37 3
20.79 25.57 -4.78 1.78 0.1 0.13 1.43 1.75 21.81 21.09 0.72 -5.72 0.13 0.13 1.51 1.46 2
18.72 27.34 -8.62 -9.38 0.11 0.17 1.31 1.91 20.66 22.46 -1.8 -1.2 0.13 0.14 1.42 1.54 1
14.91 27.82 -12.91 -0.09 0.1 0.18 1.02 1.9 34.08 12.45 21.63 -11.63 0.15 0.06 2.36 0.86 3
29.82 24.4 5.42 3.58 0.13 0.11 2.04 1.67 26.41 20.67 5.74 11.26 0.14 0.11 1.84 1.44 2
13.87 24.98 -11.11 -8.89 0.1 0.18 0.97 1.75 21.44 27.22 -5.78 7.78 0.15 0.19 1.48 1.88 1
29.39 16.25 13.14 11.86 0.17 0.1 2.06 1.14 21.45 22.16 -0.71 1.71 0.11 0.12 1.48 1.53 1
27.16 16.56 10.6 0.4 0.13 0.08 1.89 1.15 13.44 20.34 -6.9 4.9 0.07 0.11 0.92 1.4 1
25.37 18.59 6.78 6.22 0.17 0.13 1.76 1.29 23.69 22.74 0.95 -5.95 0.12 0.12 1.65 1.58 1
26.97 23.3 3.67 13.33 0.14 0.12 1.76 1.52 15.4 26.74 -11.34 -9.66 0.11 0.19 1 1.74 1
20.83 27.96 -7.13 -8.87 0.11 0.15 1.36 1.82 31.72 16.65 15.07 10.93 0.17 0.09 2.08 1.09 1
22.76 28.14 -5.38 6.38 0.14 0.18 1.47 1.82 22.3 26.03 -3.73 0.73 0.1 0.12 1.43 1.67 2
19.31 20.34 -1.03 3.03 0.11 0.12 1.25 1.31 14.79 26.3 -11.51 -7.49 0.1 0.18 0.97 1.72 1
22.27 22.6 -0.33 -4.67 0.12 0.13 1.44 1.46 25.07 26.29 -1.22 -4.78 0.12 0.13 1.62 1.7 3
14.49 23.01 -8.52 3.52 0.07 0.12 0.93 1.48 28.92 19.97 8.95 5.05 0.18 0.12 1.86 1.29 2
37.26 12.76 24.5 -10.5 0.14 0.05 2.42 0.83 29.83 17.61 12.22 1.78 0.14 0.08 1.94 1.15 1
21.28 24.57 -3.29 -1.71 0.12 0.14 1.37 1.58 15.22 31 -15.78 -1.22 0.1 0.2 0.97 1.98 2
21.85 24.49 -2.64 2.64 0.11 0.12 1.41 1.58 32.45 24.96 7.49 1.51 0.13 0.1 2.07 1.59 2
32.49 17.72 14.77 10.23 0.17 0.09 2 1.09 29.96 23.97 5.99 13.01 0.15 0.12 1.83 1.46 1
16.07 29.73 -13.66 -9.34 0.11 0.2 0.98 1.81 23.17 26.47 -3.3 -1.7 0.13 0.14 1.39 1.59 3
25.75 28.07 -2.32 -2.68 0.12 0.13 1.56 1.7 24.03 28.47 -4.44 5.44 0.13 0.16 1.46 1.72 1
17.12 32.89 -15.77 -1.23 0.1 0.19 1.03 1.97 21.9 28.73 -6.83 -8.17 0.11 0.15 1.34 1.76 3
30.76 20.2 10.56 2.44 0.14 0.09 1.88 1.24 24.49 26.83 -2.34 2.34 0.11 0.12 1.48 1.62 1
15.15 27.36 -12.21 -8.79 0.1 0.18 0.93 1.68 24.05 23.28 0.77 -6.77 0.12 0.12 1.46 1.41 3
30.55 21.39 9.16 4.84 0.17 0.12 1.85 1.29 39.85 13.69 26.16 -11.16 0.15 0.05 2.43 0.83 3
22.63 27.3 -4.67 1.67 0.1 0.12 1.36 1.64 20.37 20.7 -0.33 4.33 0.11 0.11 1.23 1.25 3
34.79 27.6 7.19 1.81 0.13 0.1 2.08 1.65 15.91 24.64 -8.73 3.73 0.08 0.12 0.96 1.49 2
37.71 28.56 9.15 -0.15 0.13 0.1 2.12 1.61 41.7 14.1 27.6 -9.6 0.15 0.05 2.39 0.81 3
28.02 29.68 -1.66 -1.34 0.12 0.13 1.6 1.69 30.82 25.43 5.39 12.61 0.15 0.12 1.77 1.46 3
30.96 23.24 7.72 3.28 0.17 0.13 1.77 1.33 23.57 27.24 -3.67 -0.33 0.12 0.14 1.34 1.54 1
23.22 29.82 -6.6 2.6 0.1 0.13 1.32 1.69 23.31 29.31 -6 -8 0.11 0.14 1.34 1.69 3
17.7 34.3 -16.6 -1.4 0.09 0.18 1 1.93 26.49 28.74 -2.25 1.25 0.11 0.12 1.51 1.64 3
16.42 28.75 -12.33 -10.67 0.1 0.17 0.94 1.65 16.87 27.56 -10.69 5.69 0.08 0.12 0.96 1.56 3
32.67 22.2 10.47 3.53 0.14 0.09 1.88 1.28 33.95 18.58 15.37 10.63 0.17 0.09 1.97 1.08 3
16.84 30.13 -13.29 -10.71 0.11 0.19 0.97 1.73 25.64 30.74 -5.1 4.1 0.13 0.16 1.46 1.75 3
25.44 24.55 0.89 -4.89 0.12 0.12 1.45 1.4 22.89 21.29 1.6 3.4 0.12 0.11 1.31 1.22 1
26.64 31.73 -5.09 6.09 0.13 0.15 1.43 1.71 27.41 25.98 1.43 -4.43 0.12 0.12 1.47 1.39 2
17.73 29.95 -12.22 8.22 0.08 0.13 0.95 1.61 17.83 31.13 -13.3 -12.7 0.1 0.18 0.97 1.69 1
34.46 19.07 15.39 11.61 0.16 0.09 1.88 1.04 17.89 36.48 -18.59 -0.41 0.09 0.18 0.95 1.94 1
31.18 26.89 4.29 14.71 0.14 0.12 1.69 1.46 23.59 30.81 -7.22 2.22 0.1 0.12 1.26 1.65 1
25 29.25 -4.25 -1.75 0.12 0.14 1.34 1.56 38.48 30.66 7.82 -0.82 0.13 0.1 2.05 1.63 3
24.32 23.26 1.06 2.94 0.12 0.11 1.31 1.25 29.48 30.04 -0.56 -3.44 0.12 0.12 1.59 1.62 3
28.67 28.93 -0.26 0.26 0.11 0.11 1.54 1.56 32.97 24.67 8.3 4.7 0.17 0.13 1.77 1.33 2
43.8 14.87 28.93 -8.93 0.15 0.05 2.37 0.81 18.81 29.61 -10.8 -13.2 0.1 0.15 1.02 1.6 1
24.3 29.68 -5.38 -7.62 0.11 0.14 1.32 1.61 33.16 22.71 10.45 2.55 0.13 0.09 1.8 1.23 3
18.26 38.58 -20.32 -2.68 0.09 0.19 0.92 1.95 34.6 22.92 11.68 5.32 0.13 0.09 1.78 1.18 3
18.19 33.71 -15.52 -11.48 0.1 0.19 0.94 1.74 31.07 30.24 0.83 -0.83 0.11 0.11 1.59 1.54 2
32.68 30.78 1.9 -2.9 0.12 0.11 1.67 1.57 47.02 15.38 31.64 -8.64 0.15 0.05 2.42 0.79 1
34.28 27.07 7.21 5.79 0.17 0.14 1.75 1.38 36.56 19.44 17.12 13.88 0.16 0.09 1.89 1.01 2
27.43 32.37 -4.94 5.94 0.13 0.15 1.4 1.65 25.06 26.46 -1.4 2.4 0.12 0.12 1.28 1.35 3
41 32.56 8.44 0.56 0.13 0.1 2.07 1.64 24.51 31.12 -6.61 -10.39 0.11 0.14 1.26 1.61 2
28.05 26.77 1.28 -4.28 0.12 0.11 1.42 1.36 33.56 27.14 6.42 14.58 0.15 0.12 1.72 1.39 3
23.84 33.19 -9.35 2.35 0.09 0.13 1.21 1.68 20.31 30.31 -10 7 0.08 0.12 1.03 1.54 1
19.32 32.83 -13.51 -13.49 0.1 0.16 0.99 1.69 26.9 31.77 -4.87 -3.13 0.12 0.14 1.36 1.61 2
20.44 33.79 -13.35 7.35 0.08 0.13 0.99 1.63 34.11 32.02 2.09 -1.09 0.12 0.11 1.65 1.55 3
38.25 20.48 17.77 13.23 0.16 0.08 1.88 1.01 42.2 33.12 9.08 -0.08 0.13 0.1 2.03 1.59 2
34.83 27.48 7.35 15.65 0.14 0.11 1.7 1.34 28.55 33.25 -4.7 4.7 0.13 0.15 1.39 1.61 3
37.21 23.02 14.19 5.81 0.13 0.08 1.82 1.13 35.32 28.76 6.56 6.44 0.17 0.14 1.71 1.39 2
29.05 32.53 -3.48 -4.52 0.12 0.13 1.4 1.57 25.94 27.58 -1.64 3.64 0.12 0.12 1.26 1.34 2
18.36 41.19 -22.83 -3.17 0.09 0.19 0.88 1.98 19.08 34.62 -15.54 -11.46 0.1 0.18 0.93 1.69 1
48.26 16.81 31.45 -10.45 0.15 0.05 2.35 0.82 28.39 28.04 0.35 -5.35 0.12 0.11 1.37 1.35 1
31.98 31.13 0.85 -0.85 0.11 0.11 1.55 1.51 27.32 33.32 -6 2 0.1 0.13 1.32 1.61 1
25.07 32.32 -7.25 -9.75 0.11 0.14 1.23 1.58 20.08 34.98 -14.9 -12.1 0.09 0.16 0.98 1.71 1
28.13 34.69 -6.56 -1.44 0.1 0.13 1.29 1.59 50.37 17.54 32.83 -9.83 0.14 0.05 2.34 0.81 3
27.76 28.68 -0.92 2.92 0.12 0.12 1.28 1.32 21.99 37.06 -15.07 5.07 0.08 0.14 1.01 1.71 1
43.78 36.12 7.66 1.34 0.13 0.11 2.01 1.65 19.86 41.89 -22.03 -1.97 0.09 0.18 0.91 1.91 1
21.01 36.33 -15.32 -14.68 0.09 0.16 0.98 1.69 38.67 23.23 15.44 4.56 0.13 0.08 1.81 1.08 3
29.12 30.15 -1.03 -5.97 0.12 0.12 1.34 1.39 30.15 34.35 -4.2 -3.8 0.12 0.13 1.38 1.57 2
30.22 34.27 -4.05 7.05 0.13 0.15 1.4 1.58 33.35 31.94 1.41 2.59 0.11 0.11 1.54 1.48 2
35.53 30.22 5.31 7.69 0.16 0.14 1.64 1.4 35.85 29.15 6.7 13.3 0.14 0.11 1.67 1.36 2
37.38 33.57 3.81 1.19 0.12 0.11 1.72 1.55 26.42 33.25 -6.83 -7.17 0.11 0.13 1.23 1.55 1
19.78 36.12 -16.34 -12.66 0.1 0.18 0.92 1.68 41.25 22.06 19.19 11.81 0.16 0.09 1.93 1.03 2
33.64 32.91 0.73 3.27 0.11 0.11 1.48 1.45 22.23 37.76 -15.53 -16.47 0.09 0.16 0.98 1.67 2
22.28 39.49 -17.21 4.21 0.08 0.14 0.98 1.74 29.74 31.17 -1.43 -5.57 0.11 0.12 1.31 1.37 1
37.03 29.99 7.04 12.96 0.14 0.11 1.64 1.33 30.19 28.97 1.22 3.78 0.12 0.11 1.33 1.27 3
52.39 17.96 34.43 -10.43 0.14 0.05 2.32 0.8 31.19 34.56 -3.37 6.37 0.13 0.14 1.37 1.52 1
26.58 35.65 -9.07 -6.93 0.11 0.14 1.18 1.59 20.14 37.75 -17.61 -11.39 0.1 0.18 0.89 1.67 1
31.17 34.97 -3.8 -4.2 0.12 0.13 1.36 1.53 28.55 36.71 -8.16 -0.84 0.1 0.13 1.25 1.61 1
20.12 44.9 -24.78 -2.22 0.09 0.19 0.88 1.96 36.37 31.4 4.97 8.03 0.16 0.14 1.6 1.38 3
42.88 22.42 20.46 10.54 0.16 0.08 1.91 1 39.78 33.73 6.05 0.95 0.13 0.11 1.75 1.49 1
40.1 24.45 15.65 6.35 0.13 0.08 1.78 1.09 46.79 36.38 10.41 1.59 0.13 0.1 2.05 1.59 2
29.86 39.52 -9.66 -3.34 0.1 0.13 1.25 1.66 44.34 23.8 20.54 11.46 0.16 0.08 1.89 1.01 1
20.31 39.2 -18.89 -11.11 0.1 0.19 0.86 1.66 41.24 25.86 15.38 6.62 0.13 0.08 1.75 1.1 3
41.16 35.19 5.97 0.03 0.13 0.11 1.73 1.48 33.98 36.28 -2.3 -1.7 0.12 0.13 1.42 1.52 1
38.28 31.76 6.52 9.48 0.16 0.13 1.62 1.34 48.2 37.52 10.68 1.32 0.13 0.1 2.02 1.57 1
30.35 33.65 -3.3 -6.7 0.11 0.12 1.27 1.41 28.03 35.82 -7.79 -7.21 0.11 0.13 1.19 1.53 3
31.37 36.22 -4.85 6.85 0.12 0.14 1.32 1.53 24.76 40.1 -15.34 5.34 0.08 0.13 1.04 1.69 1
38.73 30.72 8.01 8.99 0.14 0.11 1.64 1.3 54.05 18.14 35.91 -10.91 0.14 0.05 2.29 0.77 3
23.06 39.08 -16.02 -15.98 0.09 0.16 0.98 1.66 20.48 46.81 -26.33 -3.67 0.08 0.19 0.86 1.96 1
30.92 30.67 0.25 7.75 0.12 0.12 1.3 1.29 34.96 33.74 1.22 2.78 0.11 0.11 1.48 1.42 2
36.38 35.06 1.32 2.68 0.11 0.11 1.47 1.42 30.6 35.53 -4.93 -9.07 0.11 0.13 1.23 1.43 1
60.55 18.7 41.85 -12.85 0.15 0.05 2.46 0.76 32.24 32.09 0.15 7.85 0.12 0.12 1.3 1.29 1
46.56 24.04 22.52 8.48 0.15 0.08 1.9 0.98 24.85 39.55 -14.7 -13.3 0.09 0.15 1.01 1.61 1
41.98 26.9 15.08 7.92 0.13 0.08 1.71 1.1 30.1 41.74 -11.64 -0.36 0.1 0.14 1.21 1.68 2
34.21 38.12 -3.91 -2.09 0.12 0.13 1.38 1.53 33.07 37.13 -4.06 7.06 0.13 0.14 1.34 1.5 1
25.67 41.8 -16.13 5.13 0.08 0.13 1.03 1.68 39.29 37.22 2.07 10.93 0.13 0.13 1.6 1.51 3
49.84 39.91 9.93 1.07 0.13 0.1 2 1.6 21.35 39.94 -18.59 -12.41 0.1 0.18 0.87 1.62 1
20.95 48.6 -27.65 -6.35 0.09 0.2 0.84 1.95 43 35.42 7.58 0.42 0.13 0.1 1.74 1.43 3
29.91 36.07 -6.16 -4.84 0.11 0.13 1.22 1.47 40.67 33.4 7.27 9.73 0.16 0.13 1.64 1.35 3
40.31 37.46 2.85 11.15 0.13 0.12 1.57 1.46 35.46 39.41 -3.95 -1.05 0.12 0.13 1.37 1.52 2
30.3 42.75 -12.45 0.45 0.1 0.14 1.17 1.65 22.04 50.69 -28.65 -6.35 0.09 0.2 0.85 1.95 1
31.51 37.77 -6.26 -9.74 0.11 0.13 1.22 1.46 42.99 27.1 15.89 7.11 0.13 0.08 1.68 1.06 3
25.41 41.5 -16.09 -13.91 0.09 0.15 0.99 1.62 51.82 40.28 11.54 0.46 0.13 0.1 1.99 1.55 2
32.35 36.27 -3.92 5.92 0.12 0.13 1.25 1.41 30.28 38.62 -8.34 -5.66 0.11 0.14 1.19 1.51 1
34.36 38.38 -4.02 6.02 0.12 0.14 1.33 1.49 48.51 24.6 23.91 9.09 0.15 0.08 1.9 0.96 3
45.09 36.51 8.58 0.42 0.13 0.1 1.75 1.42 38.62 35.97 2.65 3.35 0.11 0.11 1.5 1.4 3
43.22 33.77 9.45 10.55 0.16 0.13 1.68 1.31 21.72 41.92 -20.2 -11.8 0.1 0.18 0.85 1.63 1
64.73 18.81 45.92 -10.92 0.16 0.05 2.53 0.73 25.91 42.82 -16.91 4.91 0.08 0.13 1 1.66 1
54.48 41.07 13.41 -1.41 0.13 0.1 2.02 1.52 45.98 38.2 7.78 -0.78 0.12 0.1 1.71 1.42 1
22.45 44.54 -22.09 -10.91 0.1 0.19 0.84 1.67 32.06 44.04 -11.98 1.98 0.1 0.13 1.19 1.63 1
35.75 40.66 -4.91 -0.09 0.11 0.13 1.33 1.51 68.16 18.93 49.23 -8.23 0.16 0.04 2.56 0.71 2
51.72 26.66 25.06 8.94 0.15 0.08 1.94 1 38.11 37.71 0.4 4.6 0.13 0.13 1.42 1.4 1
40.31 36.86 3.45 4.55 0.11 0.1 1.5 1.37 26.03 46.25 -20.22 2.22 0.08 0.14 0.97 1.72 1
31.72 44.38 -12.66 -4.34 0.11 0.15 1.19 1.67 41.56 37.75 3.81 10.19 0.13 0.12 1.56 1.42 1
44.34 28.1 16.24 7.76 0.13 0.08 1.67 1.06 36.42 41.59 -5.17 6.17 0.13 0.15 1.36 1.55 1
23.33 52.45 -29.12 -7.88 0.09 0.19 0.86 1.94 32.51 39.12 -6.61 -10.39 0.11 0.13 1.21 1.45 3
45.84 34.5 11.34 9.66 0.16 0.12 1.71 1.29 26.2 44.16 -17.96 -12.04 0.09 0.16 0.98 1.66 1
26.59 48.63 -22.04 2.04 0.08 0.14 0.95 1.75 36.28 43.48 -7.2 2.2 0.11 0.13 1.3 1.56 1
47.18 40.02 7.16 -3.16 0.12 0.1 1.69 1.44 48.34 29.37 18.97 10.03 0.13 0.08 1.75 1.06 3
32.99 40.24 -7.25 -8.75 0.1 0.13 1.18 1.44 47.07 35.07 12 12 0.16 0.12 1.69 1.26 3
37.69 45.59 -7.9 3.9 0.13 0.16 1.35 1.64 33.41 45.59 -12.18 -2.82 0.11 0.15 1.21 1.65 3
26.77 45.39 -18.62 -14.38 0.09 0.16 0.97 1.64 23.88 45.53 -21.65 -8.35 0.1 0.19 0.86 1.64 2
38.28 39.06 -0.78 3.78 0.13 0.13 1.37 1.4 24.45 52.93 -28.48 -9.52 0.09 0.19 0.87 1.89 1
70.98 19.46 51.52 -10.52 0.15 0.04 2.57 0.7 53.07 26.83 26.24 9.76 0.15 0.08 1.92 0.97 1
33.05 45.47 -12.42 -0.58 0.1 0.13 1.18 1.63 56.3 42.27 14.03 0.97 0.13 0.1 2.01 1.51 3
42.77 39.44 3.33 8.67 0.13 0.12 1.55 1.42 42.69 37.42 5.27 4.73 0.12 0.1 1.53 1.35 2
26.29 46.95 -20.66 -9.34 0.1 0.18 0.91 1.63 34.05 42.79 -8.74 -8.26 0.11 0.13 1.17 1.48 2
43.5 39.5 4 6 0.12 0.11 1.51 1.37 37.35 46.17 -8.82 -1.18 0.11 0.13 1.29 1.59 1
25.66 54.74 -29.08 -10.92 0.09 0.19 0.88 1.89 44.85 40.25 4.6 7.4 0.13 0.12 1.56 1.4 3
50.21 31.19 19.02 11.98 0.13 0.08 1.75 1.09 40.09 40.27 -0.18 5.18 0.13 0.13 1.39 1.39 1
28.19 47.8 -19.61 -13.39 0.09 0.16 0.98 1.67 49 41.89 7.11 -5.11 0.12 0.11 1.7 1.45 3
53.31 31.11 22.2 8.8 0.15 0.09 1.86 1.09 29.28 49.7 -20.42 5.42 0.08 0.14 1.01 1.72 1
60.65 42.52 18.13 0.87 0.14 0.1 2.09 1.46 40.21 48.38 -8.17 3.17 0.13 0.16 1.39 1.68 1
36.2 48.11 -11.91 -2.09 0.11 0.15 1.27 1.68 75.26 19.7 55.56 -9.56 0.16 0.04 2.63 0.69 3
49.62 36.13 13.49 11.51 0.16 0.12 1.72 1.25 33.3 49.82 -16.52 -0.48 0.09 0.14 1.15 1.72 3
32.34 52.75 -20.41 4.41 0.09 0.14 1.08 1.76 37.16 52.7 -15.54 -1.46 0.11 0.16 1.25 1.78 1
51 42.26 8.74 -5.74 0.12 0.1 1.71 1.41 28.38 48.13 -19.75 -10.25 0.1 0.17 0.95 1.61 1
35.62 52.57 -16.95 1.95 0.1 0.14 1.18 1.75 28.56 49.8 -21.24 -12.76 0.09 0.16 0.96 1.67 1
79.85 20.66 59.19 -10.19 0.16 0.04 2.69 0.7 45.47 40.19 5.28 5.72 0.12 0.1 1.52 1.35 1
46.45 41.21 5.24 7.76 0.13 0.12 1.56 1.39 52.06 31.41 20.65 12.35 0.13 0.08 1.75 1.06 3
35.23 44.88 -9.65 -7.35 0.11 0.13 1.17 1.49 64.37 42.82 21.55 -0.55 0.14 0.09 2.14 1.42 3
38.04 48.14 -10.1 -0.9 0.11 0.14 1.27 1.6 56.36 34.17 22.19 9.81 0.15 0.09 1.9 1.15 3
40.51 52.1 -11.59 4.59 0.13 0.17 1.36 1.74 26.62 56.34 -29.72 -11.28 0.09 0.18 0.89 1.87 2
40.31 42.12 -1.81 4.81 0.13 0.13 1.35 1.41 52.37 38.45 13.92 9.08 0.16 0.12 1.75 1.28 2
38.12 53.59 -15.47 6.47 0.1 0.14 1.23 1.73 52.32 42.59 9.73 -4.73 0.12 0.1 1.69 1.38 3
54.04 40.53 13.51 9.49 0.16 0.12 1.74 1.31 41.86 52.49 -10.63 3.63 0.13 0.16 1.35 1.7 2
59.78 34.64 25.14 10.86 0.16 0.09 1.95 1.13 37.09 47.03 -9.94 -10.06 0.11 0.14 1.19 1.51 3
39.67 56.39 -16.72 -2.28 0.11 0.16 1.29 1.84 45.56 44.33 1.23 8.77 0.12 0.11 1.48 1.44 1
27.01 57.69 -30.68 -10.32 0.08 0.18 0.87 1.86 36.03 55.26 -19.23 5.23 0.09 0.14 1.16 1.79 1
54.56 32.96 21.6 12.4 0.13 0.08 1.78 1.07 38.51 51.56 -13.05 -1.95 0.11 0.14 1.24 1.66 1
29.58 52.3 -22.72 -17.28 0.09 0.16 0.96 1.7 48 43.71 4.29 7.71 0.13 0.12 1.56 1.42 1
66.52 44.68 21.84 2.16 0.14 0.09 2.14 1.44 42.39 43.79 -1.4 4.4 0.13 0.13 1.37 1.41 3
28.71 49.45 -20.74 -11.26 0.1 0.17 0.93 1.6 83.99 20.75 63.24 -13.24 0.16 0.04 2.73 0.68 2
38.12 56.53 -18.41 3.41 0.09 0.14 1.19 1.77 56.55 34.48 22.07 12.93 0.13 0.08 1.78 1.09 2
49.26 45.64 3.62 7.38 0.13 0.12 1.55 1.44 69.28 46.62 22.66 -1.66 0.14 0.09 2.16 1.45 2
85.77 22.03 63.74 -13.74 0.16 0.04 2.7 0.69 28.28 59.78 -31.5 -8.5 0.09 0.18 0.88 1.86 1
44.33 46.55 -2.22 8.22 0.12 0.13 1.39 1.45 29.99 51.23 -21.24 -10.76 0.1 0.17 0.94 1.6 1
43.38 54.32 -10.94 3.94 0.13 0.16 1.36 1.7 31.51 53.56 -22.05 -16.95 0.09 0.16 0.99 1.69 1
47.82 46.36 1.46 5.54 0.12 0.11 1.5 1.45 61.33 36.04 25.29 8.71 0.16 0.09 1.94 1.14 2
38.49 48.58 -10.09 -7.91 0.11 0.14 1.2 1.51 38.49 56.77 -18.28 6.28 0.1 0.14 1.2 1.77 2
40.03 53.55 -13.52 -2.48 0.11 0.14 1.25 1.67 41.7 58.65 -16.95 0.95 0.12 0.16 1.31 1.85 2
55.5 42.96 12.54 -4.54 0.13 0.1 1.74 1.34 55.87 42.05 13.82 9.18 0.16 0.12 1.74 1.31 1
1.12 1.67 -0.55 -0.45 0.07 0.11 1.08 1.62 2.37 0.77 1.6 0.4 0.16 0.05 2.27 0.74 2
0.88 0.92 -0.04 -0.96 0.13 0.13 0.88 0.92 1.67 1.12 0.55 0.45 0.13 0.09 1.62 1.08 1
0.34 0.74 -0.4 1.4 0.07 0.15 0.32 0.7 0.92 0.88 0.04 0.96 0.15 0.15 0.92 0.88 1
0.88 1.8 -0.92 -0.08 0.08 0.16 0.82 1.67 0.78 2.15 -1.37 -0.63 0.07 0.18 0.76 2.1 3
1.04 0.91 0.13 -0.13 0.07 0.07 1 0.87 1.8 0.88 0.92 0.08 0.1 0.05 1.67 0.82 1
0.77 2.37 -1.6 -0.4 0.09 0.26 0.74 2.27 1.6 2.59 -0.99 -2.01 0.12 0.2 1.53 2.48 3
2.59 1.6 0.99 2.01 0.16 0.1 2.48 1.53 0.91 1.04 -0.13 0.13 0.07 0.08 0.87 1 2
0.53 0.81 -0.28 -0.72 0.09 0.14 0.53 0.81 0.74 0.34 0.4 -1.4 0.15 0.07 0.7 0.32 2
2.15 0.78 1.37 0.63 0.15 0.06 2.1 0.76 0.81 0.53 0.28 0.72 0.05 0.04 0.81 0.53 2
3.28 2.35 0.93 1.07 0.11 0.08 1.62 1.16 0.79 1.05 -0.26 -0.74 0.05 0.07 0.39 0.51 1
3.26 4.88 -1.62 3.62 0.12 0.18 1.53 2.29 2.5 2.25 0.25 0.75 0.13 0.11 1.25 1.13 2
0.98 0.6 0.38 -1.38 0.08 0.05 0.47 0.29 5.23 2.56 2.67 -3.67 0.14 0.07 2.46 1.21 2
3 2.74 0.26 -1.26 0.12 0.11 1.48 1.35 3.74 2.98 0.76 2.24 0.16 0.12 1.82 1.45 2
2.38 1.66 0.72 0.28 0.1 0.07 1.19 0.83 2.5 1.4 1.1 1.9 0.16 0.09 1.22 0.68 1
5.02 2.31 2.71 -2.71 0.17 0.08 2.39 1.1 2.29 2.19 0.1 -0.1 0.08 0.08 1.11 1.07 3
2.78 3.34 -0.56 0.56 0.14 0.17 1.35 1.62 2.47 4.13 -1.66 2.66 0.09 0.14 1.2 2 1
1.58 3.04 -1.46 0.46 0.13 0.25 0.79 1.52 2.34 2.24 0.1 -3.1 0.07 0.07 1.11 1.06 1
1.22 3.61 -2.39 2.39 0.07 0.21 0.59 1.76 1.52 3.55 -2.03 -2.97 0.08 0.18 0.74 1.72 1
3.2 5.72 -2.52 0.52 0.07 0.13 1.04 1.86 4.7 3.19 1.51 -2.51 0.11 0.08 1.55 1.05 1
5.55 3.07 2.48 -3.48 0.13 0.07 1.76 0.97 0.89 3.35 -2.46 -0.54 0.04 0.15 0.29 1.1 1
3.42 4.1 -0.68 1.68 0.1 0.11 1.14 1.36 3 4.4 -1.4 2.4 0.1 0.14 0.97 1.42 2
3.39 5.08 -1.69 -4.31 0.08 0.12 1.09 1.63 5.11 5.8 -0.69 2.69 0.13 0.15 1.63 1.84 3
5.88 4.01 1.87 -3.87 0.12 0.08 1.88 1.28 4.37 4.07 0.3 2.7 0.15 0.14 1.42 1.32 3
3.99 3.05 0.94 1.06 0.1 0.08 1.29 0.99 4.42 4.09 0.33 1.67 0.21 0.19 1.47 1.36 3
2.95 2.69 0.26 -0.26 0.12 0.11 0.96 0.87 5.58 2.45 3.13 0.87 0.11 0.05 1.85 0.81 3
2.31 5.33 -3.02 -2.98 0.08 0.18 0.74 1.71 3.67 2.11 1.56 2.44 0.11 0.06 1.21 0.7 2
4.19 4.68 -0.49 3.49 0.12 0.13 1.37 1.53 1.49 0.92 0.57 -1.57 0.06 0.03 0.48 0.29 1
4.74 2.88 1.86 2.14 0.11 0.07 1.17 0.71 4.97 6.96 -1.99 -5.01 0.08 0.12 1.2 1.67 2
6.88 6.66 0.22 -3.22 0.12 0.12 1.69 1.63 7.22 6.34 0.88 -3.88 0.11 0.1 1.73 1.52 3
6.99 7.38 -0.39 3.39 0.12 0.12 1.67 1.76 6.09 6.1 -0.01 4.01 0.14 0.14 1.5 1.5 1
6.7 5.41 1.29 2.71 0.17 0.14 1.63 1.31 5.04 4.45 0.59 0.41 0.09 0.08 1.22 1.08 1
5.82 5.14 0.68 2.32 0.15 0.14 1.44 1.27 3.08 6.4 -3.32 -2.68 0.08 0.17 0.74 1.54 2
9.07 4.26 4.81 1.19 0.15 0.07 2.22 1.04 5.59 6.21 -0.62 1.62 0.1 0.11 1.39 1.54 3
1.89 5.63 -3.74 -0.26 0.06 0.18 0.46 1.38 4.76 6.18 -1.42 -0.58 0.1 0.12 1.15 1.5 1
5.11 6.57 -1.46 2.46 0.14 0.18 1.24 1.6 7.83 4.07 3.76 -3.76 0.14 0.07 1.87 0.97 1
2.91 2.82 0.09 -2.09 0.08 0.07 0.7 0.68 6.67 7.9 -1.23 1.23 0.11 0.13 1.62 1.92 2
9.61 6.6 3.01 1.99 0.17 0.11 1.88 1.29 8.05 8.76 -0.71 -4.29 0.12 0.13 1.57 1.71 3
5.47 7.47 -2 -5 0.08 0.11 1.05 1.44 3.95 6.51 -2.56 0.56 0.08 0.13 0.77 1.27 3
6.23 7.36 -1.13 1.13 0.1 0.12 1.21 1.43 8.97 8.36 0.61 5.39 0.12 0.11 1.73 1.61 1
10.52 9.67 0.85 2.15 0.13 0.12 2.08 1.91 3.42 4.04 -0.62 -1.38 0.07 0.09 0.66 0.78 2
8.78 8.13 0.65 -6.65 0.15 0.14 1.69 1.57 5.64 8.24 -2.6 -1.4 0.09 0.14 1.09 1.59 3
4.56 7.24 -2.68 -3.32 0.09 0.14 0.89 1.41 12.53 9.19 3.34 0.66 0.17 0.12 2.45 1.79 3
7.89 8.41 -0.52 0.52 0.1 0.11 1.53 1.63 5.25 3.38 1.87 2.13 0.11 0.07 1.03 0.66 2
7.07 8.08 -1.01 2.01 0.13 0.15 1.4 1.59 9.17 7.52 1.65 5.35 0.17 0.14 1.79 1.47 2
9.32 7.51 1.81 -2.81 0.13 0.1 1.78 1.44 6.66 6.62 0.04 2.96 0.14 0.14 1.32 1.31 1
14.2 9.29 4.91 1.09 0.17 0.11 2.32 1.52 9.41 9.29 0.12 -7.12 0.14 0.14 1.52 1.5 1
5.96 6.45 -0.49 -1.51 0.1 0.11 0.96 1.04 7.83 8.62 -0.79 -7.21 0.09 0.1 1.26 1.38 2
5.1 8.87 -3.77 2.77 0.09 0.16 0.83 1.44 4.66 8.91 -4.25 -3.75 0.09 0.17 0.76 1.45 3
9.59 9.71 -0.12 4.12 0.11 0.11 1.54 1.56 11.16 9.45 1.71 -1.71 0.16 0.13 1.81 1.54 2
6.8 8.87 -2.07 -0.93 0.1 0.12 1.1 1.44 12.93 12.21 0.72 2.28 0.14 0.13 2.12 2 1
9.86 10.19 -0.33 7.33 0.16 0.16 1.6 1.66 11.15 9.32 1.83 0.17 0.13 0.11 1.79 1.5 3
6.53 4.74 1.79 2.21 0.11 0.08 1.07 0.78 9.74 8.77 0.97 0.03 0.15 0.13 1.6 1.44 1
8.47 8.45 0.02 -0.02 0.15 0.15 1.4 1.4 9.25 9.69 -0.44 0.44 0.11 0.12 1.5 1.57 3
10.9 10.31 0.59 -0.59 0.13 0.12 1.77 1.67 7.58 7.98 -0.4 2.4 0.09 0.1 1.23 1.29 1
9.9 10.38 -0.48 1.48 0.11 0.11 1.38 1.44 16.9 10.39 6.51 0.49 0.18 0.11 2.37 1.46 3
10.27 10.41 -0.14 -0.86 0.14 0.14 1.44 1.46 9.16 9.1 0.06 -1.06 0.14 0.14 1.29 1.28 1
8.72 9.1 -0.38 1.38 0.09 0.09 1.22 1.27 10.88 11.4 -0.52 6.52 0.14 0.14 1.52 1.59 1
9.5 11.37 -1.87 -6.13 0.1 0.12 1.31 1.57 12.02 11.45 0.57 0.43 0.12 0.12 1.68 1.6 3
14.38 14.15 0.23 1.77 0.13 0.13 2.01 1.97 5.62 10.33 -4.71 1.71 0.08 0.15 0.78 1.44 1
11.86 9.64 2.22 -2.22 0.14 0.11 1.65 1.34 8.74 10.32 -1.58 -0.42 0.1 0.12 1.21 1.43 2
12.36 10.34 2.02 0.98 0.13 0.11 1.71 1.43 9.78 10.41 -0.63 4.63 0.1 0.11 1.35 1.43 3
6.12 9.43 -3.31 -2.69 0.09 0.13 0.86 1.32 8.71 8.12 0.59 -2.59 0.12 0.12 1.21 1.13 3
10.51 11.99 -1.48 -6.52 0.13 0.15 1.46 1.67 8.17 5.27 2.9 3.1 0.11 0.07 1.15 0.74 3
11.5 11.11 0.39 -3.39 0.14 0.14 1.42 1.37 12.16 10.25 1.91 -1.91 0.13 0.11 1.48 1.25 3
11.9 13.34 -1.44 6.44 0.13 0.15 1.46 1.64 10.3 12.39 -2.09 1.09 0.1 0.12 1.25 1.5 1
8.98 8.62 0.36 -1.36 0.12 0.11 1.09 1.05 13.35 11.13 2.22 -0.22 0.12 0.1 1.61 1.34 2
6.71 12.09 -5.38 1.38 0.08 0.15 0.82 1.48 12.28 12.75 -0.47 1.47 0.14 0.15 1.51 1.56 1
10.57 11.4 -0.83 5.83 0.1 0.11 1.28 1.38 15.03 12.56 2.47 0.53 0.14 0.11 1.83 1.53 2
9.35 10.62 -1.27 -0.73 0.1 0.11 1.13 1.29 6.62 9.7 -3.08 -3.92 0.09 0.13 0.81 1.19 1
11.45 13.54 -2.09 -6.91 0.13 0.15 1.39 1.64 16.14 15.24 0.9 2.1 0.12 0.11 1.97 1.86 3
9.72 6.21 3.51 3.49 0.11 0.07 1.19 0.76 10.66 10.12 0.54 1.46 0.09 0.08 1.31 1.24 2
18.91 10.79 8.12 0.88 0.18 0.1 2.31 1.32 10.61 14.38 -3.77 -6.23 0.09 0.12 1.28 1.74 3
15.09 11.72 3.37 -1.37 0.13 0.1 1.62 1.26 7.92 12.57 -4.65 1.65 0.08 0.13 0.86 1.36 2
8.28 12.02 -3.74 -5.26 0.09 0.13 0.9 1.31 13.81 14.57 -0.76 -9.24 0.13 0.14 1.48 1.56 1
11.85 11.31 0.54 1.46 0.09 0.09 1.28 1.22 9.57 10.36 -0.79 -0.21 0.1 0.11 1.04 1.12 1
11.23 13.89 -2.66 0.66 0.09 0.12 1.21 1.5 12.27 13.02 -0.75 5.75 0.1 0.11 1.32 1.4 3
12.76 13.96 -1.2 1.2 0.13 0.15 1.39 1.52 21.59 11.69 9.9 -1.9 0.18 0.1 2.34 1.27 2
12.74 11.87 0.87 0.13 0.12 0.12 1.37 1.28 13.4 14.27 -0.87 6.87 0.14 0.14 1.46 1.55 2
17.17 17.6 -0.43 4.43 0.12 0.12 1.85 1.9 10.91 7.4 3.51 3.49 0.11 0.07 1.18 0.8 2
16.65 14.26 2.39 0.61 0.13 0.11 1.81 1.55 13.12 11.69 1.43 -5.43 0.14 0.13 1.43 1.28 2
11.51 17.06 -5.55 -3.45 0.09 0.13 1.23 1.83 11.67 12.28 -0.61 0.61 0.11 0.12 1.25 1.32 3
11.49 12.2 -0.71 -3.29 0.1 0.11 1.12 1.19 13.44 12.63 0.81 0.19 0.11 0.11 1.31 1.23 3
14.77 13.9 0.87 -4.87 0.14 0.13 1.45 1.37 13.77 14.5 -0.73 6.73 0.1 0.11 1.33 1.4 1
23.17 12.02 11.15 -3.15 0.18 0.09 2.26 1.17 13.69 13.23 0.46 4.54 0.1 0.1 1.33 1.29 2
9.04 13.9 -4.86 1.86 0.08 0.13 0.88 1.36 12.71 15.39 -2.68 -0.32 0.09 0.11 1.23 1.49 1
17.34 18.41 -1.07 5.07 0.11 0.12 1.69 1.79 11.33 12.64 -1.31 -3.69 0.11 0.12 1.11 1.24 2
11.72 7.57 4.15 2.85 0.11 0.07 1.14 0.74 16.42 12.84 3.58 -1.58 0.13 0.1 1.59 1.24 2
14.43 17.62 -3.19 -10.81 0.13 0.15 1.39 1.7 11.79 18.39 -6.6 -3.4 0.09 0.14 1.14 1.78 2
13 12.56 0.44 0.56 0.11 0.1 1.26 1.22 13.09 15.54 -2.45 2.45 0.13 0.15 1.28 1.53 3
14.16 14.97 -0.81 6.81 0.13 0.14 1.39 1.47 18.86 15.91 2.95 0.05 0.14 0.11 1.84 1.55 2
14.16 15.67 -1.51 5.51 0.1 0.11 1.25 1.38 16.22 17.76 -1.54 7.54 0.14 0.15 1.44 1.58 2
16.65 13.58 3.07 -1.07 0.12 0.1 1.46 1.19 12.24 14.8 -2.56 -2.44 0.1 0.13 1.09 1.32 1
15.94 14.29 1.65 -3.65 0.14 0.13 1.43 1.28 11.71 13.36 -1.65 -3.35 0.1 0.11 1.04 1.18 1
12.17 19.18 -7.01 -2.99 0.08 0.13 1.07 1.69 19.5 19.32 0.18 3.82 0.11 0.11 1.73 1.71 1
15.15 17.28 -2.13 3.13 0.14 0.16 1.34 1.53 15.22 18 -2.78 -11.22 0.12 0.14 1.34 1.58 2
14.1 15.14 -1.04 6.04 0.1 0.1 1.25 1.34 9.86 14.11 -4.25 2.25 0.08 0.11 0.88 1.25 1
21.65 17.97 3.68 -0.68 0.14 0.12 1.92 1.59 12.46 7.8 4.66 2.34 0.1 0.06 1.1 0.69 2
12.92 16.21 -3.29 -0.71 0.09 0.11 1.14 1.43 14.74 14.62 0.12 -0.12 0.11 0.11 1.3 1.28 3
14.6 12.85 1.75 0.25 0.11 0.1 1.29 1.13 25.08 12.43 12.65 -4.65 0.16 0.08 2.23 1.1 1
20.49 19.69 0.8 1.2 0.11 0.1 1.67 1.61 16.55 18.18 -1.63 2.63 0.14 0.15 1.35 1.48 2
12.72 16.32 -3.6 -3.4 0.1 0.13 1.04 1.34 12.54 20.17 -7.63 -0.37 0.08 0.13 1.02 1.63 2
26 14.26 11.74 -4.74 0.16 0.09 2.12 1.16 18.17 14.06 4.11 -0.11 0.12 0.09 1.47 1.14 1
10.12 15.5 -5.38 2.38 0.08 0.12 0.82 1.26 16.43 13.77 2.66 0.34 0.11 0.09 1.33 1.12 3
16.44 16.19 0.25 0.75 0.11 0.11 1.32 1.3 15.49 15.4 0.09 5.91 0.09 0.09 1.25 1.25 2
12.21 14.88 -2.67 -4.33 0.1 0.12 0.99 1.2 22.78 19.92 2.86 0.14 0.14 0.12 1.85 1.62 3
14.41 8.93 5.48 1.52 0.1 0.06 1.17 0.72 15.7 17.4 -1.7 5.7 0.1 0.11 1.27 1.4 1
16.12 19.4 -3.28 -10.72 0.11 0.14 1.3 1.57 14.49 17.91 -3.42 -1.58 0.09 0.11 1.17 1.44 2
17.95 19.3 -1.35 7.35 0.14 0.15 1.46 1.57 17.46 14.79 2.67 -2.67 0.15 0.13 1.43 1.21 1
16.02 19.4 -3.38 -1.62 0.09 0.11 1.19 1.44 12.94 21.51 -8.57 0.57 0.08 0.13 0.97 1.61 3
16.5 20.44 -3.94 3.94 0.1 0.12 1.23 1.52 14.52 17.06 -2.54 -5.46 0.1 0.12 1.08 1.27 1
19.7 21.23 -1.53 2.53 0.14 0.15 1.48 1.6 14.06 16.72 -2.66 -4.34 0.1 0.12 1.06 1.26 1
18.22 15.41 2.81 -3.81 0.15 0.12 1.37 1.16 28.94 14.97 13.97 0.03 0.16 0.08 2.18 1.13 3
18.57 20.06 -1.49 8.49 0.13 0.14 1.39 1.5 10.71 17.52 -6.81 1.81 0.07 0.12 0.8 1.32 1
16.68 16.83 -0.15 6.15 0.09 0.09 1.25 1.26 23.54 22.84 0.7 1.3 0.11 0.11 1.77 1.72 3
18.88 17 1.88 -4.88 0.12 0.11 1.41 1.27 17.61 20.93 -3.32 -10.68 0.11 0.13 1.31 1.56 1
24.96 22.23 2.73 1.27 0.14 0.12 1.87 1.67 17.87 17.38 0.49 0.51 0.11 0.1 1.32 1.29 2
18.45 14.36 4.09 0.91 0.11 0.09 1.38 1.08 17.45 9.73 7.72 3.28 0.11 0.06 1.3 0.73 2
11.33 20.4 -9.07 3.07 0.08 0.14 0.79 1.42 26.24 23.3 2.94 1.06 0.13 0.12 1.83 1.62 2
26.08 25.52 0.56 5.44 0.11 0.11 1.82 1.78 17.22 20.19 -2.97 -3.03 0.09 0.11 1.19 1.39 2
31.52 15.61 15.91 1.09 0.17 0.08 2.2 1.09 17.83 22.3 -4.47 5.47 0.1 0.12 1.23 1.54 1
18.62 11.36 7.26 3.74 0.11 0.07 1.3 0.79 18.86 17.99 0.87 -4.87 0.14 0.13 1.32 1.26 1
18.71 23.95 -5.24 -10.76 0.11 0.15 1.3 1.66 20.08 15.53 4.55 0.45 0.11 0.09 1.4 1.08 3
18.94 18.66 0.28 0.72 0.11 0.1 1.3 1.28 21.9 18.1 3.8 -4.8 0.13 0.1 1.52 1.26 2
16.38 18.39 -2.01 -6.99 0.11 0.12 1.14 1.28 21.45 20.68 0.77 7.23 0.13 0.13 1.49 1.44 2
13.73 22.71 -8.98 1.98 0.08 0.13 0.95 1.58 21.35 23.05 -1.7 3.7 0.14 0.16 1.49 1.61 3
15.88 18.37 -2.49 -5.51 0.1 0.12 1.11 1.29 19.36 19.37 -0.01 2.01 0.1 0.1 1.34 1.34 3
21.27 16.19 5.08 0.92 0.11 0.08 1.38 1.05 27.97 26.5 1.47 4.53 0.11 0.11 1.82 1.73 1
27.38 25.22 2.16 1.84 0.13 0.12 1.78 1.64 34.61 15.94 18.67 2.33 0.17 0.08 2.26 1.04 3
20.38 19.92 0.46 2.54 0.1 0.1 1.32 1.29 14.1 26.37 -12.27 1.27 0.08 0.15 0.92 1.71 1
19.13 19.18 -0.05 -5.95 0.14 0.14 1.25 1.25 19.37 25.14 -5.77 -11.23 0.11 0.14 1.25 1.63 2
18.16 25.39 -7.23 4.23 0.1 0.13 1.17 1.64 13.25 21.54 -8.29 2.29 0.08 0.13 0.86 1.4 3
17.03 18.91 -1.88 -7.12 0.1 0.12 1.1 1.23 19.81 11.63 8.18 4.82 0.11 0.06 1.29 0.75 2
18.2 22.08 -3.88 -2.12 0.09 0.11 1.18 1.43 16.43 19.39 -2.96 -6.04 0.1 0.12 1.07 1.27 2
22.6 18.81 3.79 -4.79 0.12 0.1 1.47 1.22 25.01 23.42 1.59 4.41 0.15 0.14 1.63 1.53 3
21.97 21.33 0.64 7.36 0.13 0.12 1.43 1.39 19.65 19.36 0.29 0.71 0.11 0.1 1.26 1.24 3
27.45 24.48 2.97 5.03 0.16 0.14 1.68 1.5 20.46 22.61 -2.15 -3.85 0.1 0.11 1.24 1.37 3
15.71 27.71 -12 -2 0.08 0.15 0.96 1.69 22.96 17.16 5.8 1.2 0.11 0.08 1.4 1.04 3
20.9 12.6 8.3 4.7 0.11 0.07 1.27 0.77 24.12 24.32 -0.2 6.2 0.12 0.13 1.47 1.48 1
22.64 21.51 1.13 1.87 0.11 0.11 1.36 1.29 18.83 28.59 -9.76 1.76 0.09 0.14 1.14 1.73 1
28.94 28.19 0.75 4.25 0.11 0.11 1.77 1.72 23.66 21.25 2.41 -5.41 0.12 0.11 1.44 1.29 1
16.45 22.21 -5.76 4.76 0.09 0.13 1.01 1.36 20.89 20.24 0.65 -6.65 0.13 0.13 1.28 1.24 2
20.43 26.9 -6.47 -10.53 0.11 0.14 1.24 1.63 21.72 21.53 0.19 5.81 0.1 0.1 1.32 1.31 2
16.96 21.65 -4.69 -4.31 0.1 0.13 1.04 1.33 29 27.92 1.08 0.92 0.12 0.12 1.77 1.7 2
37.31 17.56 19.75 3.25 0.17 0.08 2.28 1.08 18 20 -2 -7 0.1 0.11 1.1 1.22 1
39.78 18.26 21.52 4.48 0.17 0.08 2.29 1.05 24.97 26.16 -1.19 5.19 0.12 0.12 1.43 1.5 3
17.85 22.22 -4.37 -4.63 0.1 0.12 1.03 1.28 19.38 30.28 -10.9 0.9 0.09 0.14 1.11 1.73 2
22.68 25.15 -2.47 -2.53 0.1 0.11 1.29 1.44 23.29 22.58 0.71 5.29 0.1 0.1 1.33 1.29 3
21.48 28.47 -6.99 -10.01 0.11 0.14 1.23 1.63 29.57 28.81 0.76 1.24 0.12 0.12 1.7 1.65 3
24.33 22.06 2.27 2.73 0.11 0.1 1.38 1.25 18.7 22.47 -3.77 -8.23 0.1 0.12 1.07 1.29 1
17.88 23.5 -5.62 4.62 0.1 0.13 1.03 1.35 22.74 13.45 9.29 5.71 0.11 0.06 1.3 0.77 1
29.99 26.7 3.29 3.71 0.16 0.15 1.73 1.54 24.69 17.97 6.72 1.28 0.12 0.08 1.41 1.03 1
16.52 29.44 -12.92 -2.08 0.08 0.15 0.95 1.69 24.75 23.39 1.36 -7.36 0.12 0.11 1.42 1.34 3
31.08 29.28 1.8 6.2 0.11 0.11 1.78 1.68 22.18 21.67 0.51 -6.51 0.13 0.12 1.28 1.25 1
26.55 27.15 -0.6 5.6 0.12 0.12 1.44 1.47 18.22 31.39 -13.17 -3.83 0.08 0.15 0.98 1.69 1
19.71 24.63 -4.92 -10.08 0.1 0.12 1.06 1.33 19.13 24.55 -5.42 7.42 0.1 0.12 1.04 1.34 1
23.13 24.17 -1.04 -8.96 0.12 0.13 1.26 1.32 26.49 23.07 3.42 4.58 0.12 0.11 1.42 1.23 1
19.71 31.07 -11.36 1.36 0.09 0.14 1.06 1.68 21.84 29.39 -7.55 -10.45 0.11 0.14 1.18 1.58 3
30.49 29.17 1.32 1.68 0.12 0.12 1.65 1.58 33.58 30.23 3.35 8.65 0.11 0.1 1.82 1.64 1
24.47 23.61 0.86 6.14 0.1 0.1 1.32 1.27 33.25 28.29 4.96 4.04 0.17 0.15 1.81 1.54 2
26.28 21.23 5.05 0.95 0.12 0.09 1.42 1.15 18.64 22.55 -3.91 -5.09 0.09 0.11 1.02 1.23 1
26.7 25.09 1.61 -5.61 0.12 0.11 1.44 1.35 23.71 26.33 -2.62 -3.38 0.1 0.11 1.28 1.42 3
23.79 14.7 9.09 2.91 0.11 0.07 1.29 0.8 40.77 19.84 20.93 4.07 0.16 0.08 2.22 1.08 1
22.93 29.55 -6.62 -10.38 0.11 0.14 1.17 1.51 21.04 24.73 -3.69 -10.31 0.1 0.12 1.08 1.27 3
19.35 32.27 -12.92 -5.08 0.08 0.14 0.99 1.65 23.85 25.88 -2.03 -6.97 0.12 0.13 1.23 1.33 1
25.17 23.99 1.18 5.82 0.1 0.1 1.29 1.23 29 27.78 1.22 -6.22 0.12 0.12 1.48 1.42 1
26.4 28.63 -2.23 -2.77 0.1 0.11 1.35 1.46 28.04 22.11 5.93 1.07 0.11 0.09 1.44 1.13 1
33.98 31.09 2.89 7.11 0.11 0.1 1.75 1.6 19.87 32.16 -12.29 1.29 0.09 0.14 1.02 1.65 1
33.63 28.99 4.64 4.36 0.16 0.14 1.74 1.5 31.35 29.57 1.78 3.22 0.12 0.11 1.61 1.52 1
19.52 24.31 -4.79 -5.21 0.1 0.12 1.01 1.25 27.43 28.28 -0.85 6.85 0.12 0.12 1.41 1.45 1
28.2 23.79 4.41 2.59 0.12 0.1 1.43 1.2 26.01 16.07 9.94 4.06 0.11 0.07 1.33 0.82 1
19.23 25.88 -6.65 7.65 0.09 0.13 0.99 1.34 42.14 22.06 20.08 2.92 0.16 0.08 2.17 1.14 3
43.44 22.77 20.67 3.33 0.16 0.08 2.13 1.11 30.08 25.22 4.86 3.14 0.13 0.11 1.45 1.21 1
32.15 31.12 1.03 1.97 0.12 0.11 1.57 1.52 26.77 28.93 -2.16 -0.84 0.1 0.11 1.3 1.4 3
27.44 17.95 9.49 3.51 0.11 0.07 1.33 0.87 19.89 25.84 -5.95 -1.05 0.09 0.12 0.98 1.27 1
20.55 36.31 -15.76 -1.24 0.09 0.15 1 1.77 20.57 33.76 -13.19 -3.81 0.09 0.14 1 1.64 1
28.96 28.65 0.31 2.69 0.12 0.12 1.41 1.4 38.13 31.77 6.36 9.64 0.12 0.1 1.86 1.55 3
21.27 25.46 -4.19 -8.81 0.1 0.12 1.04 1.24 35.18 29.79 5.39 5.61 0.16 0.14 1.72 1.46 2
19.94 27.18 -7.24 7.24 0.09 0.13 0.98 1.33 23.66 29.78 -6.12 -11.88 0.1 0.13 1.15 1.45 3
25.34 27.1 -1.76 -8.24 0.12 0.13 1.24 1.33 26.17 25.5 0.67 7.33 0.1 0.1 1.27 1.24 3
28.34 22.48 5.86 -0.86 0.11 0.09 1.38 1.1 30.51 28.78 1.73 -7.73 0.12 0.12 1.49 1.4 1
20.13 27.32 -7.19 -1.81 0.09 0.12 0.94 1.28 26.03 29.5 -3.47 -7.53 0.12 0.13 1.21 1.38 2
39.88 33.16 6.72 10.28 0.12 0.1 1.86 1.54 46.7 23.86 22.84 4.16 0.16 0.08 2.18 1.11 1
24.94 30.08 -5.14 -9.86 0.1 0.12 1.15 1.39 30.35 30.4 -0.05 2.05 0.12 0.12 1.41 1.41 1
31.17 28.48 2.69 2.31 0.13 0.12 1.43 1.31 20.24 28.46 -8.22 5.22 0.09 0.13 0.95 1.33 3
28.57 26.19 2.38 6.62 0.1 0.1 1.32 1.21 30.23 23.46 6.77 -0.77 0.11 0.09 1.4 1.09 2
21.5 37.31 -15.81 -2.19 0.08 0.15 0.99 1.73 28.92 18.19 10.73 4.27 0.11 0.07 1.34 0.84 3
28.8 30.55 -1.75 1.75 0.1 0.11 1.33 1.41 22.47 26.61 -4.14 -8.86 0.1 0.12 1.04 1.23 3
36.33 30.99 5.34 5.66 0.16 0.14 1.69 1.44 24.1 37.24 -13.14 -2.86 0.09 0.15 1.12 1.73 2
31.49 30.67 0.82 -7.82 0.12 0.12 1.46 1.42 33.77 33.15 0.62 -0.62 0.12 0.11 1.57 1.54 2
31.43 19.33 12.1 3.9 0.12 0.07 1.39 0.86 29.59 32.73 -3.14 1.14 0.1 0.11 1.31 1.44 2
25.5 39.59 -14.09 -1.91 0.1 0.15 1.13 1.75 29.44 27.73 1.71 7.29 0.1 0.1 1.3 1.23 2
48.32 25.11 23.21 2.79 0.16 0.08 2.15 1.12 20.58 28.59 -8.01 -0.99 0.09 0.12 0.92 1.28 1
32.83 29.92 2.91 1.09 0.13 0.12 1.44 1.31 26.05 31.08 -5.03 -8.97 0.1 0.12 1.15 1.37 1
27.3 29.95 -2.65 -8.35 0.12 0.13 1.22 1.34 32.19 31.21 0.98 -7.98 0.12 0.12 1.42 1.38 1
31.35 31.51 -0.16 1.16 0.12 0.12 1.39 1.39 38.68 32.39 6.29 4.71 0.16 0.13 1.72 1.44 3
34.31 33.85 0.46 -0.46 0.11 0.11 1.52 1.5 31.77 24.33 7.44 -1.44 0.11 0.09 1.41 1.08 1
24.65 27.4 -2.75 -8.25 0.1 0.11 1.09 1.21 41.13 34.78 6.35 11.65 0.12 0.1 1.83 1.55 2
21.68 30.12 -8.44 6.44 0.09 0.13 0.97 1.34 22.64 39.82 -17.18 -1.82 0.09 0.15 1 1.76 2
41.92 33.05 8.87 4.13 0.16 0.13 1.78 1.41 33.21 20.11 13.1 2.9 0.12 0.07 1.41 0.85 3
23.41 40.57 -17.16 -1.84 0.08 0.15 0.99 1.71 25.05 28.49 -3.44 -7.56 0.1 0.11 1.06 1.2 1
29.86 28.24 1.62 7.38 0.1 0.1 1.26 1.2 35.65 35.84 -0.19 1.19 0.11 0.11 1.51 1.52 3
42.22 35.18 7.04 10.96 0.12 0.1 1.79 1.49 33.65 30.28 3.37 1.63 0.13 0.12 1.41 1.27 3
20.85 31.39 -10.54 -0.46 0.09 0.13 0.89 1.34 22.43 30.89 -8.46 6.46 0.09 0.12 0.95 1.31 3
30.37 34.51 -4.14 2.14 0.1 0.11 1.28 1.46 28.62 30.96 -2.34 -6.66 0.12 0.13 1.22 1.32 1
26.41 31.9 -5.49 -9.51 0.1 0.12 1.11 1.35 51.12 25.38 25.74 2.26 0.15 0.08 2.17 1.08 3
33.2 32.53 0.67 -9.67 0.12 0.11 1.41 1.38 32.01 34.75 -2.74 1.74 0.12 0.13 1.36 1.47 2
33.76 25.67 8.09 -3.09 0.12 0.09 1.43 1.09 26.01 40.01 -14 -2 0.1 0.15 1.1 1.69 1
34.88 20.46 14.42 3.58 0.12 0.07 1.42 0.83 27.26 34.08 -6.82 -9.18 0.1 0.12 1.1 1.38 1
34.19 36.01 -1.82 0.82 0.12 0.13 1.39 1.46 31.16 29.84 1.32 6.68 0.1 0.1 1.26 1.21 1
53.3 26.23 27.07 1.93 0.16 0.08 2.16 1.07 31.77 34.92 -3.15 2.15 0.1 0.11 1.29 1.42 1
29.03 32.36 -3.33 -6.67 0.12 0.13 1.19 1.32 42.27 34.72 7.55 3.45 0.16 0.13 1.72 1.42 1
24 31.43 -7.43 8.43 0.09 0.12 0.98 1.28 43.67 36.21 7.46 9.54 0.12 0.1 1.78 1.47 1
37.25 37.14 0.11 1.89 0.11 0.11 1.51 1.51 23.65 41.13 -17.48 -0.52 0.08 0.14 0.96 1.67 2
34.68 31.73 2.95 3.05 0.13 0.12 1.39 1.27 34.59 26.16 8.43 -2.43 0.12 0.09 1.4 1.06 3
25.61 28.73 -3.12 -8.88 0.1 0.11 1.04 1.16 21.39 32.96 -11.57 -2.43 0.09 0.13 0.87 1.34 3
26.5 40.84 -14.34 -2.66 0.09 0.14 1.07 1.65 34.46 34.71 -0.25 -8.75 0.11 0.12 1.4 1.41 2
31.65 31.18 0.47 6.53 0.1 0.1 1.23 1.21 36.86 21.32 15.54 4.46 0.12 0.07 1.44 0.83 1
44.26 35.44 8.82 1.18 0.16 0.13 1.73 1.39 25.71 32.36 -6.65 8.65 0.09 0.11 1 1.26 1
36.23 26.36 9.87 0.13 0.12 0.09 1.41 1.03 29.75 34.35 -4.6 -4.4 0.11 0.13 1.17 1.35 3
34.69 35.54 -0.85 -8.15 0.11 0.12 1.35 1.39 25.77 29.53 -3.76 -9.24 0.1 0.11 1 1.15 2
22.19 33.12 -10.93 -2.07 0.09 0.13 0.87 1.3 34.88 33.37 1.51 0.49 0.12 0.12 1.35 1.29 1
32.23 37.2 -4.97 -0.03 0.1 0.11 1.26 1.45 35.53 36.5 -0.97 0.97 0.12 0.12 1.39 1.42 1
44.6 37.92 6.68 9.32 0.11 0.1 1.74 1.48 28.12 36.06 -7.94 -10.06 0.09 0.12 1.09 1.4 1
38.92 38.13 0.79 1.21 0.11 0.11 1.52 1.49 27.33 41.07 -13.74 -3.26 0.09 0.14 1.06 1.6 3
24.64 42.8 -18.16 0.16 0.08 0.15 0.96 1.66 55.58 26.69 28.89 4.11 0.16 0.08 2.17 1.04 2
35.48 34.53 0.95 -2.95 0.12 0.12 1.32 1.28 25.79 46.03 -20.24 2.24 0.08 0.15 0.96 1.72 2
26.64 30.09 -3.45 -9.55 0.1 0.11 1 1.13 32.52 32.36 0.16 7.84 0.1 0.1 1.22 1.21 2
38.04 22.19 15.85 3.15 0.12 0.07 1.43 0.83 46.2 40.86 5.34 12.66 0.11 0.1 1.73 1.53 3
30.17 36.25 -6.08 -1.92 0.11 0.13 1.14 1.37 40.34 40.63 -0.29 0.29 0.11 0.11 1.51 1.52 2
35.88 38.25 -2.37 0.37 0.12 0.12 1.35 1.44 38.13 26.78 11.35 -2.35 0.12 0.08 1.43 1.01 2
31.06 37.66 -6.6 -13.4 0.1 0.12 1.16 1.41 23.35 33.72 -10.37 1.37 0.09 0.13 0.88 1.27 3
58.81 27.84 30.97 2.03 0.16 0.08 2.21 1.04 46.69 36.09 10.6 3.4 0.16 0.12 1.76 1.36 1
29.83 42.49 -12.66 -2.34 0.09 0.13 1.11 1.59 33.98 37.55 -3.57 0.57 0.1 0.11 1.27 1.41 2
26.36 34.79 -8.43 6.43 0.09 0.12 0.99 1.31 35.25 36.41 -1.16 -7.84 0.11 0.12 1.32 1.37 3
34.77 38.19 -3.42 0.42 0.1 0.11 1.26 1.38 26.69 36.1 -9.41 5.41 0.09 0.12 0.97 1.31 1
40.72 42.51 -1.79 1.79 0.11 0.11 1.47 1.53 36.24 39.3 -3.06 1.06 0.11 0.12 1.31 1.42 1
47.23 40.4 6.83 3.17 0.16 0.14 1.71 1.47 36.21 34.89 1.32 -3.32 0.12 0.11 1.3 1.25 1
26.15 46.76 -20.61 2.61 0.08 0.15 0.94 1.68 32.23 38.66 -6.43 -14.57 0.1 0.12 1.16 1.39 3
24.35 34.89 -10.54 2.54 0.09 0.13 0.88 1.26 47.37 42.39 4.98 15.02 0.11 0.1 1.71 1.53 2
33.2 33.93 -0.73 8.73 0.1 0.1 1.2 1.22 63.12 28.38 34.74 2.26 0.16 0.07 2.28 1.03 3
36.56 36.74 -0.18 -6.82 0.11 0.11 1.32 1.33 39.57 23.36 16.21 0.79 0.12 0.07 1.43 0.84 2
30.47 43.28 -12.81 -2.19 0.09 0.13 1.1 1.56 32.05 36.63 -4.58 -3.42 0.11 0.12 1.16 1.33 1
39.18 27.14 12.04 -3.04 0.12 0.08 1.42 0.98 28.21 30.77 -2.56 -10.44 0.1 0.11 1.02 1.11 3
40.71 23.55 17.16 -0.16 0.11 0.06 1.42 0.82 43.13 44.01 -0.88 1.88 0.11 0.11 1.5 1.53 2
27.51 37.54 -10.03 5.03 0.09 0.12 0.96 1.31 33.77 35.35 -1.58 7.58 0.1 0.1 1.18 1.23 3
29.01 31.8 -2.79 -9.21 0.1 0.11 1.01 1.11 34.4 37.58 -3.18 -5.82 0.11 0.12 1.2 1.32 3
49.66 43.42 6.24 13.76 0.11 0.1 1.73 1.51 28.99 49.16 -20.17 0.17 0.09 0.15 1.01 1.7 1
25.38 37.18 -11.8 3.8 0.09 0.13 0.89 1.3 36.75 37.88 -1.13 -5.87 0.11 0.11 1.28 1.32 1
34.63 41.5 -6.87 -12.13 0.1 0.12 1.2 1.43 49.45 42.19 7.26 3.74 0.16 0.14 1.73 1.47 2
38 37.11 0.89 -3.89 0.12 0.12 1.31 1.28 36.21 39.01 -2.8 0.8 0.1 0.11 1.26 1.36 2
37.74 41.71 -3.97 0.97 0.11 0.13 1.32 1.46 31.42 45.63 -14.21 0.21 0.1 0.14 1.09 1.58 1
64.54 28.95 35.59 3.41 0.16 0.07 2.25 1.01 40.21 27.94 12.27 -4.27 0.12 0.08 1.4 0.97 2
41.45 29.24 12.21 -4.21 0.12 0.08 1.4 0.98 28.39 38.55 -10.16 4.16 0.09 0.12 0.96 1.3 2
50.46 43.49 6.97 4.03 0.16 0.14 1.7 1.47 51.55 44.52 7.03 16.97 0.11 0.1 1.73 1.5 3
30.09 51.05 -20.96 -3.04 0.09 0.15 1.01 1.71 28.17 38.55 -10.38 4.38 0.09 0.13 0.95 1.3 2
33.23 48.56 -15.33 0.33 0.09 0.14 1.12 1.63 43.58 25.63 17.95 -0.95 0.11 0.07 1.46 0.86 2
34.78 36.23 -1.45 8.45 0.1 0.1 1.17 1.22 38.37 38.41 -0.04 -2.96 0.12 0.12 1.28 1.28 1
37.51 39.38 -1.87 -0.13 0.1 0.11 1.26 1.32 35.93 42.51 -6.58 -12.42 0.1 0.12 1.2 1.42 3
38.12 40.67 -2.55 -6.45 0.11 0.12 1.28 1.37 65.84 30.19 35.65 3.35 0.16 0.07 2.22 1.02 1
45.21 46.88 -1.67 2.67 0.11 0.11 1.52 1.57 29.69 32.13 -2.44 -10.56 0.09 0.1 1 1.08 1
34.73 38.26 -3.53 -4.47 0.11 0.12 1.17 1.29 40.67 43.52 -2.85 0.85 0.12 0.12 1.37 1.47 2
66.52 32.49 34.03 1.97 0.16 0.08 2.17 1.06 35.69 39.59 -3.9 -4.1 0.11 0.12 1.17 1.29 3
39.16 43.46 -4.3 -12.7 0.11 0.12 1.26 1.4 40.42 41.35 -0.93 -5.07 0.11 0.11 1.31 1.34 1
30.76 35.84 -5.08 -8.92 0.09 0.11 1 1.16 35.2 50.9 -15.7 0.7 0.09 0.14 1.14 1.65 1
38.7 40.67 -1.97 -4.03 0.12 0.12 1.25 1.31 48.92 47.95 0.97 1.03 0.11 0.11 1.59 1.55 1
29.52 41.37 -11.85 5.85 0.1 0.13 0.96 1.35 52.69 45.9 6.79 3.21 0.16 0.14 1.72 1.5 1
45.92 27.6 18.32 -1.32 0.11 0.07 1.49 0.9 43 29.75 13.25 -5.25 0.12 0.08 1.4 0.97 1
28.9 40.1 -11.2 5.2 0.09 0.12 0.94 1.31 42 44.48 -2.48 0.48 0.12 0.12 1.37 1.45 1
53.96 46.75 7.21 17.79 0.11 0.1 1.75 1.52 37.04 36.56 0.48 9.52 0.1 0.1 1.2 1.19 1
32.91 52.4 -19.49 -4.51 0.09 0.14 1.07 1.7 38.46 42.61 -4.15 0.15 0.1 0.11 1.25 1.39 2
39.87 44.15 -4.28 0.28 0.1 0.11 1.26 1.39 56.11 47.86 8.25 18.75 0.11 0.1 1.76 1.5 1
41.32 43.39 -2.07 -4.93 0.11 0.11 1.3 1.37 42.28 43.29 -1.01 -3.99 0.12 0.12 1.32 1.35 1
43.63 45.73 -2.1 -0.9 0.12 0.12 1.38 1.44 33.11 36.68 -3.57 -9.43 0.1 0.11 1.04 1.15 1
43.55 30.51 13.04 -7.04 0.12 0.08 1.37 0.96 41.2 44.36 -3.16 -12.84 0.11 0.12 1.29 1.39 3
38.15 38.71 -0.56 8.56 0.1 0.1 1.2 1.22 32.52 43.87 -11.35 6.35 0.1 0.14 1.03 1.38 3
37.07 41.69 -4.62 -2.38 0.11 0.12 1.17 1.32 46.68 28.15 18.53 0.47 0.11 0.07 1.47 0.89 1
51.54 51.53 0.01 0.99 0.12 0.12 1.61 1.61 30.15 41.73 -11.58 6.58 0.09 0.12 0.95 1.31 3
55.19 48.9 6.29 2.71 0.16 0.14 1.74 1.54 34.45 53.81 -19.36 -4.64 0.09 0.14 1.08 1.69 3
36.04 53.25 -17.21 1.21 0.09 0.14 1.13 1.67 68.62 33.87 34.75 0.25 0.15 0.08 2.16 1.07 3
1.04 2.1 -1.06 -1.94 0.12 0.23 1.04 2.1 0.6 0.38 0.22 -0.22 0.05 0.03 0.59 0.37 1
0.67 1.63 -0.96 -0.04 0.07 0.18 0.64 1.56 1.96 2.51 -0.55 -1.45 0.1 0.13 1.96 2.51 3
0.49 0.78 -0.29 -1.71 0.06 0.1 0.47 0.75 1.17 1.98 -0.81 -2.19 0.08 0.14 1.17 1.98 3
0.38 0.6 -0.22 0.22 0.04 0.07 0.37 0.59 0.78 0.49 0.29 1.71 0.1 0.06 0.75 0.47 2
1.98 1.17 0.81 2.19 0.18 0.11 1.98 1.17 1.85 0.65 1.2 -0.2 0.15 0.05 1.72 0.6 3
0.65 1.85 -1.2 0.2 0.09 0.26 0.6 1.72 1.08 0.39 0.69 0.31 0.1 0.04 1.07 0.39 2
2.51 1.96 0.55 1.45 0.21 0.16 2.51 1.96 1.42 1.23 0.19 -1.19 0.18 0.15 1.42 1.23 2
0.39 1.08 -0.69 -0.31 0.08 0.22 0.39 1.07 0.87 0.54 0.33 -0.33 0.05 0.03 0.83 0.52 1
1.23 1.42 -0.19 1.19 0.11 0.13 1.23 1.42 2.1 1.04 1.06 1.94 0.19 0.09 2.1 1.04 3
0.54 0.87 -0.33 0.33 0.06 0.1 0.52 0.83 1.63 0.67 0.96 0.04 0.15 0.06 1.56 0.64 3
2.41 0.58 1.83 -0.83 0.11 0.03 1.2 0.29 2.86 2.09 0.77 1.23 0.12 0.09 1.4 1.02 3
0.9 4.15 -3.25 1.25 0.04 0.19 0.44 2.03 1.82 0.99 0.83 1.17 0.07 0.04 0.89 0.48 2
2.77 1.53 1.24 0.76 0.12 0.06 1.31 0.72 2.73 1.26 1.47 -4.47 0.14 0.06 1.27 0.59 3
1.65 4.22 -2.57 0.57 0.08 0.19 0.78 2 0.88 1.64 -0.76 0.76 0.04 0.07 0.43 0.8 3
1.83 1.77 0.06 -1.06 0.08 0.08 0.89 0.86 1.01 2.45 -1.44 -1.56 0.05 0.12 0.49 1.18 1
4.32 2.63 1.69 3.31 0.21 0.13 2.09 1.27 3.05 2.37 0.68 1.32 0.13 0.1 1.48 1.15 2
4.81 2.4 2.41 -3.41 0.22 0.11 2.38 1.19 2.82 3.64 -0.82 -0.18 0.11 0.15 1.36 1.76 1
2.78 2.85 -0.07 0.07 0.1 0.1 1.37 1.4 2.36 2.69 -0.33 -1.67 0.12 0.14 1.14 1.3 1
3.45 2.49 0.96 2.04 0.13 0.09 1.67 1.2 2.8 1.55 1.25 1.75 0.19 0.1 1.38 0.77 2
1.34 2.95 -1.61 -2.39 0.04 0.09 0.65 1.44 0.84 3.18 -2.34 1.34 0.06 0.24 0.4 1.53 3
1.31 2.2 -0.89 1.89 0.04 0.07 0.43 0.72 3.08 2.58 0.5 -1.5 0.08 0.07 0.98 0.82 2
2.14 2.57 -0.43 2.43 0.08 0.09 0.7 0.84 2.21 4.65 -2.44 -0.56 0.07 0.14 0.71 1.49 1
3.78 1.57 2.21 -2.21 0.13 0.05 1.19 0.5 3.63 1.8 1.83 -1.83 0.1 0.05 1.18 0.59 1
1.61 4.61 -3 4 0.06 0.16 0.52 1.48 5 4.26 0.74 2.26 0.11 0.09 1.61 1.37 2
3.5 3.47 0.03 -3.03 0.12 0.12 1.13 1.12 3.64 3.25 0.39 -0.39 0.11 0.1 1.19 1.06 1
3.53 5.87 -2.34 0.34 0.08 0.13 1.13 1.87 2.48 4.47 -1.99 -0.01 0.07 0.12 0.81 1.46 2
4.06 3.73 0.33 1.67 0.12 0.11 1.33 1.22 7.04 3.11 3.93 -3.93 0.21 0.09 2.28 1.01 1
4.57 3.1 1.47 1.53 0.15 0.1 1.49 1.01 3.56 3.99 -0.43 1.43 0.07 0.08 1.16 1.3 3
2.49 4.26 -1.77 -2.23 0.07 0.12 0.81 1.38 5.68 3.64 2.04 2.96 0.17 0.11 1.85 1.19 1
4.08 3.31 0.77 2.23 0.11 0.09 1.32 1.07 2.77 3.72 -0.95 -5.05 0.06 0.09 0.89 1.2 1
3.95 4.91 -0.96 2.96 0.06 0.08 0.96 1.19 1.87 5.01 -3.14 4.14 0.05 0.13 0.45 1.22 2
4.12 3.17 0.95 -2.95 0.1 0.08 1.01 0.78 2.61 3.47 -0.86 1.86 0.06 0.08 0.64 0.85 2
6.28 5.36 0.92 2.08 0.16 0.14 1.54 1.32 4.75 4.32 0.43 -2.43 0.11 0.1 1.15 1.05 2
8.47 4.26 4.21 -5.21 0.16 0.08 2.05 1.03 4.21 4.86 -0.65 -1.35 0.09 0.1 1.03 1.19 3
5.52 7.5 -1.98 -0.02 0.09 0.12 1.32 1.8 5.21 5.16 0.05 2.95 0.11 0.11 1.27 1.26 3
5.4 4.52 0.88 2.12 0.1 0.08 1.31 1.1 5.22 3.75 1.47 2.53 0.1 0.07 1.27 0.91 1
4.49 4.5 -0.01 -0.99 0.09 0.09 1.1 1.1 5.49 3.49 2 0 0.12 0.08 1.34 0.85 3
3.21 4.86 -1.65 -5.35 0.06 0.09 0.78 1.18 5.15 2.06 3.09 -1.09 0.12 0.05 1.24 0.49 3
4.11 6.46 -2.35 0.35 0.09 0.14 1 1.58 2.68 5.81 -3.13 -0.87 0.07 0.14 0.65 1.41 3
4.35 3.88 0.47 -1.47 0.09 0.08 1.04 0.93 3.3 3.04 0.26 2.74 0.08 0.08 0.81 0.75 1
9.05 3.93 5.12 -0.12 0.14 0.06 1.77 0.77 7.62 8.13 -0.51 3.51 0.15 0.16 1.49 1.59 1
6.08 2.63 3.45 -0.45 0.11 0.05 1.16 0.5 6.95 6.2 0.75 5.25 0.1 0.08 1.36 1.21 2
7.06 5.66 1.4 2.6 0.12 0.1 1.38 1.11 4.66 7.32 -2.66 -1.34 0.08 0.13 0.91 1.43 1
2.96 4.11 -1.15 2.15 0.05 0.07 0.58 0.8 3.78 5.79 -2.01 -5.99 0.05 0.08 0.73 1.11 3
6.9 5.3 1.6 -0.6 0.1 0.08 1.35 1.03 4.58 5.99 -1.41 3.41 0.06 0.07 0.89 1.17 3
7.52 5.66 1.86 -3.86 0.12 0.09 1.46 1.1 8.69 7.32 1.37 -6.37 0.14 0.12 1.69 1.43 3
4.37 5.09 -0.72 2.72 0.09 0.1 0.85 0.99 4.76 3.52 1.24 -3.24 0.09 0.07 0.93 0.69 2
7.27 5.08 2.19 -0.19 0.12 0.08 1.43 1 6.02 9.35 -3.33 0.33 0.09 0.13 1.16 1.81 1
3.54 6.36 -2.82 0.82 0.07 0.13 0.69 1.24 6.4 4.95 1.45 -1.45 0.1 0.08 1.22 0.95 1
2.95 5.64 -2.69 3.69 0.05 0.1 0.57 1.1 4.93 8.06 -3.13 -0.87 0.08 0.13 0.97 1.59 2
4.91 9.62 -4.71 -2.29 0.07 0.15 0.8 1.57 6.6 6.82 -0.22 -1.78 0.1 0.1 1.06 1.09 1
8 9.53 -1.53 2.53 0.12 0.14 1.3 1.55 4.68 6.9 -2.22 3.22 0.07 0.1 0.75 1.11 2
10.34 7.54 2.8 -5.8 0.15 0.11 1.67 1.22 10.45 4.31 6.14 0.86 0.14 0.06 1.7 0.7 2
5.45 6.51 -1.06 4.06 0.05 0.07 0.89 1.06 7.14 2.78 4.36 -1.36 0.1 0.04 1.14 0.45 1
6.86 11.1 -4.24 -0.76 0.09 0.14 1.1 1.79 7.74 7.31 0.43 -4.43 0.12 0.11 1.25 1.18 1
7.1 7.26 -0.16 6.16 0.09 0.09 1.16 1.19 4.73 4.52 0.21 -1.21 0.06 0.06 0.77 0.74 3
6.19 9.79 -3.6 -0.4 0.08 0.13 1.01 1.6 7.42 6.17 1.25 -1.25 0.09 0.07 1.21 1 1
4.19 7.56 -3.37 -2.63 0.05 0.1 0.68 1.22 6.13 6.61 -0.48 2.48 0.1 0.11 1 1.07 1
9.36 5.91 3.45 3.55 0.14 0.09 1.53 0.97 9.02 5.92 3.1 0.9 0.13 0.08 1.48 0.97 3
6.28 5.28 1 -3 0.09 0.07 1.02 0.86 5.41 6.56 -1.15 1.15 0.08 0.1 0.88 1.07 2
8.26 8.96 -0.7 -2.3 0.09 0.1 1.15 1.25 9.17 10.17 -1 2 0.12 0.13 1.28 1.42 1
7.04 8.07 -1.03 -2.97 0.08 0.1 0.96 1.11 8.65 7.59 1.06 -3.06 0.09 0.08 1.21 1.06 2
9.82 6.48 3.34 1.66 0.12 0.08 1.38 0.91 6.16 10.06 -3.9 -1.1 0.08 0.13 0.86 1.4 2
5.4 5.07 0.33 -0.33 0.06 0.06 0.75 0.71 7.85 7.75 0.1 3.9 0.07 0.07 1.09 1.08 1
7.72 8.93 -1.21 1.21 0.1 0.12 1.08 1.25 6.78 9.19 -2.41 -2.59 0.07 0.09 0.94 1.27 2
5.32 8.07 -2.75 3.75 0.07 0.1 0.74 1.12 11.69 9.28 2.41 -5.41 0.14 0.11 1.62 1.28 2
8.26 10.17 -1.91 -5.09 0.11 0.14 1.15 1.41 9.92 6.71 3.21 2.79 0.12 0.08 1.39 0.94 2
12.19 5.66 6.53 0.47 0.15 0.07 1.69 0.78 9.72 11.62 -1.9 -0.1 0.1 0.12 1.35 1.61 3
7.76 9.2 -1.44 2.44 0.12 0.14 1.08 1.28 7.65 7.93 -0.28 5.28 0.09 0.09 1.07 1.11 3
8.38 5.18 3.2 -1.2 0.1 0.06 1.15 0.71 8.98 10.63 -1.65 0.65 0.1 0.12 1.26 1.49 1
7.58 11.46 -3.88 -1.12 0.09 0.14 0.92 1.39 9.83 10.54 -0.71 -1.29 0.09 0.1 1.2 1.29 3
12.34 10.47 1.87 -4.87 0.12 0.1 1.5 1.27 9.82 10.28 -0.46 0.46 0.1 0.1 1.2 1.26 3
11.22 7.9 3.32 1.68 0.12 0.08 1.37 0.96 9.88 12.07 -2.19 -4.81 0.11 0.13 1.2 1.47 1
10.82 13.1 -2.28 1.28 0.1 0.12 1.31 1.58 6.51 8.72 -2.21 3.21 0.07 0.09 0.79 1.06 1
7.95 10.71 -2.76 -2.24 0.07 0.1 0.96 1.3 9.99 9.25 0.74 -4.74 0.1 0.09 1.2 1.11 1
8.32 10.28 -1.96 3.96 0.07 0.08 1.02 1.26 7.96 10.27 -2.31 2.31 0.1 0.13 0.97 1.25 3
11.82 8.33 3.49 2.51 0.12 0.08 1.45 1.02 13.67 6.76 6.91 -0.91 0.14 0.07 1.65 0.82 2
8.72 8.13 0.59 5.41 0.08 0.07 1.07 1 9.24 10.1 -0.86 0.86 0.11 0.12 1.13 1.23 1
9.45 12.49 -3.04 1.04 0.09 0.12 1.16 1.53 7.93 5.54 2.39 -0.39 0.07 0.05 0.97 0.68 3
10.49 11.73 -1.24 -0.76 0.11 0.12 1.28 1.43 10.24 5.65 4.59 -1.59 0.1 0.06 1.23 0.68 3
12.04 12.04 0 3 0.11 0.11 1.31 1.31 12.33 13.36 -1.03 2.03 0.1 0.11 1.32 1.43 1
11.59 11.15 0.44 0.56 0.1 0.09 1.26 1.21 9.02 11.28 -2.26 -0.74 0.08 0.1 0.97 1.22 1
9.6 6.66 2.94 1.06 0.07 0.05 1.05 0.73 11.08 12.77 -1.69 -1.31 0.1 0.12 1.19 1.38 1
10.19 11.42 -1.23 0.23 0.1 0.11 1.11 1.24 8.95 10.93 -1.98 2.98 0.06 0.08 0.97 1.19 3
6.77 10.23 -3.46 2.46 0.06 0.1 0.73 1.11 14.9 9.79 5.11 0.89 0.13 0.09 1.63 1.07 2
11.67 13.2 -1.53 -6.47 0.11 0.13 1.25 1.42 8.19 13.22 -5.03 -2.97 0.08 0.13 0.88 1.43 1
10.56 10.32 0.24 -6.24 0.09 0.09 1.13 1.1 10.04 9.08 0.96 6.04 0.08 0.07 1.1 0.99 2
8.61 10.9 -2.29 3.29 0.1 0.13 0.93 1.18 10.57 14.16 -3.59 -0.41 0.09 0.12 1.15 1.54 3
15.13 9.84 5.29 0.71 0.14 0.09 1.63 1.06 12.35 9.69 2.66 3.34 0.11 0.08 1.33 1.05 2
11.28 6.24 5.04 -1.04 0.1 0.06 1.2 0.66 14.1 12.69 1.41 -7.41 0.12 0.11 1.52 1.37 3
14.67 13.46 1.21 -6.21 0.12 0.11 1.43 1.31 12.27 9.24 3.03 2.97 0.08 0.06 1.2 0.91 1
9.62 14.9 -5.28 -4.72 0.09 0.13 0.94 1.45 9.91 12.71 -2.8 -1.2 0.08 0.11 0.96 1.23 2
13.66 15.44 -1.78 -3.22 0.11 0.13 1.33 1.5 10.15 11.87 -1.72 1.72 0.09 0.11 0.99 1.15 1
10.04 12.09 -2.05 4.05 0.07 0.08 0.98 1.18 11.66 10.64 1.02 -7.02 0.09 0.08 1.13 1.03 1
16.65 10.78 5.87 0.13 0.13 0.09 1.63 1.06 13.06 13.47 -0.41 6.41 0.11 0.11 1.28 1.32 2
10.36 10.18 0.18 6.82 0.08 0.08 1.02 1 13.02 12.04 0.98 1.02 0.1 0.09 1.27 1.17 1
11.54 15.7 -4.16 1.16 0.09 0.12 1.13 1.53 11.35 12.51 -1.16 -0.84 0.1 0.11 1.11 1.22 3
13.35 14.63 -1.28 -4.72 0.12 0.13 1.3 1.42 16.13 10.64 5.49 0.51 0.13 0.09 1.57 1.03 1
13.76 14.38 -0.62 -1.38 0.1 0.1 1.33 1.39 12.05 6.81 5.24 -2.24 0.09 0.05 1.16 0.65 1
13.15 10.69 2.46 3.54 0.11 0.09 1.28 1.04 7.76 11.98 -4.22 3.22 0.06 0.1 0.75 1.16 2
11.87 12.44 -0.57 -6.43 0.09 0.09 1.04 1.09 12.52 16.89 -4.37 0.37 0.09 0.12 1.11 1.49 2
13.54 12.77 0.77 -0.77 0.09 0.09 1.2 1.13 11.84 12.3 -0.46 3.46 0.08 0.08 1.05 1.09 1
12.73 9.35 3.38 -2.38 0.1 0.07 1.11 0.82 16.99 11.61 5.38 0.62 0.12 0.08 1.52 1.04 2
12.54 13.49 -0.95 -0.05 0.1 0.1 1.11 1.19 14.14 15.78 -1.64 -2.36 0.1 0.11 1.25 1.39 1
8.42 14.13 -5.71 4.71 0.06 0.11 0.75 1.25 14.95 15.93 -0.98 -4.02 0.11 0.12 1.32 1.41 1
17.43 12.24 5.19 -0.19 0.13 0.09 1.54 1.08 11.04 15.18 -4.14 -5.86 0.09 0.12 0.98 1.34 1
10.19 14.13 -3.94 -0.06 0.08 0.11 0.9 1.25 11.09 10.7 0.39 8.61 0.08 0.07 0.99 0.96 2
10.49 12.35 -1.86 0.86 0.09 0.1 0.93 1.09 15.6 13.89 1.71 -5.71 0.12 0.1 1.38 1.23 2
12.7 10.17 2.53 2.47 0.08 0.06 1.13 0.91 16.3 15.06 1.24 -1.24 0.11 0.1 1.44 1.33 3
13.89 13.81 0.08 5.92 0.11 0.11 1.24 1.23 15.3 11.35 3.95 2.05 0.11 0.08 1.36 1.01 1
11.99 17.93 -5.94 -6.06 0.09 0.13 0.97 1.45 11.45 11.61 -0.16 9.16 0.07 0.07 0.94 0.95 3
15.21 16.86 -1.65 -4.35 0.1 0.11 1.23 1.37 12.25 12.46 -0.21 -6.79 0.08 0.08 0.99 1.01 1
17.71 14.98 2.73 -6.73 0.12 0.1 1.43 1.21 13.62 14.56 -0.94 1.94 0.1 0.1 1.11 1.18 1
16.13 11.76 4.37 0.63 0.11 0.08 1.31 0.96 13.28 10.01 3.27 -2.27 0.09 0.07 1.06 0.8 3
12.52 14.27 -1.75 2.75 0.08 0.09 1.02 1.16 11.1 14.49 -3.39 -0.61 0.08 0.1 0.9 1.17 3
20.08 17.78 2.3 0.7 0.12 0.11 1.63 1.44 11.58 14.46 -2.88 1.88 0.09 0.11 0.94 1.17 2
17.65 12.16 5.49 0.51 0.12 0.09 1.44 0.99 15.42 13.95 1.47 0.53 0.09 0.08 1.26 1.14 2
20.18 13.19 6.99 0.01 0.14 0.09 1.63 1.07 9.53 16.25 -6.72 6.72 0.06 0.11 0.77 1.32 2
17.07 17.04 0.03 -6.03 0.12 0.12 1.38 1.38 14.3 14.64 -0.34 7.34 0.1 0.11 1.17 1.2 3
12.54 17.27 -4.73 0.73 0.09 0.12 1.02 1.4 15.51 13.45 2.06 -0.06 0.09 0.08 1.26 1.09 3
17.06 13.84 3.22 -0.22 0.1 0.08 1.28 1.04 15.54 17.22 -1.68 -3.32 0.1 0.11 1.16 1.29 3
12.61 12.79 -0.18 -7.82 0.08 0.08 0.94 0.96 18.75 15.59 3.16 -5.16 0.12 0.1 1.4 1.17 2
11.88 15.98 -4.1 3.1 0.09 0.11 0.89 1.2 17.95 13.27 4.68 1.32 0.12 0.09 1.35 1 2
16.53 14.25 2.28 -0.28 0.08 0.07 1.25 1.07 17.85 13.69 4.16 -0.16 0.11 0.08 1.34 1.03 1
17.55 16.2 1.35 6.65 0.11 0.1 1.32 1.22 21.26 13.4 7.86 -0.86 0.13 0.08 1.59 1 2
9.74 17.33 -7.59 7.59 0.06 0.11 0.73 1.3 13.24 19.69 -6.45 -6.55 0.08 0.12 0.99 1.48 2
13.01 15.33 -2.32 0.32 0.08 0.1 0.97 1.14 12.93 18.82 -5.89 0.89 0.08 0.12 0.97 1.41 2
15.21 11.73 3.48 -1.48 0.1 0.07 1.12 0.87 18.63 20.29 -1.66 -5.34 0.11 0.12 1.39 1.51 1
14.23 15.6 -1.37 0.37 0.09 0.1 1.07 1.17 21.6 18.08 3.52 -0.52 0.12 0.1 1.62 1.35 3
13.21 12.86 0.35 9.65 0.08 0.08 1 0.97 13.36 16.18 -2.82 1.82 0.07 0.09 1 1.21 1
19.32 16.34 2.98 0.02 0.11 0.09 1.35 1.14 12.82 17.08 -4.26 3.26 0.09 0.12 0.89 1.19 3
14.77 19.96 -5.19 -7.81 0.09 0.12 1.03 1.39 13.57 17.93 -4.36 2.36 0.07 0.09 0.94 1.24 3
16.04 18.27 -2.23 -0.77 0.1 0.11 1.12 1.27 13.85 16.12 -2.27 0.27 0.08 0.09 0.96 1.12 2
20.24 16.39 3.85 -5.85 0.12 0.1 1.4 1.14 18.11 14.34 3.77 -2.77 0.1 0.08 1.26 1 1
19.9 22.48 -2.58 -5.42 0.11 0.13 1.38 1.56 19.18 15.72 3.46 -0.46 0.09 0.07 1.34 1.1 3
21.41 13.73 7.68 -0.68 0.13 0.08 1.49 0.96 17.4 13 4.4 -1.4 0.1 0.07 1.2 0.89 2
13.72 19.66 -5.94 0.94 0.08 0.11 0.96 1.37 14.96 13.07 1.89 9.11 0.08 0.07 1.05 0.91 2
19.05 14.21 4.84 1.16 0.11 0.08 1.33 0.99 14.66 19.12 -4.46 -3.54 0.09 0.12 1.02 1.34 1
10.01 18.86 -8.85 8.85 0.06 0.11 0.7 1.31 17.88 16.35 1.53 6.47 0.11 0.1 1.25 1.14 1
25.12 18.51 6.61 3.39 0.13 0.09 1.75 1.29 13.41 14.28 -0.87 -7.13 0.08 0.08 0.93 0.99 3
16.65 16.87 -0.22 -1.78 0.09 0.09 1.07 1.09 22.51 17.35 5.16 -4.16 0.12 0.1 1.46 1.12 1
15.9 18.28 -2.38 -4.62 0.08 0.1 1.03 1.18 23.62 15.32 8.3 3.7 0.12 0.08 1.54 1 3
13.35 17.98 -4.63 5.63 0.09 0.12 0.87 1.17 21.32 24.24 -2.92 -6.08 0.11 0.12 1.38 1.57 2
18.23 15.01 3.22 -0.22 0.1 0.08 1.17 0.96 10.96 22.1 -11.14 13.14 0.06 0.12 0.71 1.44 1
13.85 18.85 -5 5 0.07 0.1 0.9 1.22 16.37 20.65 -4.28 -0.72 0.09 0.11 1.07 1.34 1
15.77 23.69 -7.92 -6.08 0.09 0.14 1.03 1.55 20.22 16.87 3.35 -2.35 0.1 0.09 1.32 1.1 2
15.95 15.72 0.23 10.77 0.08 0.08 1.04 1.03 16.79 21.07 -4.28 1.28 0.09 0.12 1.09 1.37 1
20.94 17.14 3.8 0.2 0.09 0.07 1.37 1.12 23.42 14.56 8.86 -1.86 0.13 0.08 1.52 0.94 1
19.07 16.61 2.46 -4.46 0.09 0.08 1.24 1.08 29.12 21 8.12 0.88 0.14 0.1 1.89 1.36 2
21.12 17.3 3.82 2.18 0.11 0.09 1.38 1.13 15.69 20.24 -4.55 -10.45 0.09 0.11 1.02 1.32 1
28.76 16.95 11.81 1.19 0.14 0.08 1.75 1.03 19.64 18.08 1.56 -3.56 0.09 0.08 1.2 1.11 1
15.94 22.38 -6.44 -11.56 0.09 0.12 0.97 1.36 17.55 22.14 -4.59 -2.41 0.09 0.11 1.07 1.35 2
17.41 22.6 -5.19 0.19 0.09 0.12 1.06 1.38 15.34 20.03 -4.69 6.69 0.07 0.09 0.93 1.22 3
20.72 17.63 3.09 -2.09 0.1 0.08 1.26 1.08 17.53 23.42 -5.89 -2.11 0.08 0.11 1.06 1.41 1
23.26 17.55 5.71 3.29 0.11 0.09 1.42 1.07 19.8 15.97 3.83 1.17 0.1 0.08 1.19 0.96 3
30.59 21.57 9.02 -0.02 0.13 0.09 1.87 1.32 17.12 17.68 -0.56 -0.44 0.09 0.09 1.04 1.07 1
24.86 16.94 7.92 -1.92 0.13 0.09 1.51 1.03 14.94 18.65 -3.71 4.71 0.08 0.11 0.91 1.13 1
21.99 25.83 -3.84 -5.16 0.11 0.13 1.33 1.57 16.53 24.19 -7.66 -6.34 0.09 0.13 1.01 1.48 1
11.92 23.67 -11.75 11.75 0.06 0.11 0.73 1.44 23.32 18.58 4.74 0.26 0.09 0.07 1.43 1.14 3
23.32 17.82 5.5 -5.5 0.12 0.09 1.41 1.08 17.48 16.34 1.14 11.86 0.08 0.08 1.07 1 2
19.19 27.21 -8.02 -2.98 0.09 0.12 1.09 1.55 23.34 26.08 -2.74 -3.26 0.11 0.12 1.33 1.49 3
17.73 23.53 -5.8 -12.2 0.09 0.12 1.02 1.35 21.8 17.09 4.71 1.29 0.1 0.08 1.23 0.97 3
17.86 17.18 0.68 12.32 0.08 0.08 1.03 0.99 32.56 21.83 10.73 0.27 0.13 0.09 1.87 1.25 1
25.89 19.95 5.94 0.06 0.1 0.07 1.49 1.15 24.38 19.55 4.83 3.17 0.11 0.09 1.4 1.12 1
16.78 25.54 -8.76 -8.24 0.09 0.13 0.97 1.47 28.12 17.6 10.52 -2.52 0.13 0.08 1.61 1.01 2
16.71 20.53 -3.82 7.82 0.07 0.09 0.96 1.18 24.16 18.2 5.96 -5.96 0.12 0.09 1.38 1.04 1
19.95 20.97 -1.02 -5.98 0.09 0.09 1.15 1.21 24.51 19.29 5.22 -1.22 0.11 0.08 1.41 1.11 2
17.38 19.65 -2.27 -0.73 0.09 0.1 0.99 1.12 31.65 17.26 14.39 3.61 0.14 0.08 1.82 0.99 2
18.7 23.93 -5.23 -1.77 0.09 0.12 1.08 1.38 17.91 23.97 -6.06 -0.94 0.09 0.12 1.03 1.38 2
15.6 21.91 -6.31 5.31 0.09 0.12 0.89 1.25 13.29 26.24 -12.95 11.95 0.06 0.12 0.76 1.5 1
13.79 28.74 -14.95 10.95 0.06 0.12 0.75 1.56 17.01 25.98 -8.97 -8.03 0.09 0.13 0.93 1.42 2
24.54 22.68 1.86 1.14 0.11 0.1 1.33 1.23 18.1 22.41 -4.31 6.31 0.09 0.11 0.98 1.21 3
24.69 27.3 -2.61 -2.39 0.11 0.12 1.33 1.47 20.55 21.74 -1.19 -5.81 0.08 0.09 1.12 1.18 3
25.1 19.79 5.31 -6.31 0.12 0.09 1.36 1.07 21.41 25.34 -3.93 -3.07 0.09 0.11 1.16 1.38 2
23.72 17.77 5.95 1.05 0.1 0.08 1.27 0.95 29.02 20.11 8.91 2.09 0.1 0.07 1.58 1.1 3
32.34 17.65 14.69 3.31 0.14 0.08 1.76 0.96 19.23 17.91 1.32 12.68 0.08 0.08 1.05 0.98 2
19.32 26.68 -7.36 0.36 0.09 0.13 1.05 1.45 18.41 25.45 -7.04 -11.96 0.09 0.12 1 1.38 3
28.56 17.83 10.73 -2.73 0.13 0.08 1.55 0.97 20.41 28.56 -8.15 -3.85 0.09 0.12 1.1 1.54 3
25.28 19.89 5.39 -1.39 0.1 0.08 1.37 1.08 17.77 20.34 -2.57 -0.43 0.09 0.1 0.96 1.1 2
33.29 23.2 10.09 -0.09 0.13 0.09 1.81 1.26 18.3 21.47 -3.17 8.17 0.07 0.09 0.99 1.16 3
33.91 24.14 9.77 -1.77 0.13 0.09 1.74 1.24 22.58 26.65 -4.07 -2.93 0.09 0.11 1.16 1.37 1
26.41 20.96 5.45 -6.45 0.11 0.09 1.35 1.07 19.82 28.19 -8.37 0.37 0.09 0.13 1.02 1.45 3
25.55 28.51 -2.96 -3.04 0.11 0.12 1.31 1.46 18.12 21.77 -3.65 0.65 0.08 0.1 0.92 1.11 1
26.08 23.03 3.05 -2.05 0.11 0.09 1.34 1.18 17.76 28.22 -10.46 -6.54 0.08 0.13 0.92 1.46 3
29.66 19.89 9.77 -3.77 0.13 0.09 1.52 1.02 21.76 22.6 -0.84 -5.16 0.09 0.09 1.12 1.17 1
25.23 19.75 5.48 -1.48 0.1 0.08 1.28 1 18.45 23.95 -5.5 9.5 0.09 0.11 0.94 1.23 1
31 21.62 9.38 4.62 0.1 0.07 1.6 1.12 19.92 25.95 -6.03 -11.97 0.09 0.12 1.03 1.34 2
26.71 20.24 6.47 -2.47 0.1 0.08 1.37 1.04 19.85 18.05 1.8 12.2 0.08 0.07 1.02 0.93 3
32.48 18.27 14.21 3.79 0.14 0.08 1.67 0.94 19.24 22.09 -2.85 9.85 0.08 0.09 0.99 1.13 1
16.03 29.49 -13.46 9.46 0.06 0.12 0.82 1.51 22.47 29.66 -7.19 -2.81 0.09 0.12 1.15 1.51 2
18.67 23.08 -4.41 -0.59 0.08 0.1 0.9 1.12 30.88 20.91 9.97 -2.97 0.13 0.09 1.51 1.02 2
22.51 29.88 -7.37 -2.63 0.09 0.12 1.09 1.45 26.43 24.54 1.89 -2.89 0.1 0.1 1.29 1.2 2
21.47 20.19 1.28 13.72 0.08 0.08 1.05 0.99 26.86 29.06 -2.2 -1.8 0.11 0.12 1.31 1.41 1
20.21 29.44 -9.23 3.23 0.09 0.13 0.98 1.43 35.15 24.93 10.22 -1.22 0.12 0.09 1.72 1.22 3
22.78 23.82 -1.04 -5.96 0.09 0.09 1.12 1.17 16.25 29.53 -13.28 9.28 0.06 0.12 0.79 1.44 1
19.27 28.57 -9.3 -5.7 0.08 0.12 0.95 1.4 27.02 19.94 7.08 -1.08 0.1 0.08 1.3 0.96 3
21.11 26.93 -5.82 -12.18 0.09 0.12 1.03 1.32 27.66 21.35 6.31 -9.31 0.11 0.09 1.34 1.03 1
19.4 23.05 -3.65 6.65 0.07 0.09 0.95 1.13 28.85 21.86 6.99 -3.99 0.1 0.08 1.41 1.07 3
18.64 25.74 -7.1 9.1 0.08 0.12 0.91 1.25 31.98 22.81 9.17 4.83 0.1 0.07 1.57 1.12 2
23.37 27.89 -4.52 -3.48 0.09 0.11 1.14 1.36 33.44 18.43 15.01 6.99 0.14 0.07 1.64 0.9 1
27.64 25.44 2.2 -3.2 0.1 0.09 1.28 1.18 24.31 24.27 0.04 -5.04 0.09 0.09 1.14 1.13 1
31.5 21.2 10.3 -3.3 0.13 0.08 1.47 0.99 22.65 20.44 2.21 13.79 0.08 0.08 1.06 0.96 3
27.38 20.4 6.98 0.02 0.1 0.08 1.26 0.94 23.41 31.09 -7.68 -2.32 0.09 0.12 1.08 1.44 2
30.29 22.36 7.93 -1.93 0.1 0.07 1.41 1.04 25.49 28.28 -2.79 -2.21 0.1 0.11 1.18 1.31 1
16.7 31.06 -14.36 8.36 0.06 0.12 0.78 1.45 18.96 23.7 -4.74 -0.26 0.08 0.1 0.88 1.09 3
33 23.79 9.21 4.79 0.1 0.07 1.54 1.11 19.73 28.93 -9.2 -6.8 0.08 0.12 0.92 1.35 1
27.11 30.24 -3.13 -1.87 0.1 0.12 1.26 1.4 19.9 24.49 -4.59 4.59 0.07 0.09 0.93 1.14 1
37.47 27.48 9.99 0.01 0.13 0.09 1.75 1.28 28.09 22.83 5.26 -10.26 0.11 0.09 1.3 1.05 1
19.62 26.76 -7.14 9.14 0.08 0.12 0.91 1.24 22.59 27.36 -4.77 -11.23 0.09 0.11 1.05 1.28 3
33.83 20.55 13.28 5.72 0.13 0.08 1.58 0.96 22.76 31.76 -9 2 0.09 0.13 1.06 1.47 2
24.55 20.55 4 13 0.09 0.07 1.1 0.92 17.27 32.3 -15.03 8.03 0.06 0.12 0.77 1.44 3
23.72 32.51 -8.79 1.79 0.09 0.13 1.05 1.44 31.02 23.2 7.82 -0.82 0.1 0.08 1.38 1.03 3
20.56 31.13 -10.57 -7.43 0.08 0.12 0.92 1.39 20.49 27.76 -7.27 8.27 0.08 0.11 0.9 1.23 1
25.04 25.28 -0.24 -6.76 0.08 0.08 1.11 1.12 28.94 20.63 8.31 -1.31 0.1 0.07 1.27 0.91 2
21.13 26.17 -5.04 4.04 0.08 0.09 0.94 1.16 31.61 23.1 8.51 -2.51 0.12 0.09 1.4 1.03 2
28.88 23.8 5.08 -12.08 0.11 0.09 1.27 1.05 34.58 21.51 13.07 5.93 0.13 0.08 1.54 0.96 1
23.64 32.65 -9.01 -0.99 0.09 0.13 1.04 1.44 35.2 24.62 10.58 5.42 0.1 0.07 1.57 1.1 2
26.33 29.01 -2.68 -3.32 0.1 0.11 1.17 1.29 28.79 31.47 -2.68 -1.32 0.1 0.11 1.27 1.39 3
23.59 28.23 -4.64 -10.36 0.09 0.11 1.05 1.25 38.44 28.27 10.17 1.83 0.13 0.09 1.71 1.26 3
20.2 24.27 -4.07 0.07 0.08 0.1 0.89 1.07 28.65 26.17 2.48 -1.48 0.1 0.09 1.27 1.16 1
34.74 23.55 11.19 5.81 0.13 0.09 1.48 1.01 42.07 29.37 12.7 0.3 0.13 0.09 1.79 1.25 3
19.28 34.13 -14.85 9.85 0.07 0.12 0.82 1.45 21.37 27.53 -6.16 5.16 0.07 0.09 0.9 1.16 1
37.14 26.2 10.94 5.06 0.1 0.07 1.58 1.12 25.64 26.48 -0.84 -6.16 0.08 0.09 1.09 1.12 3
21.74 31.49 -9.75 -7.25 0.08 0.12 0.93 1.34 24.69 31.86 -7.17 -8.83 0.09 0.12 1.05 1.36 3
29.06 27.39 1.67 -1.67 0.1 0.09 1.23 1.16 26.38 22.56 3.82 11.18 0.09 0.07 1.12 0.96 2
31.06 31.9 -0.84 -2.16 0.11 0.11 1.31 1.35 24.83 34 -9.17 1.17 0.09 0.13 1.05 1.44 1
30.14 21.23 8.91 -1.91 0.1 0.07 1.27 0.89 21.42 24.68 -3.26 0.26 0.08 0.09 0.9 1.04 2
32.51 24.31 8.2 -0.2 0.1 0.08 1.38 1.03 30.92 23.96 6.96 -11.96 0.11 0.09 1.31 1.01 3
20.85 28.94 -8.09 8.09 0.08 0.11 0.88 1.22 25.22 34.59 -9.37 -0.63 0.09 0.13 1.06 1.46 1
32.97 23.34 9.63 -3.63 0.12 0.09 1.4 0.99 26.76 31.28 -4.52 -2.48 0.1 0.12 1.13 1.33 1
27.18 32.37 -5.19 -2.81 0.1 0.12 1.1 1.32 21.19 35.16 -13.97 9.97 0.07 0.12 0.86 1.43 2
27.14 23.96 3.18 11.82 0.09 0.08 1.11 0.98 30.89 22.79 8.1 -1.1 0.1 0.07 1.24 0.92 1
25.98 36.18 -10.2 -0.8 0.09 0.13 1.06 1.47 34.06 23.76 10.3 -3.3 0.12 0.08 1.38 0.96 3
25.78 33.2 -7.42 -6.58 0.09 0.12 1.05 1.35 35.98 25.73 10.25 5.75 0.13 0.09 1.47 1.05 1
22.98 25.43 -2.45 -0.55 0.08 0.09 0.93 1.03 37.57 27.52 10.05 4.95 0.1 0.07 1.53 1.12 2
31.33 25.27 6.06 -9.06 0.11 0.09 1.27 1.02 33.24 33.05 0.19 -0.19 0.11 0.11 1.35 1.34 3
25.43 35.48 -10.05 -1.95 0.09 0.12 1.03 1.44 23.08 32.58 -9.5 -9.5 0.08 0.12 0.94 1.33 3
26.96 26.91 0.05 -6.05 0.08 0.08 1.1 1.09 21.74 29.15 -7.41 9.41 0.08 0.11 0.88 1.18 2
44.25 30.61 13.64 0.36 0.13 0.09 1.8 1.25 33.82 24.72 9.1 -3.1 0.1 0.08 1.37 1 3
22.4 29.44 -7.04 5.04 0.07 0.1 0.91 1.19 30.46 28.15 2.31 -2.31 0.1 0.09 1.23 1.14 2
31.66 24.6 7.06 -2.06 0.1 0.08 1.22 0.95 23.38 30.15 -6.77 4.77 0.07 0.09 0.91 1.17 1
22.38 31 -8.62 10.62 0.08 0.11 0.87 1.2 23.48 26.03 -2.55 -0.45 0.08 0.09 0.91 1.01 3
38.17 28.02 10.15 4.85 0.09 0.07 1.49 1.1 28.95 24.73 4.22 12.78 0.09 0.08 1.13 0.97 1
23.57 33.51 -9.94 -8.06 0.08 0.12 0.92 1.31 28.81 27.55 1.26 -7.26 0.09 0.08 1.12 1.08 2
31.17 29.13 2.04 -2.04 0.1 0.09 1.21 1.13 28.36 33.14 -4.78 -3.22 0.1 0.11 1.11 1.29 1
21.96 36.34 -14.38 10.38 0.07 0.12 0.86 1.42 26.78 38.93 -12.15 0.15 0.09 0.13 1.04 1.52 2
34.23 35.15 -0.92 2.92 0.11 0.11 1.33 1.37 44.52 32.5 12.02 -0.02 0.13 0.09 1.74 1.27 2
36.81 24.56 12.25 -4.25 0.13 0.08 1.43 0.96 33.43 26.26 7.17 -12.17 0.11 0.08 1.3 1.02 3
26.36 35.97 -9.61 -3.39 0.09 0.12 1.02 1.39 26.52 34 -7.48 -5.52 0.09 0.12 1.04 1.33 2
35.71 24.99 10.72 -2.72 0.11 0.07 1.39 0.98 36.78 26.47 10.31 4.69 0.13 0.09 1.44 1.04 3
23.55 35.43 -11.88 5.88 0.07 0.11 0.88 1.32 39.49 28.73 10.76 5.24 0.09 0.07 1.49 1.08 3
26.88 34.12 -7.24 -5.76 0.09 0.11 1.01 1.28 36.93 25.78 11.15 -4.15 0.1 0.07 1.39 0.97 2
29.18 39.3 -10.12 -1.88 0.09 0.12 1.09 1.47 33.07 29.75 3.32 0.68 0.1 0.09 1.24 1.11 1
35.07 27.67 7.4 -11.4 0.11 0.09 1.31 1.03 22.33 38.74 -16.41 12.41 0.07 0.12 0.84 1.46 2
45 32.92 12.08 -0.08 0.13 0.09 1.7 1.24 38.22 26.2 12.02 -5.02 0.12 0.09 1.43 0.98 3
37.57 27.69 9.88 6.12 0.13 0.09 1.42 1.04 34.65 35.63 -0.98 2.98 0.11 0.11 1.3 1.33 3
29.66 26.05 3.61 12.39 0.09 0.08 1.12 0.98 22.85 31.35 -8.5 8.5 0.08 0.11 0.85 1.17 1
23.83 26.5 -2.67 1.67 0.08 0.09 0.89 0.99 25.15 34.55 -9.4 -8.6 0.08 0.11 0.95 1.3 3
29.85 29.13 0.72 -6.72 0.09 0.09 1.12 1.09 26.48 36.33 -9.85 -3.15 0.09 0.12 0.99 1.36 1
28.98 35.04 -6.06 -5.94 0.09 0.11 1.09 1.32 36.94 24.77 12.17 -3.17 0.11 0.07 1.37 0.92 3
23.23 33.49 -10.26 7.26 0.08 0.11 0.84 1.21 25.11 37.25 -12.14 4.14 0.07 0.11 0.9 1.34 1
26.71 35.6 -8.89 -8.11 0.09 0.11 0.96 1.28 31.8 26.43 5.37 13.63 0.09 0.08 1.15 0.96 2
33.42 31.64 1.78 -0.78 0.1 0.1 1.2 1.14 37.73 28.38 9.35 -13.35 0.11 0.08 1.36 1.02 3
35.01 36.16 -1.15 4.15 0.11 0.11 1.26 1.3 38.03 28.25 9.78 -2.78 0.1 0.08 1.37 1.02 2
38.7 27.54 11.16 -3.16 0.12 0.09 1.39 0.99 38.1 28.05 10.05 4.95 0.12 0.09 1.38 1.02 1
32.48 30.11 2.37 -5.37 0.09 0.09 1.17 1.09 29.35 35.22 -5.87 -7.13 0.09 0.11 1.06 1.27 2
27.46 38.96 -11.5 -4.5 0.09 0.12 0.99 1.4 24.88 28.06 -3.18 1.18 0.08 0.09 0.89 1.01 2
38.26 25.55 12.71 -2.71 0.11 0.07 1.37 0.91 31.07 39.65 -8.58 -0.42 0.1 0.12 1.12 1.43 3
41.31 30.29 11.02 6.98 0.1 0.07 1.49 1.1 29.76 36.36 -6.6 -6.4 0.09 0.11 1.08 1.31 3
23.04 41.4 -18.36 14.36 0.07 0.13 0.83 1.5 46.34 33.4 12.94 -1.94 0.13 0.09 1.68 1.21 3
26.64 39.18 -12.54 2.54 0.07 0.11 0.93 1.36 26.82 35.89 -9.07 -7.93 0.08 0.11 0.93 1.25 2
38.91 29.66 9.25 4.75 0.12 0.09 1.36 1.04 24.1 43.06 -18.96 13.96 0.07 0.13 0.84 1.51 2
25.18 29.04 -3.86 1.86 0.08 0.09 0.87 1.01 33.92 30.17 3.75 -6.75 0.09 0.08 1.18 1.05 3
30.46 37.82 -7.36 -2.64 0.09 0.11 1.06 1.32 25.16 35.02 -9.86 8.86 0.08 0.12 0.88 1.22 2
40.36 29.46 10.9 -3.9 0.11 0.08 1.41 1.03 40.31 28.35 11.96 -2.96 0.12 0.09 1.4 0.98 1
32.09 26.54 5.55 13.45 0.09 0.07 1.12 0.93 28.44 39.26 -10.82 -5.18 0.09 0.12 0.99 1.36 1
48 34.46 13.54 -1.54 0.13 0.09 1.68 1.21 33.94 31.77 2.17 -2.17 0.1 0.09 1.18 1.1 1
32.39 41.69 -9.3 1.3 0.1 0.12 1.13 1.45 42.77 30.99 11.78 3.22 0.1 0.07 1.49 1.08 3
29.41 36.66 -7.25 -5.75 0.09 0.11 1.03 1.28 36.22 38.49 -2.27 5.27 0.11 0.12 1.26 1.34 1
37.86 28.9 8.96 -11.96 0.11 0.08 1.31 1 40.3 26.87 13.43 -4.43 0.11 0.08 1.39 0.93 2
27.75 36.72 -8.97 -8.03 0.08 0.11 0.93 1.23 31.2 39.13 -7.93 -2.07 0.09 0.11 1.05 1.32 2
34.19 33.7 0.49 -2.49 0.1 0.1 1.15 1.13 39.45 29.91 9.54 4.46 0.12 0.09 1.33 1.01 1
41.41 29.28 12.13 -4.13 0.12 0.09 1.39 0.98 37.19 41.91 -4.72 4.72 0.11 0.12 1.25 1.41 1
41.11 27.76 13.35 -4.35 0.11 0.08 1.37 0.92 49.93 34.71 15.22 -1.22 0.13 0.09 1.69 1.17 3
29.63 42.32 -12.69 -5.31 0.09 0.13 0.99 1.42 27.47 40.11 -12.64 2.64 0.07 0.11 0.92 1.35 2
24.35 43.6 -19.25 14.25 0.07 0.13 0.82 1.47 41.29 30.56 10.73 -2.73 0.1 0.08 1.39 1.03 1
45.61 31.91 13.7 3.3 0.1 0.07 1.54 1.08 38.75 29.71 9.04 -12.04 0.11 0.08 1.3 1 2
35.33 31.07 4.26 -5.26 0.09 0.08 1.19 1.04 35.15 27.73 7.42 13.58 0.09 0.07 1.19 0.94 3
26.08 30.45 -4.37 0.37 0.08 0.09 0.87 1.02 32.83 37.63 -4.8 -5.2 0.1 0.11 1.11 1.27 3
26.47 35.76 -9.29 8.29 0.08 0.11 0.89 1.2 33.31 44.53 -11.22 1.22 0.09 0.13 1.12 1.49 1
27.91 40.95 -13.04 3.04 0.07 0.11 0.91 1.33 35.74 32.45 3.29 -6.29 0.09 0.08 1.16 1.06 3
37.81 43.42 -5.61 4.61 0.11 0.12 1.23 1.41 25.11 44.77 -19.66 15.66 0.07 0.13 0.82 1.46 1
40.48 30.35 10.13 -13.13 0.11 0.08 1.31 0.98 27.32 37.16 -9.84 9.84 0.08 0.11 0.89 1.21 1
40.13 31.29 8.84 2.16 0.12 0.09 1.31 1.02 43.25 30.32 12.93 -6.93 0.11 0.08 1.39 0.98 2
34.54 38.12 -3.58 -5.42 0.1 0.11 1.13 1.24 42.92 29.9 13.02 -4.02 0.13 0.09 1.39 0.97 2
42.46 31.32 11.14 -4.14 0.1 0.08 1.38 1.02 35.57 34.38 1.19 -0.19 0.1 0.09 1.15 1.11 1
34.71 45.38 -10.67 -0.33 0.1 0.13 1.13 1.47 28.18 38.06 -9.88 -7.12 0.08 0.11 0.91 1.24 1
32.54 39.56 -7.02 -2.98 0.09 0.11 1.06 1.29 30.47 42.76 -12.29 -5.71 0.09 0.12 0.99 1.39 2
52.49 36.85 15.64 1.36 0.13 0.09 1.71 1.2 46.25 33.64 12.61 4.39 0.1 0.07 1.51 1.1 1
36.53 28.14 8.39 14.61 0.09 0.07 1.19 0.92 26.57 32.16 -5.59 0.59 0.08 0.09 0.86 1.04 1
37.05 36.29 0.76 -0.76 0.1 0.1 1.16 1.14 38.88 44.7 -5.82 5.82 0.11 0.12 1.22 1.41 2
26.68 33.51 -6.83 0.83 0.07 0.09 0.83 1.05 28.54 44.05 -15.51 3.51 0.07 0.11 0.9 1.38 3
43.3 32.02 11.28 -5.28 0.11 0.08 1.35 1 44.37 32.8 11.57 -3.57 0.1 0.08 1.39 1.03 1
46.76 35.49 11.27 3.73 0.1 0.07 1.48 1.12 41.83 31.34 10.49 0.51 0.12 0.09 1.32 0.99 1
31.54 44.08 -12.54 -5.46 0.09 0.12 0.99 1.38 36.41 47.06 -10.65 0.65 0.1 0.13 1.14 1.48 1
38.84 33.08 5.76 -6.76 0.09 0.08 1.22 1.04 33.86 40.63 -6.77 -3.23 0.09 0.11 1.07 1.28 3
28.01 39.22 -11.21 9.21 0.08 0.12 0.88 1.23 54.34 37.36 16.98 2.02 0.13 0.09 1.72 1.18 1
29.86 39.76 -9.9 -8.1 0.09 0.11 0.94 1.25 42.54 31.04 11.5 -12.5 0.11 0.08 1.33 0.97 2
37.88 28.25 9.63 14.37 0.09 0.07 1.19 0.89 36.1 38.34 -2.24 -6.76 0.1 0.1 1.14 1.21 1
26.39 45.84 -19.45 14.45 0.07 0.13 0.83 1.45 43.14 31.46 11.68 -2.68 0.12 0.09 1.35 0.98 1
39.39 45.71 -6.32 6.32 0.11 0.12 1.2 1.39 43.97 32.68 11.29 -4.29 0.11 0.08 1.32 0.98 3
36.58 38.86 -2.28 -7.72 0.1 0.1 1.12 1.18 28.27 46.37 -18.1 14.1 0.08 0.13 0.86 1.42 2
37.24 50.91 -13.67 2.67 0.1 0.14 1.13 1.55 39.33 33.62 5.71 -7.71 0.09 0.08 1.2 1.03 2
43.93 31.37 12.56 -13.56 0.11 0.08 1.33 0.95 35.39 44.91 -9.52 -7.48 0.09 0.12 1.07 1.36 3
55.82 38.95 16.87 1.13 0.13 0.09 1.71 1.19 30.19 41.15 -10.96 -7.04 0.09 0.12 0.92 1.25 1
43.67 33.34 10.33 -2.33 0.12 0.09 1.32 1.01 38.06 36.8 1.26 -1.26 0.1 0.09 1.16 1.12 3
34.4 41.12 -6.72 -2.28 0.09 0.1 1.05 1.25 27.39 34.45 -7.06 -0.94 0.07 0.09 0.83 1.04 3
43.57 33.93 9.64 -2.64 0.12 0.09 1.33 1.04 29.6 40.7 -11.1 10.1 0.08 0.12 0.9 1.24 3
29.48 44.76 -15.28 5.28 0.07 0.11 0.9 1.36 38.4 28.73 9.67 15.33 0.09 0.07 1.17 0.88 3
45.03 33.47 11.56 -4.56 0.1 0.08 1.37 1.02 49.35 37.23 12.12 6.88 0.1 0.07 1.51 1.14 2
36.52 46.08 -9.56 -6.44 0.09 0.12 1.07 1.36 56.97 39.9 17.07 3.93 0.13 0.09 1.69 1.18 1
30.66 41.79 -11.13 11.13 0.09 0.12 0.91 1.23 45.93 34.76 11.17 -4.17 0.1 0.08 1.35 1.02 1
46.65 33.54 13.11 -4.11 0.11 0.08 1.36 0.98 44.58 34.01 10.57 -3.57 0.12 0.09 1.31 1 1
50.64 38.13 12.51 6.49 0.1 0.07 1.5 1.13 40.25 48.39 -8.14 6.14 0.11 0.13 1.19 1.43 1
31.14 42.3 -11.16 -9.84 0.09 0.12 0.92 1.25 44.66 34.99 9.67 -3.67 0.12 0.09 1.33 1.04 2
38.73 37.71 1.02 -0.02 0.1 0.09 1.14 1.11 28.86 47.8 -18.94 14.94 0.08 0.13 0.86 1.42 1
38.99 30.11 8.88 18.12 0.09 0.07 1.15 0.89 35.79 41.77 -5.98 -4.02 0.09 0.1 1.06 1.23 1
39.81 34.62 5.19 -7.19 0.09 0.08 1.18 1.02 45.1 32.5 12.6 -14.6 0.11 0.08 1.33 0.96 3
28.04 35.84 -7.8 0.8 0.07 0.09 0.82 1.05 38.24 51.39 -13.15 2.15 0.1 0.13 1.13 1.51 3
30.86 45.35 -14.49 2.49 0.07 0.11 0.91 1.34 38.01 39.45 -1.44 -8.56 0.1 0.1 1.12 1.17 3
29.65 49.83 -20.18 15.18 0.08 0.13 0.85 1.43 49.06 34.29 14.77 -2.77 0.12 0.08 1.39 0.97 2
45.33 36.42 8.91 -4.91 0.12 0.1 1.29 1.04 53.5 39.56 13.94 7.06 0.1 0.07 1.54 1.14 3
46.43 32.87 13.56 -13.56 0.11 0.08 1.33 0.94 28.5 36.27 -7.77 -2.23 0.07 0.09 0.81 1.03 2
47.18 36.25 10.93 -5.93 0.1 0.08 1.35 1.04 31.8 43.55 -11.75 -9.25 0.09 0.12 0.91 1.25 1
36.13 44.53 -8.4 -3.6 0.08 0.1 1.04 1.28 31.76 47.57 -15.81 0.81 0.07 0.11 0.91 1.36 3
41.68 51.25 -9.57 5.57 0.11 0.13 1.2 1.47 32.15 43.04 -10.89 12.89 0.09 0.12 0.92 1.23 1
38.67 51.85 -13.18 5.18 0.1 0.13 1.11 1.48 41.75 30.45 11.3 17.7 0.09 0.07 1.2 0.88 3
45.91 35.65 10.26 -4.26 0.12 0.09 1.32 1.03 37.99 48.12 -10.13 -3.87 0.1 0.12 1.08 1.37 3
40.23 40.35 -0.12 -6.88 0.1 0.1 1.16 1.16 40.76 38.5 2.26 -0.26 0.1 0.09 1.16 1.1 2
59.01 41.37 17.64 1.36 0.13 0.09 1.7 1.19 40.18 35.95 4.23 -8.23 0.09 0.08 1.15 1.03 1
45.22 31.11 14.11 15.89 0.1 0.07 1.26 0.87 47.13 33.37 13.76 -13.76 0.11 0.08 1.31 0.93 3
33.33 44.08 -10.75 10.75 0.09 0.12 0.93 1.23 45.77 37.51 8.26 -6.26 0.12 0.1 1.27 1.04 1
40.67 38 2.67 -8.67 0.09 0.08 1.14 1.06 47.05 36.07 10.98 -5.98 0.11 0.09 1.32 1.01 1
50 34.7 15.3 -3.3 0.12 0.08 1.38 0.96 42.16 41.22 0.94 1.06 0.1 0.09 1.17 1.14 3
29 36.97 -7.97 -2.03 0.07 0.09 0.8 1.02 61.06 41.86 19.2 1.8 0.13 0.09 1.71 1.17 3
54.59 40 14.59 8.41 0.1 0.07 1.53 1.12 30.06 50.77 -20.71 15.71 0.08 0.13 0.84 1.42 1
38.41 49.26 -10.85 -2.15 0.1 0.12 1.07 1.37 49.32 39.29 10.03 -3.03 0.1 0.08 1.37 1.09 3
34.49 48.85 -14.36 1.36 0.08 0.11 0.96 1.36 39.33 55.32 -15.99 6.99 0.1 0.13 1.09 1.54 3
37.41 47.26 -9.85 -4.15 0.08 0.11 1.04 1.32 42.95 41.75 1.2 -8.2 0.1 0.1 1.2 1.16 3
34.84 45.69 -10.85 -12.15 0.09 0.12 0.97 1.27 42.72 52.43 -9.71 7.71 0.1 0.13 1.19 1.46 2
