0.74 2.12 -1.38 -0.62 0.07 0.21 0.74 2.12 1.51 0.2 1.31 -0.31 0.22 0.03 1.51 0.2 2
0.2 1.51 -1.31 0.31 0.03 0.25 0.2 1.51 1.17 1.08 0.09 -1.09 0.2 0.18 1.09 1 2
2.04 0.85 1.19 0.81 0.19 0.08 1.97 0.82 2.12 0.74 1.38 0.62 0.15 0.05 2.12 0.74 1
0.53 0.71 -0.18 1.18 0.11 0.14 0.53 0.71 3.36 0.49 2.87 2.13 0.19 0.03 3.25 0.47 3
1.08 1.17 -0.09 1.09 0.12 0.13 1 1.09 0.71 0.53 0.18 -1.18 0.06 0.05 0.71 0.53 1
0.49 3.36 -2.87 -2.13 0.12 0.84 0.47 3.25 0.85 2.04 -1.19 -0.81 0.12 0.29 0.82 1.97 3
0.37 2.78 -2.41 -0.59 0.03 0.23 0.37 2.75 1.49 0.96 0.53 -0.53 0.07 0.04 1.38 0.89 1
0.96 1.49 -0.53 0.53 0.09 0.14 0.89 1.38 2.78 0.37 2.41 0.59 0.12 0.02 2.75 0.37 2
3.01 2.61 0.4 -0.4 0.12 0.1 1.48 1.28 1.12 1.92 -0.8 0.8 0.05 0.08 0.55 0.94 3
2.15 3.79 -1.64 0.64 0.17 0.29 1.01 1.79 2.09 3.71 -1.62 -0.38 0.09 0.16 1.05 1.86 1
4.57 1.08 3.49 2.51 0.17 0.04 2.2 0.52 2.63 3.55 -0.92 -0.08 0.13 0.17 1.3 1.76 1
2.07 2.22 -0.15 -0.85 0.1 0.11 0.98 1.05 2.22 2.57 -0.35 0.35 0.1 0.11 1.05 1.21 1
3.1 1.55 1.55 -0.55 0.31 0.16 1.55 0.78 4.05 2.3 1.75 0.25 0.17 0.1 1.95 1.11 1
3.86 1.63 2.23 0.77 0.12 0.05 1.88 0.79 0.67 4.58 -3.91 -2.09 0.08 0.57 0.32 2.16 3
2.26 3.22 -0.96 -1.04 0.08 0.12 1.08 1.54 3.91 1.74 2.17 1.83 0.19 0.08 1.89 0.84 2
1.84 3.5 -1.66 -0.34 0.1 0.18 0.92 1.75 2.91 2.49 0.42 -1.42 0.13 0.11 1.42 1.22 2
4.45 4.08 0.37 -1.37 0.15 0.14 1.44 1.32 2.6 4.97 -2.37 0.37 0.09 0.17 0.84 1.61 3
5.66 2.08 3.58 0.42 0.17 0.06 1.85 0.68 3.26 4.92 -1.66 1.66 0.14 0.21 1.04 1.56 1
4.13 3.15 0.98 2.02 0.1 0.08 1.35 1.03 4.88 1.95 2.93 1.07 0.26 0.1 1.61 0.65 2
2.8 4.59 -1.79 -0.21 0.11 0.18 0.92 1.51 4.24 5.62 -1.38 -1.62 0.12 0.16 1.39 1.84 1
1.6 5.32 -3.72 0.72 0.11 0.38 0.51 1.69 3.08 5.1 -2.02 -0.98 0.08 0.13 0.98 1.62 2
3.06 4.24 -1.18 -0.82 0.11 0.15 1 1.38 4.6 3.08 1.52 0.48 0.14 0.09 1.46 0.98 1
4 3.45 0.55 -1.55 0.12 0.1 1.3 1.12 5.26 1.51 3.75 3.25 0.13 0.04 1.68 0.48 1
3.22 4.82 -1.6 -1.4 0.11 0.16 1.07 1.59 4.6 2.56 2.04 -2.04 0.08 0.05 1.49 0.83 1
4.93 4.42 0.51 -1.51 0.07 0.06 1.2 1.07 5.06 6.01 -0.95 -3.05 0.13 0.15 1.22 1.45 3
5.51 3.19 2.32 0.68 0.12 0.07 1.33 0.77 5.08 5.15 -0.07 -1.93 0.11 0.11 1.25 1.27 1
4.76 6.04 -1.28 -0.72 0.11 0.14 1.14 1.45 5.32 3.56 1.76 1.24 0.1 0.06 1.29 0.87 1
2.2 7.86 -5.66 2.66 0.1 0.37 0.52 1.87 3.45 5.99 -2.54 1.54 0.11 0.19 0.81 1.41 2
5.62 5.7 -0.08 -2.92 0.1 0.11 1.34 1.36 6.02 4.4 1.62 0.38 0.12 0.09 1.48 1.08 2
4.53 5.58 -1.05 2.05 0.1 0.13 1.09 1.35 4.42 4.98 -0.56 -0.44 0.12 0.13 1.09 1.23 1
5.29 3.14 2.15 1.85 0.22 0.13 1.3 0.77 6.73 2.27 4.46 0.54 0.14 0.05 1.61 0.54 3
4.63 7.24 -2.61 -1.39 0.11 0.17 1.14 1.78 5.68 3.7 1.98 1.02 0.11 0.07 1.38 0.9 3
8.55 3.47 5.08 0.92 0.15 0.06 1.64 0.67 6.48 6.36 0.12 -3.12 0.09 0.09 1.24 1.22 1
7.24 5.4 1.84 -0.84 0.1 0.08 1.42 1.06 6.34 5.9 0.44 3.56 0.11 0.1 1.22 1.14 1
5.3 7.56 -2.26 1.26 0.12 0.17 1 1.43 5.77 7.84 -2.07 -2.93 0.1 0.14 1.12 1.53 2
7.14 7.35 -0.21 -2.79 0.11 0.11 1.4 1.44 6.6 7.96 -1.36 1.36 0.12 0.14 1.28 1.54 3
6.28 4.84 1.44 2.56 0.11 0.09 1.22 0.94 5.32 9.68 -4.36 -1.64 0.07 0.13 1.03 1.87 1
6.68 5.26 1.42 0.58 0.12 0.09 1.31 1.03 3.77 9.71 -5.94 2.94 0.13 0.35 0.72 1.85 1
10.32 6.4 3.92 -2.92 0.17 0.1 1.98 1.23 7.71 5.25 2.46 1.54 0.12 0.08 1.48 1.01 2
4.74 6.79 -2.05 -1.95 0.11 0.16 0.93 1.33 6.49 4.96 1.53 1.47 0.17 0.13 1.27 0.97 1
6.97 8.66 -1.69 2.69 0.11 0.14 1.13 1.4 11.72 7.27 4.45 -3.45 0.15 0.09 1.88 1.17 2
8.58 6.65 1.93 2.07 0.11 0.09 1.37 1.06 6.18 7.14 -0.96 -1.04 0.11 0.13 1.01 1.16 3
4.01 12.18 -8.17 2.17 0.12 0.36 0.64 1.95 11.45 3.93 7.52 1.48 0.15 0.05 1.84 0.63 3
6.84 6.4 0.44 0.56 0.14 0.13 1.12 1.04 6.18 8.65 -2.47 -2.53 0.1 0.14 1 1.4 2
5.44 11.29 -5.85 -2.15 0.07 0.14 0.88 1.82 7.89 5.62 2.27 -0.27 0.1 0.07 1.28 0.91 3
9.15 5.5 3.65 1.35 0.13 0.08 1.5 0.9 6.11 7.97 -1.86 0.86 0.12 0.16 0.96 1.26 2
6.56 6.55 0.01 2.99 0.1 0.1 1.05 1.05 7.89 4.96 2.93 3.07 0.11 0.07 1.27 0.8 3
6.94 9.26 -2.32 -3.68 0.09 0.12 1.11 1.49 7.84 7.72 0.12 -4.12 0.1 0.1 1.28 1.26 1
8.4 5.75 2.65 4.35 0.1 0.07 1.17 0.8 7.46 10.43 -2.97 3.97 0.11 0.15 1.03 1.44 2
7.64 10.67 -3.03 -1.97 0.1 0.14 1.06 1.48 7.35 7.06 0.29 1.71 0.09 0.09 1.01 0.97 2
6.42 8.34 -1.92 0.92 0.11 0.14 0.87 1.13 10.27 10.73 -0.46 -4.54 0.11 0.11 1.42 1.48 1
9.31 11.05 -1.74 -3.26 0.1 0.12 1.31 1.55 4.07 12.62 -8.55 1.55 0.11 0.33 0.56 1.74 1
7.17 8.2 -1.03 0.03 0.11 0.13 0.99 1.14 7.22 11.87 -4.65 -4.35 0.07 0.12 1 1.64 1
13.49 7.76 5.73 -4.73 0.14 0.08 1.85 1.07 8.47 7.4 1.07 1.93 0.09 0.08 1.18 1.03 2
11.89 3.99 7.9 2.1 0.14 0.05 1.65 0.55 9.52 5.81 3.71 1.29 0.11 0.07 1.33 0.81 1
8.86 7.86 1 0 0.15 0.13 1.24 1.1 9.64 7.64 2 1 0.1 0.08 1.32 1.04 2
4.32 13.15 -8.83 0.83 0.1 0.31 0.52 1.6 13.97 9.81 4.16 -3.16 0.13 0.09 1.68 1.18 3
7.78 14.93 -7.15 -4.85 0.07 0.14 0.94 1.81 14.14 4.72 9.42 3.58 0.14 0.05 1.72 0.57 3
10.52 7.88 2.64 0.36 0.11 0.08 1.28 0.96 8.32 8.89 -0.57 0.57 0.12 0.13 0.99 1.06 1
10.52 8.95 1.57 1.43 0.1 0.08 1.26 1.07 9.14 12.63 -3.49 -1.51 0.11 0.15 1.11 1.53 3
7.85 13.04 -5.19 6.19 0.1 0.17 0.95 1.59 10.23 8.76 1.47 0.53 0.13 0.11 1.24 1.06 1
9.31 8.56 0.75 1.25 0.1 0.1 1.12 1.03 10.17 8.74 1.43 -0.43 0.14 0.12 1.24 1.07 3
10.25 8.06 2.19 -0.19 0.11 0.09 1.26 0.99 9.84 11.3 -1.46 -2.54 0.1 0.11 1.21 1.39 3
10.82 12.63 -1.81 -4.19 0.1 0.12 1.31 1.53 11.01 6.14 4.87 2.13 0.11 0.06 1.34 0.75 3
10.7 14.2 -3.5 -0.5 0.11 0.14 1.15 1.53 10.77 9.59 1.18 -0.18 0.1 0.09 1.17 1.04 3
15.9 4.79 11.11 2.89 0.14 0.04 1.72 0.52 13.47 9.61 3.86 0.14 0.12 0.09 1.46 1.04 2
10.05 11.84 -1.79 0.79 0.13 0.15 1.06 1.25 8.69 14.15 -5.46 8.46 0.1 0.17 0.94 1.53 3
12.09 10.51 1.58 0.42 0.1 0.09 1.29 1.12 11.58 10.77 0.81 0.19 0.11 0.1 1.24 1.15 1
11.34 9.6 1.74 -1.74 0.13 0.11 1.23 1.04 4.61 14.52 -9.91 0.91 0.09 0.29 0.5 1.57 1
12.37 7.22 5.15 2.85 0.11 0.06 1.34 0.78 11.37 11.82 -0.45 -2.55 0.1 0.1 1.24 1.28 1
12.38 11.01 1.37 0.63 0.15 0.13 1.34 1.19 7.85 16.69 -8.84 -4.16 0.07 0.15 0.85 1.8 1
15.34 10.1 5.24 -3.24 0.13 0.09 1.65 1.08 11.9 13.99 -2.09 -4.91 0.1 0.11 1.28 1.51 1
14.46 11.38 3.08 0.92 0.12 0.1 1.41 1.11 14.05 8.85 5.2 5.8 0.11 0.07 1.37 0.86 3
11.1 12.81 -1.71 -1.29 0.13 0.15 1.06 1.23 12.11 12.39 -0.28 -0.72 0.1 0.1 1.17 1.19 1
9.66 15.2 -5.54 10.54 0.1 0.16 0.94 1.49 13.71 11.04 2.67 1.33 0.1 0.08 1.31 1.06 1
4.97 17.09 -12.12 -1.88 0.09 0.31 0.48 1.67 14.81 11.16 3.65 2.35 0.16 0.12 1.45 1.09 3
12.38 15.36 -2.98 -5.02 0.1 0.12 1.2 1.49 13.91 9.96 3.95 1.05 0.14 0.1 1.36 0.97 1
8 19.12 -11.12 -5.88 0.07 0.16 0.78 1.86 12.12 14.96 -2.84 -2.16 0.1 0.13 1.16 1.44 1
11.53 11.01 0.52 1.48 0.1 0.1 1.11 1.06 16.71 10.58 6.13 -3.13 0.13 0.08 1.61 1.02 1
13 13.5 -0.5 -5.5 0.1 0.1 1.27 1.32 17.67 5.78 11.89 2.11 0.13 0.04 1.73 0.56 2
17.78 11.72 6.06 -6.06 0.12 0.08 1.56 1.03 14.55 14.4 0.15 -6.15 0.1 0.1 1.3 1.28 1
12.8 16.04 -3.24 -2.76 0.1 0.12 1.12 1.4 12.2 15.86 -3.66 10.66 0.11 0.15 1.09 1.41 1
16.58 12.74 3.84 -0.84 0.12 0.09 1.46 1.13 12.67 12.08 0.59 4.41 0.1 0.1 1.11 1.06 1
14.37 13.58 0.79 1.21 0.1 0.09 1.26 1.19 9.08 19.8 -10.72 -5.28 0.07 0.15 0.81 1.76 1
15.54 11.88 3.66 0.34 0.14 0.11 1.38 1.06 13.01 13.57 -0.56 1.56 0.13 0.13 1.13 1.18 3
12.87 14.3 -1.43 -3.57 0.1 0.11 1.13 1.25 5.44 18.56 -13.12 -1.88 0.09 0.29 0.48 1.64 1
15.41 10.97 4.44 7.56 0.11 0.08 1.36 0.97 18.57 7.33 11.24 2.76 0.13 0.05 1.65 0.65 3
16.28 11.63 4.65 2.35 0.15 0.11 1.44 1.03 14.3 16.99 -2.69 -4.31 0.1 0.12 1.26 1.5 1
14.14 15.22 -1.08 3.08 0.13 0.14 1.13 1.22 16.1 13.91 2.19 1.81 0.1 0.08 1.29 1.12 1
15.35 15.08 0.27 -7.27 0.1 0.1 1.25 1.23 17.19 13.01 4.18 -1.18 0.14 0.11 1.4 1.06 2
14.08 18.65 -4.57 7.57 0.12 0.16 1.15 1.52 19.54 13.61 5.93 3.07 0.16 0.11 1.58 1.1 1
5.79 21.59 -15.8 -1.2 0.09 0.32 0.47 1.74 16.96 13.14 3.82 0.18 0.12 0.09 1.37 1.06 3
16.28 20.25 -3.97 -5.03 0.1 0.13 1.31 1.63 15.59 17.92 -2.33 0.33 0.11 0.12 1.25 1.44 2
9.41 21.53 -12.12 -5.88 0.07 0.16 0.77 1.75 15.9 14.65 1.25 -4.25 0.11 0.1 1.27 1.17 2
19.33 8.89 10.44 4.56 0.13 0.06 1.58 0.73 18.46 12.52 5.94 -4.94 0.12 0.08 1.48 1 2
13.07 12.46 0.61 3.39 0.09 0.09 1.05 1 16.97 11.73 5.24 5.76 0.11 0.08 1.38 0.95 1
16.78 15.3 1.48 1.52 0.09 0.09 1.24 1.13 16.73 21.17 -4.44 -4.56 0.1 0.12 1.25 1.58 1
16.51 18.37 -1.86 -0.14 0.11 0.12 1.22 1.36 6.51 22.26 -15.75 -3.25 0.08 0.28 0.49 1.66 2
17.63 13.86 3.77 2.23 0.11 0.09 1.32 1.04 15.66 16.68 -1.02 -5.98 0.1 0.1 1.18 1.26 2
20.05 15.02 5.03 2.97 0.15 0.12 1.5 1.12 14.69 14.44 0.25 4.75 0.09 0.09 1.09 1.07 3
10.16 22.95 -12.79 -5.21 0.07 0.17 0.76 1.73 15.53 15.9 -0.37 3.37 0.13 0.13 1.15 1.17 1
17.32 15.4 1.92 -4.92 0.1 0.09 1.28 1.14 15.49 19.16 -3.67 7.67 0.12 0.15 1.16 1.44 1
18.95 13.35 5.6 4.4 0.11 0.08 1.41 1 19.29 13.06 6.23 -5.23 0.12 0.08 1.43 0.97 1
18.79 13.32 5.47 -2.47 0.14 0.1 1.42 1 19.87 9.72 10.15 4.85 0.12 0.06 1.49 0.73 3
19.62 15.46 4.16 -6.16 0.11 0.09 1.35 1.06 18.04 19.31 -1.27 -0.73 0.11 0.12 1.25 1.33 2
22.09 10.31 11.78 4.22 0.13 0.06 1.54 0.72 18.67 15.53 3.14 2.86 0.1 0.08 1.29 1.07 3
16.12 17.69 -1.57 2.57 0.13 0.14 1.1 1.21 22.16 15.43 6.73 0.27 0.15 0.1 1.53 1.06 2
16.13 22.17 -6.04 7.04 0.12 0.17 1.13 1.55 11.95 23.54 -11.59 -4.41 0.08 0.15 0.83 1.64 1
7.45 23.79 -16.34 -2.66 0.09 0.28 0.52 1.65 21.35 13.68 7.67 5.33 0.12 0.07 1.48 0.95 3
15.1 16.55 -1.45 7.45 0.09 0.1 1.03 1.13 19.38 15.54 3.84 -1.84 0.14 0.11 1.36 1.09 1
16.96 23.06 -6.1 -5.9 0.1 0.13 1.18 1.6 19.56 15.17 4.39 1.61 0.11 0.09 1.36 1.05 1
16.97 18.61 -1.64 -5.36 0.1 0.11 1.18 1.3 20.33 16.04 4.29 -4.29 0.11 0.09 1.4 1.11 2
22.89 14.26 8.63 5.37 0.11 0.07 1.48 0.92 16.15 18.56 -2.41 9.41 0.09 0.11 1.03 1.19 1
20.01 20.69 -0.68 -1.32 0.11 0.12 1.29 1.33 22.66 13.47 9.19 2.81 0.12 0.07 1.48 0.88 2
21.64 17.05 4.59 0.41 0.11 0.09 1.4 1.1 8.03 25.33 -17.3 -2.7 0.08 0.26 0.52 1.64 1
21.39 16.59 4.8 -3.8 0.14 0.11 1.4 1.09 18.37 19.58 -1.21 -5.79 0.1 0.1 1.19 1.27 1
22.69 16.4 6.29 0.71 0.14 0.1 1.46 1.06 18.08 22.31 -4.23 7.23 0.12 0.15 1.18 1.45 1
12.09 25.49 -13.4 -4.6 0.08 0.16 0.79 1.66 18.84 25.14 -6.3 -4.7 0.1 0.13 1.22 1.63 1
21.83 16.1 5.73 4.27 0.11 0.08 1.41 1.04 21 17.43 3.57 -5.57 0.11 0.09 1.35 1.12 1
21.3 17.44 3.86 -3.86 0.11 0.09 1.37 1.12 17.09 18.22 -1.13 2.13 0.12 0.13 1.09 1.17 3
18.81 24.99 -6.18 6.18 0.12 0.16 1.15 1.52 24.32 14.95 9.37 5.63 0.11 0.07 1.47 0.91 3
19.72 20.54 -0.82 2.82 0.13 0.13 1.18 1.23 23.62 18.03 5.59 -2.59 0.14 0.11 1.45 1.1 2
20.99 27.23 -6.24 -5.76 0.11 0.14 1.28 1.65 25.37 17.13 8.24 1.76 0.15 0.1 1.53 1.03 3
23.62 20.07 3.55 -4.55 0.11 0.1 1.42 1.21 21.88 22.44 -0.56 -1.44 0.12 0.12 1.32 1.35 1
16.84 19.99 -3.15 9.15 0.09 0.11 1.01 1.2 24.62 18.59 6.03 0.97 0.12 0.09 1.49 1.13 3
22.7 21.43 1.27 -7.27 0.11 0.1 1.36 1.29 9.57 28.31 -18.74 -3.26 0.09 0.26 0.58 1.71 2
19.81 21.81 -2 -7 0.1 0.11 1.2 1.33 25.83 17.8 8.03 5.97 0.12 0.08 1.56 1.08 2
24.41 15.34 9.07 2.93 0.12 0.08 1.5 0.94 14.18 27.64 -13.46 -3.54 0.08 0.16 0.87 1.69 1
11.38 31.12 -19.74 -2.26 0.1 0.27 0.65 1.77 18.7 20.35 -1.65 6.65 0.09 0.1 1.06 1.15 1
26.75 15.72 11.03 5.97 0.11 0.07 1.53 0.9 23.86 29.09 -5.23 -8.77 0.11 0.13 1.36 1.66 2
23.06 26.3 -3.24 -2.76 0.12 0.13 1.31 1.49 20.81 22.13 -1.32 3.32 0.13 0.13 1.17 1.25 1
27.06 19.75 7.31 6.69 0.12 0.09 1.54 1.12 27.83 16.16 11.67 3.33 0.13 0.07 1.6 0.93 1
27.23 20 7.23 4.77 0.15 0.11 1.55 1.14 21.76 23.04 -1.28 -7.72 0.1 0.11 1.25 1.32 1
15 31.06 -16.06 -3.94 0.08 0.17 0.86 1.78 19.58 27.42 -7.84 5.84 0.12 0.17 1.12 1.57 2
25.21 19.12 6.09 -3.09 0.14 0.1 1.45 1.1 27.48 21.25 6.23 -3.23 0.12 0.09 1.55 1.2 2
24.98 20.45 4.53 3.47 0.12 0.1 1.42 1.17 25.51 23.24 2.27 -8.27 0.11 0.1 1.44 1.31 1
22.02 24.72 -2.7 1.7 0.12 0.14 1.17 1.31 28.8 17.17 11.63 5.37 0.11 0.07 1.55 0.93 3
28 19.14 8.86 2.14 0.12 0.09 1.52 1.04 29.51 20.4 9.11 4.89 0.14 0.1 1.59 1.1 1
22.16 25.32 -3.16 -7.84 0.1 0.11 1.2 1.37 25.42 21.19 4.23 4.77 0.11 0.09 1.37 1.14 2
21.08 28.43 -7.35 5.35 0.12 0.17 1.14 1.54 12.25 32.27 -20.02 -0.98 0.1 0.26 0.66 1.73 2
25.31 31.14 -5.83 -8.17 0.11 0.13 1.37 1.68 30.04 19.92 10.12 7.88 0.13 0.09 1.61 1.07 1
28.23 23.12 5.11 -2.11 0.12 0.1 1.51 1.23 16.01 32.56 -16.55 -3.45 0.08 0.17 0.87 1.77 2
26.25 23.68 2.57 -9.57 0.1 0.09 1.4 1.26 19.85 21.22 -1.37 5.37 0.09 0.1 1.06 1.14 1
25.65 27.51 -1.86 -1.14 0.12 0.13 1.37 1.47 27.08 19.87 7.21 -4.21 0.14 0.1 1.47 1.08 2
30.36 18.62 11.74 7.26 0.11 0.07 1.55 0.95 29.42 24.4 5.02 -2.02 0.12 0.1 1.49 1.24 1
20.67 25.1 -4.43 5.43 0.09 0.11 1.05 1.27 26.74 27.86 -1.12 -1.88 0.12 0.12 1.36 1.42 3
25.99 23.6 2.39 6.61 0.11 0.1 1.33 1.2 27.44 32.89 -5.45 -6.55 0.11 0.14 1.4 1.68 1
31.79 22.05 9.74 6.26 0.13 0.09 1.62 1.12 22.7 29.26 -6.56 4.56 0.12 0.16 1.17 1.51 3
13.08 33.89 -20.81 -0.19 0.1 0.26 0.67 1.73 24.57 25.89 -1.32 -9.68 0.1 0.1 1.26 1.33 3
29.82 22.07 7.75 4.25 0.14 0.1 1.52 1.13 23.47 26.28 -2.81 -0.19 0.12 0.14 1.18 1.33 3
30.13 24.5 5.63 -9.63 0.11 0.09 1.52 1.24 29.67 19.45 10.22 2.78 0.13 0.08 1.53 1 1
17.29 33.75 -16.46 -3.54 0.08 0.17 0.89 1.74 27.43 20.96 6.47 -3.47 0.14 0.1 1.41 1.08 3
30.92 27.32 3.6 -1.6 0.11 0.1 1.49 1.31 21.98 26.18 -4.2 4.2 0.09 0.11 1.06 1.26 3
27.86 33.83 -5.97 -8.03 0.11 0.14 1.35 1.64 14.05 37.51 -23.46 0.46 0.1 0.27 0.68 1.82 2
27.82 29.17 -1.35 -0.65 0.12 0.12 1.34 1.4 30.56 23.22 7.34 3.66 0.14 0.1 1.48 1.13 1
30.17 21.18 8.99 2.01 0.13 0.09 1.47 1.03 24.7 30.9 -6.2 5.2 0.13 0.16 1.21 1.51 1
24.62 27.02 -2.4 0.4 0.12 0.14 1.18 1.3 18.02 34.54 -16.52 -4.48 0.08 0.16 0.88 1.69 2
28.22 21.69 6.53 -2.53 0.14 0.1 1.38 1.06 33.43 24.05 9.38 5.62 0.12 0.09 1.61 1.16 2
33.28 20.12 13.16 6.84 0.12 0.07 1.61 0.98 26.93 24.02 2.91 8.09 0.11 0.1 1.31 1.16 1
28.19 26.86 1.33 -10.33 0.11 0.1 1.37 1.31 31.86 25 6.86 -8.86 0.11 0.09 1.53 1.2 3
27.44 25.78 1.66 8.34 0.11 0.1 1.27 1.19 32.18 21.55 10.63 1.37 0.13 0.09 1.5 1 3
25.07 32.91 -7.84 5.84 0.13 0.17 1.17 1.53 31.77 28.43 3.34 -3.34 0.11 0.1 1.45 1.3 2
15.46 40.51 -25.05 2.05 0.11 0.28 0.71 1.86 31 31.07 -0.07 0.07 0.12 0.12 1.42 1.42 2
32.46 26.4 6.06 2.94 0.14 0.11 1.5 1.22 30.29 22.52 7.77 -3.77 0.14 0.1 1.41 1.05 3
18.87 36.06 -17.19 -3.81 0.08 0.16 0.88 1.68 29.32 27.47 1.85 -11.85 0.11 0.1 1.36 1.27 1
23.09 27.03 -3.94 5.94 0.09 0.11 1.05 1.23 30.86 35.24 -4.38 -9.62 0.12 0.14 1.42 1.62 2
32.47 26.13 6.34 -7.34 0.11 0.09 1.48 1.19 35.04 20.63 14.41 6.59 0.11 0.07 1.62 0.95 3
34.26 26.12 8.14 6.86 0.12 0.09 1.58 1.2 26.14 27.87 -1.73 -0.27 0.13 0.13 1.2 1.27 1
31.51 22.82 8.69 -3.69 0.14 0.1 1.4 1.01 32.9 26.86 6.04 -8.04 0.1 0.09 1.43 1.17 1
31.96 31.87 0.09 -0.09 0.12 0.12 1.4 1.4 21.76 36.69 -14.93 -3.07 0.09 0.15 0.96 1.62 3
33.53 23.08 10.45 3.55 0.13 0.09 1.49 1.03 16.26 41.47 -25.21 2.21 0.1 0.26 0.72 1.82 2
27.39 31.91 -4.52 1.52 0.12 0.15 1.19 1.39 28.97 27.13 1.84 6.16 0.11 0.1 1.28 1.2 1
32.21 37.32 -5.11 -8.89 0.12 0.14 1.42 1.64 26.89 34.62 -7.73 5.73 0.13 0.16 1.2 1.54 1
33.48 30.25 3.23 -3.23 0.11 0.1 1.46 1.32 38.3 27.37 10.93 5.07 0.13 0.09 1.68 1.2 3
35.77 21.06 14.71 7.29 0.11 0.07 1.58 0.93 32.76 27.62 5.14 2.86 0.13 0.11 1.44 1.22 1
29.95 30.36 -0.41 -12.59 0.1 0.11 1.32 1.34 25.17 28.38 -3.21 5.21 0.1 0.11 1.1 1.24 1
17.49 43.71 -26.22 3.22 0.11 0.27 0.74 1.84 33.74 23.55 10.19 -4.19 0.14 0.1 1.43 1 2
29.85 28.78 1.07 5.93 0.11 0.11 1.26 1.22 32.81 34.02 -1.21 0.21 0.12 0.13 1.38 1.43 1
32.86 30.74 2.12 -14.12 0.11 0.1 1.39 1.3 34.58 37.65 -3.07 -9.93 0.12 0.13 1.46 1.59 1
27.22 36.99 -9.77 6.77 0.13 0.17 1.16 1.57 29.04 32.79 -3.75 1.75 0.13 0.14 1.21 1.37 1
25.55 31.29 -5.74 6.74 0.1 0.12 1.07 1.31 35.77 24.31 11.46 2.54 0.13 0.09 1.52 1.03 1
33.63 29.09 4.54 -7.54 0.1 0.09 1.4 1.21 23.91 37.54 -13.63 -3.37 0.09 0.14 1.01 1.59 1
39.15 29.05 10.1 6.9 0.13 0.09 1.64 1.22 37.05 22.77 14.28 9.72 0.11 0.07 1.56 0.96 1
34.47 28.9 5.57 0.43 0.13 0.11 1.45 1.22 35.16 31.1 4.06 -5.06 0.11 0.1 1.47 1.3 3
36.17 40.12 -3.95 -10.05 0.12 0.13 1.46 1.62 35.21 29.97 5.24 -7.24 0.1 0.09 1.41 1.2 2
36.58 32.12 4.46 -4.46 0.11 0.1 1.46 1.28 30.54 29.45 1.09 6.91 0.11 0.11 1.24 1.19 3
33.48 34.71 -1.23 -0.77 0.12 0.12 1.35 1.4 41.75 29.73 12.02 5.98 0.13 0.09 1.68 1.2 3
29.7 35.32 -5.62 2.62 0.12 0.14 1.19 1.41 27.23 32.28 -5.05 7.05 0.09 0.11 1.09 1.29 1
34.74 23.89 10.85 -4.85 0.14 0.1 1.41 0.97 29.75 37.65 -7.9 5.9 0.13 0.17 1.21 1.53 1
37.73 25.37 12.36 10.64 0.11 0.07 1.52 1.02 17.83 44.71 -26.88 3.88 0.1 0.26 0.72 1.8 2
24.79 39.12 -14.33 -3.67 0.09 0.14 1.01 1.59 35.49 30.32 5.17 -0.17 0.13 0.11 1.43 1.22 1
36.76 25.99 10.77 2.23 0.13 0.09 1.5 1.06 35.33 32.33 3 -14 0.11 0.1 1.43 1.31 2
18.93 46.94 -28.01 5.01 0.1 0.26 0.73 1.82 37.91 32.98 4.93 -5.93 0.11 0.1 1.46 1.27 1
31.4 30.78 0.62 8.38 0.11 0.11 1.22 1.2 36.42 24.9 11.52 -3.52 0.14 0.1 1.42 0.97 1
36.06 34.41 1.65 -12.65 0.11 0.11 1.4 1.34 39.96 26.47 13.49 9.51 0.11 0.07 1.55 1.03 2
30.76 39.33 -8.57 4.57 0.13 0.17 1.2 1.54 35.49 36.1 -0.61 -2.39 0.12 0.12 1.37 1.4 2
27.39 35.69 -8.3 6.3 0.09 0.12 1.05 1.37 26.47 40.41 -13.94 -3.06 0.09 0.14 1.03 1.58 3
36.88 30.85 6.03 -8.03 0.1 0.09 1.42 1.19 33.11 35.48 -2.37 3.37 0.13 0.14 1.27 1.36 3
37.05 41.79 -4.74 -9.26 0.12 0.13 1.44 1.62 38.84 26.72 12.12 0.88 0.13 0.09 1.52 1.04 3
43.14 31.74 11.4 7.6 0.13 0.09 1.67 1.23 36.78 32 4.78 -0.78 0.13 0.11 1.42 1.24 2
39.6 34.67 4.93 -6.93 0.11 0.1 1.46 1.28 38.78 32.41 6.37 -10.37 0.1 0.08 1.43 1.2 1
36.65 36.4 0.25 -3.25 0.12 0.12 1.36 1.35 39.83 45.21 -5.38 -9.62 0.12 0.14 1.48 1.69 2
34.67 37.38 -2.71 5.71 0.13 0.14 1.28 1.38 20.62 48.63 -28.01 6.01 0.1 0.25 0.77 1.81 1
37.24 26.56 10.68 -4.68 0.14 0.1 1.4 1 28.97 36.69 -7.72 4.72 0.09 0.12 1.07 1.36 1
31.06 40.49 -9.43 5.43 0.13 0.17 1.17 1.52 37.06 34.9 2.16 -13.16 0.11 0.1 1.39 1.3 1
38.09 34.89 3.2 0.8 0.13 0.12 1.42 1.3 33.06 31.6 1.46 9.54 0.11 0.11 1.24 1.18 1
42.26 29.5 12.76 1.24 0.13 0.09 1.59 1.11 40.45 27.47 12.98 10.02 0.11 0.07 1.51 1.02 3
27.47 41.99 -14.52 -1.48 0.09 0.14 1.03 1.57 46.03 33.05 12.98 6.02 0.13 0.09 1.71 1.23 3
40.18 46.84 -6.66 -8.34 0.12 0.14 1.44 1.68 36.21 39.16 -2.95 6.95 0.13 0.14 1.29 1.39 3
34.54 34.08 0.46 9.54 0.11 0.11 1.25 1.23 33.24 41.82 -8.58 5.58 0.13 0.16 1.2 1.51 1
38.39 37.08 1.31 -13.31 0.11 0.11 1.38 1.33 38.28 36.75 1.53 -4.53 0.12 0.11 1.37 1.32 2
22.4 50.17 -27.77 4.77 0.1 0.23 0.8 1.8 28.48 44.45 -15.97 -2.03 0.09 0.14 1.03 1.6 1
29.87 38.04 -8.17 4.17 0.09 0.12 1.06 1.35 48.49 34.06 14.43 6.57 0.13 0.09 1.73 1.22 3
39.38 34.29 5.09 -11.09 0.1 0.09 1.4 1.22 40.57 36.37 4.2 0.8 0.13 0.12 1.46 1.31 2
43.08 31.13 11.95 1.05 0.13 0.09 1.56 1.13 41.48 35.27 6.21 -6.21 0.11 0.09 1.48 1.26 1
42.08 28.29 13.79 10.21 0.11 0.07 1.51 1.02 38.59 27.46 11.13 -4.13 0.13 0.1 1.4 0.99 1
38.76 37.67 1.09 -4.09 0.11 0.11 1.34 1.3 40.23 34.87 5.36 -11.36 0.1 0.09 1.38 1.2 2
36.8 40.58 -3.78 8.78 0.13 0.14 1.26 1.39 44.7 31.59 13.11 1.89 0.13 0.09 1.56 1.1 1
50.54 35.19 15.35 7.65 0.13 0.09 1.74 1.21 35 34.43 0.57 11.43 0.11 0.11 1.22 1.2 1
40.53 28.48 12.05 -7.05 0.13 0.09 1.42 0.99 41.6 47.43 -5.83 -10.17 0.12 0.14 1.44 1.64 3
33.59 42.28 -8.69 3.69 0.12 0.15 1.17 1.48 31 40.09 -9.09 3.09 0.09 0.12 1.06 1.38 3
41.15 37.22 3.93 1.07 0.13 0.11 1.42 1.29 23.34 50.62 -27.28 7.28 0.1 0.22 0.8 1.75 2
28.93 45.39 -16.46 -4.54 0.09 0.14 1 1.57 43.1 30.23 12.87 13.13 0.11 0.08 1.49 1.05 3
41.94 36.89 5.05 -7.05 0.11 0.1 1.44 1.27 39.31 37.56 1.75 -13.75 0.11 0.1 1.36 1.3 2
1.38 1.9 -0.52 -1.48 0.17 0.24 1.35 1.86 1.98 0.78 1.2 0.8 0.15 0.06 1.9 0.75 3
0.64 2.63 -1.99 -0.01 0.05 0.19 0.62 2.55 1.9 1.38 0.52 1.48 0.1 0.07 1.86 1.35 1
0.91 0.5 0.41 -0.41 0.1 0.06 0.86 0.47 0.32 1.18 -0.86 -0.14 0.04 0.13 0.3 1.11 1
0.71 1.56 -0.85 -0.15 0.08 0.17 0.7 1.54 1.27 0.48 0.79 -0.79 0.11 0.04 1.27 0.48 2
1.18 0.32 0.86 0.14 0.15 0.04 1.11 0.3 2.63 0.64 1.99 0.01 0.15 0.04 2.55 0.62 3
0.48 1.27 -0.79 0.79 0.1 0.25 0.48 1.27 0.5 0.91 -0.41 0.41 0.05 0.09 0.47 0.86 1
1.49 1.56 -0.07 -0.93 0.14 0.14 1.49 1.56 1.56 0.71 0.85 0.15 0.16 0.07 1.54 0.7 2
0.78 1.98 -1.2 -0.8 0.13 0.33 0.75 1.9 1.56 1.49 0.07 0.93 0.14 0.14 1.56 1.49 2
2.07 2.75 -0.68 1.68 0.13 0.17 1 1.32 3.22 4.64 -1.42 -1.58 0.16 0.23 1.49 2.15 3
3.61 1.62 1.99 2.01 0.14 0.06 1.71 0.77 3.53 2.07 1.46 -2.46 0.12 0.07 1.71 1 1
4.72 2.62 2.1 0.9 0.16 0.09 2.17 1.2 2.73 1.41 1.32 1.68 0.09 0.05 1.34 0.69 1
3.02 2.3 0.72 0.28 0.12 0.09 1.49 1.14 2.49 2.93 -0.44 0.44 0.1 0.11 1.21 1.43 1
0.98 2.48 -1.5 -0.5 0.05 0.12 0.47 1.18 1.27 2.84 -1.57 0.57 0.07 0.16 0.63 1.41 3
2.55 1.04 1.51 -1.51 0.15 0.06 1.28 0.52 2.21 1.16 1.05 -0.05 0.11 0.06 1.06 0.56 1
0.64 3.16 -2.52 -0.48 0.04 0.2 0.31 1.51 1.59 3.44 -1.85 -0.15 0.12 0.26 0.77 1.66 1
2.2 3.23 -1.03 1.03 0.08 0.12 1.08 1.58 2.16 1.3 0.86 -1.86 0.1 0.06 1.01 0.61 1
2.73 1.41 1.32 1.68 0.09 0.05 1.34 0.69 2.2 3.23 -1.03 1.03 0.08 0.12 1.08 1.58 1
3.53 2.07 1.46 -2.46 0.12 0.07 1.71 1 2.49 2.93 -0.44 0.44 0.1 0.11 1.21 1.43 1
3.78 3.56 0.22 0.78 0.13 0.12 1.24 1.17 1.3 4.79 -3.49 2.49 0.05 0.19 0.41 1.52 1
3.13 4.63 -1.5 1.5 0.1 0.15 1 1.48 6.76 5.04 1.72 3.28 0.12 0.09 1.64 1.22 3
3.22 4.1 -0.88 -3.12 0.14 0.18 1.03 1.31 4.65 3.79 0.86 -0.86 0.16 0.13 1.48 1.21 2
4.26 7.22 -2.96 0.96 0.13 0.23 1.33 2.25 2.8 2.76 0.04 -4.04 0.09 0.09 0.89 0.88 2
7.15 5.3 1.85 -2.85 0.11 0.08 1.71 1.27 5.48 5.68 -0.2 0.2 0.11 0.12 1.35 1.4 2
6.53 4.84 1.69 2.31 0.15 0.11 2.01 1.49 6.02 1.96 4.06 -3.06 0.16 0.05 1.98 0.65 2
5.69 6.07 -0.38 -2.62 0.12 0.12 1.38 1.47 1.7 4.99 -3.29 -0.71 0.06 0.17 0.54 1.59 2
3.71 2.92 0.79 2.21 0.1 0.08 1.22 0.96 4.26 2.79 1.47 3.53 0.13 0.09 1.34 0.88 1
7.19 3.75 3.44 -2.44 0.15 0.08 1.78 0.93 6.93 9.33 -2.4 0.4 0.14 0.18 1.62 2.18 2
1.41 6.74 -5.33 1.33 0.05 0.23 0.34 1.62 8.32 6.01 2.31 1.69 0.14 0.1 1.95 1.41 1
2.34 5.64 -3.3 -0.7 0.06 0.15 0.56 1.34 5.03 3.68 1.35 2.65 0.12 0.09 1.2 0.88 1
3.84 6.43 -2.59 0.59 0.09 0.14 0.92 1.54 5.73 3.67 2.06 1.94 0.11 0.07 1.41 0.9 1
4.91 5.43 -0.52 -3.48 0.11 0.12 1.17 1.29 8.36 5.75 2.61 -3.61 0.1 0.07 1.6 1.1 3
4.93 4.99 -0.06 0.06 0.14 0.14 1.19 1.21 6.34 6.71 -0.37 -2.63 0.1 0.11 1.22 1.29 3
8.56 5.75 2.81 4.19 0.12 0.08 1.65 1.11 4.42 4.38 0.04 -4.04 0.11 0.11 1.07 1.06 1
5.93 6.89 -0.96 0.96 0.11 0.13 1.16 1.35 4.6 3.69 0.91 3.09 0.11 0.09 1.14 0.91 1
7.47 10.12 -2.65 0.65 0.13 0.18 1.39 1.88 3.3 7.01 -3.71 1.71 0.09 0.19 0.63 1.35 1
8.59 7.9 0.69 1.31 0.13 0.12 1.62 1.49 4.53 8.45 -3.92 2.92 0.08 0.15 0.87 1.63 1
4.9 4.23 0.67 2.33 0.11 0.09 0.96 0.83 5.79 7.36 -1.57 0.57 0.13 0.17 1.13 1.43 1
7.75 4.36 3.39 -0.39 0.11 0.06 1.52 0.85 10.06 6.06 4 6 0.12 0.07 1.63 0.98 3
9.68 6.56 3.12 -3.12 0.1 0.07 1.54 1.05 4.19 8.3 -4.11 3.11 0.09 0.17 0.79 1.57 3
8.71 7.57 1.14 -3.14 0.12 0.11 1.4 1.22 5.72 6.75 -1.03 -3.97 0.12 0.14 1.09 1.29 1
4.73 5.88 -1.15 -5.85 0.11 0.13 0.92 1.15 7.98 4.29 3.69 -2.69 0.13 0.07 1.55 0.83 1
7.69 5.53 2.16 -1.16 0.14 0.1 1.46 1.05 6.47 7.19 -0.72 1.72 0.1 0.12 1.05 1.17 2
1.56 0.68 0.88 -0.88 0.16 0.07 1.51 0.66 0.68 1.02 -0.34 0.34 0.14 0.2 0.68 1.02 3
1.57 1.96 -0.39 -0.61 0.09 0.11 1.5 1.88 2.44 1.15 1.29 0.71 0.14 0.07 2.39 1.13 1
0.52 1.79 -1.27 1.27 0.07 0.26 0.51 1.75 0.16 2.38 -2.22 0.22 0.02 0.34 0.15 2.3 1
0.99 1.52 -0.53 0.53 0.07 0.1 0.97 1.49 0.68 1.56 -0.88 0.88 0.05 0.1 0.66 1.51 3
0.17 1.27 -1.1 0.1 0.03 0.25 0.17 1.27 1.52 0.99 0.53 -0.53 0.25 0.17 1.49 0.97 2
1.15 2.44 -1.29 -0.71 0.08 0.17 1.13 2.39 1.96 1.57 0.39 0.61 0.09 0.07 1.88 1.5 3
1.02 0.68 0.34 -0.34 0.15 0.1 1.02 0.68 1.27 0.17 1.1 -0.1 0.1 0.01 1.27 0.17 2
2.38 0.16 2.22 -0.22 0.16 0.01 2.3 0.15 1.79 0.52 1.27 -1.27 0.07 0.02 1.75 0.51 3
3.1 0.91 2.19 -0.19 0.07 0.02 1.5 0.44 2.4 1.22 1.18 -1.18 0.09 0.05 1.19 0.6 2
3.12 1.49 1.63 -0.63 0.13 0.06 1.53 0.73 0.73 2.67 -1.94 2.94 0.04 0.14 0.35 1.28 1
3.49 4.76 -1.27 0.27 0.12 0.16 1.71 2.33 2.88 3.93 -1.05 -0.95 0.08 0.11 1.39 1.9 2
1.04 2.59 -1.55 -1.45 0.05 0.14 0.5 1.23 0.69 2.12 -1.43 0.43 0.06 0.18 0.35 1.06 1
3.09 3.45 -0.36 2.36 0.12 0.13 1.49 1.66 3.09 5.1 -2.01 -0.99 0.12 0.2 1.5 2.48 1
4.62 3.51 1.11 0.89 0.13 0.1 2.22 1.69 2.03 3.12 -1.09 0.09 0.12 0.18 0.98 1.51 1
1.81 1.55 0.26 0.74 0.09 0.08 0.9 0.77 2.77 1.47 1.3 -1.3 0.1 0.05 1.33 0.71 3
2.37 1.51 0.86 -0.86 0.12 0.08 1.17 0.75 5.18 3.01 2.17 -0.17 0.13 0.08 2.51 1.46 1
6.3 5.41 0.89 0.11 0.11 0.09 2.02 1.73 3 3.96 -0.96 -1.04 0.1 0.13 0.98 1.29 1
7.5 2.08 5.42 -0.42 0.18 0.05 2.44 0.68 2.25 2.33 -0.08 -0.92 0.08 0.09 0.73 0.76 1
1.32 7.05 -5.73 2.73 0.05 0.25 0.42 2.25 4.02 4.03 -0.01 3.01 0.12 0.12 1.28 1.29 3
0.86 3.86 -3 0 0.05 0.23 0.29 1.29 3.85 1.98 1.87 0.13 0.07 0.04 1.25 0.64 2
3.67 6.03 -2.36 -1.64 0.1 0.17 1.18 1.94 4.77 2.63 2.14 -1.14 0.14 0.08 1.55 0.85 3
3.47 1.97 1.5 -1.5 0.09 0.05 1.14 0.65 2.78 2.76 0.02 -1.02 0.08 0.08 0.9 0.89 1
3.55 1.91 1.64 0.36 0.1 0.05 1.14 0.61 5.4 7.69 -2.29 1.29 0.12 0.17 1.75 2.49 1
5.81 5.84 -0.03 -1.97 0.11 0.11 1.87 1.88 5.46 4.48 0.98 2.02 0.11 0.09 1.77 1.46 2
3.17 7.18 -4.01 0.01 0.08 0.18 0.77 1.74 9.78 2.79 6.99 2.01 0.2 0.06 2.38 0.68 3
7.86 4.24 3.62 0.38 0.16 0.09 1.9 1.02 6.36 2.14 4.22 1.78 0.11 0.04 1.53 0.51 3
5.63 10.5 -4.87 -0.13 0.11 0.21 1.37 2.55 2.28 9.21 -6.93 0.93 0.05 0.22 0.55 2.23 1
4.15 6.42 -2.27 -2.73 0.12 0.18 1.02 1.58 7.71 6.28 1.43 -3.43 0.11 0.09 1.87 1.52 1
4.45 2.32 2.13 -0.13 0.07 0.04 1.08 0.56 2.96 4.61 -1.65 -3.35 0.08 0.13 0.72 1.12 2
6.18 4.99 1.19 4.81 0.15 0.12 1.5 1.21 7.89 2.36 5.53 -2.53 0.14 0.04 1.93 0.58 3
5.9 6.38 -0.48 3.48 0.1 0.11 1.44 1.56 1.2 4.46 -3.26 0.26 0.05 0.19 0.3 1.11 2
8.76 6.56 2.2 1.8 0.12 0.09 2.13 1.59 5.28 9.12 -3.84 -3.16 0.11 0.18 1.26 2.18 3
10.16 9.35 0.81 -3.81 0.12 0.11 1.97 1.81 10.3 7.91 2.39 0.61 0.11 0.09 2 1.53 1
11.36 3.66 7.7 3.3 0.18 0.06 2.2 0.71 5.28 2.53 2.75 -0.75 0.07 0.04 1.03 0.49 1
3.45 10.55 -7.1 -0.9 0.06 0.2 0.67 2.06 10 7.17 2.83 0.17 0.16 0.11 1.92 1.38 2
2.6 5.1 -2.5 -0.5 0.06 0.12 0.52 1.01 6.97 11.67 -4.7 1.7 0.11 0.19 1.36 2.28 2
6.63 10.66 -4.03 -1.97 0.12 0.19 1.27 2.05 7.22 8.87 -1.65 -2.35 0.14 0.18 1.42 1.74 1
10.13 2.39 7.74 -2.74 0.13 0.03 1.98 0.47 6.54 7.78 -1.24 4.24 0.1 0.12 1.28 1.52 2
3.17 5.44 -2.27 -2.73 0.07 0.13 0.62 1.06 4.04 8.76 -4.72 -1.28 0.07 0.16 0.78 1.69 2
9.29 4.28 5.01 1.99 0.12 0.05 1.78 0.82 6.21 7.23 -1.02 5.02 0.15 0.17 1.2 1.4 1
11.53 7.72 3.81 -0.81 0.14 0.1 1.85 1.24 12.07 3.16 8.91 -3.91 0.13 0.03 1.96 0.51 1
8.07 12.68 -4.61 1.61 0.1 0.15 1.32 2.07 13.75 4.44 9.31 2.69 0.18 0.06 2.23 0.72 3
12.06 11.14 0.92 -2.92 0.13 0.12 1.94 1.79 9.93 12.28 -2.35 -0.65 0.15 0.19 1.58 1.96 2
6.31 10.4 -4.09 -1.91 0.1 0.16 1.02 1.68 6.06 4.92 1.14 -0.14 0.08 0.06 0.99 0.8 3
8.84 12.17 -3.33 -3.67 0.14 0.2 1.43 1.97 12.81 5.5 7.31 1.69 0.13 0.05 2.05 0.88 2
7.43 10.75 -3.32 5.32 0.16 0.23 1.19 1.73 4.81 7.71 -2.9 -2.1 0.09 0.15 0.79 1.26 3
7.31 9.72 -2.41 5.41 0.09 0.12 1.19 1.58 4 12.08 -8.08 0.08 0.06 0.18 0.65 1.96 1
12.09 9.81 2.28 -0.28 0.12 0.09 1.95 1.58 3.61 6.2 -2.59 -0.41 0.07 0.13 0.6 1.03 3
6.14 10.61 -4.47 0.47 0.1 0.18 0.86 1.48 9.97 13.92 -3.95 -3.05 0.14 0.19 1.38 1.93 3
16.67 7.6 9.07 3.93 0.19 0.08 2.3 1.05 13.39 10.75 2.64 -1.64 0.11 0.09 1.85 1.48 2
4.47 15.29 -10.82 -1.18 0.06 0.21 0.61 2.09 11.17 14.36 -3.19 0.19 0.15 0.2 1.52 1.96 3
4.55 7.5 -2.95 0.95 0.07 0.12 0.64 1.06 10.33 12.08 -1.75 2.75 0.19 0.22 1.42 1.66 1
6.83 13.36 -6.53 -0.47 0.08 0.16 0.95 1.86 14.14 12.38 1.76 -3.76 0.13 0.12 1.94 1.7 1
9.02 5.44 3.58 -1.58 0.1 0.06 1.26 0.76 13.19 8.37 4.82 0.18 0.15 0.09 1.82 1.16 3
12.72 4.82 7.9 -4.9 0.11 0.04 1.77 0.67 11.23 15.6 -4.37 0.37 0.11 0.15 1.56 2.17 3
14.56 6.63 7.93 1.07 0.13 0.06 2 0.91 10.52 10.19 0.33 6.67 0.1 0.1 1.45 1.4 1
14.11 16.5 -2.39 1.39 0.13 0.15 1.72 2.01 8.51 14.5 -5.99 -0.01 0.09 0.15 1.03 1.76 1
15.28 14.06 1.22 -4.22 0.13 0.12 1.83 1.69 5.66 17.45 -11.79 -2.21 0.06 0.19 0.68 2.1 1
11.98 15.29 -3.31 -2.69 0.14 0.18 1.46 1.86 7.03 8.19 -1.16 0.16 0.08 0.1 0.87 1.01 3
13.33 15.55 -2.22 1.22 0.17 0.2 1.59 1.86 13.62 7.7 5.92 -5.92 0.11 0.06 1.66 0.94 3
13.35 13.65 -0.3 4.3 0.12 0.12 1.61 1.65 7.51 12.62 -5.11 0.11 0.11 0.18 0.92 1.54 1
14.91 13.5 1.41 -0.41 0.12 0.11 1.8 1.63 9.71 5.65 4.06 -4.06 0.09 0.05 1.19 0.69 3
13.4 9.06 4.34 2.66 0.14 0.1 1.62 1.1 11.02 14.56 -3.54 3.54 0.18 0.23 1.33 1.75 3
18.02 9.46 8.56 3.44 0.14 0.07 2.17 1.14 19.42 9.12 10.3 2.7 0.19 0.09 2.35 1.1 3
21.44 10.05 11.39 3.61 0.19 0.09 2.31 1.08 18.1 14.61 3.49 -3.49 0.13 0.11 1.93 1.56 3
6.21 20.27 -14.06 -2.94 0.06 0.2 0.66 2.17 14.18 18.01 -3.83 -3.17 0.14 0.18 1.54 1.95 3
9.75 10.39 -0.64 0.64 0.1 0.11 1.07 1.14 18.95 11.48 7.47 2.53 0.13 0.08 2.04 1.23 1
10.68 7.42 3.26 -2.26 0.09 0.06 1.16 0.81 14.11 14.75 -0.64 5.64 0.11 0.12 1.51 1.58 1
12.25 16.31 -4.06 5.06 0.16 0.21 1.31 1.74 15.16 17.21 -2.05 3.05 0.12 0.14 1.64 1.86 2
13.71 7.99 5.72 -4.72 0.11 0.06 1.49 0.87 16.68 14.47 2.21 -2.21 0.11 0.1 1.79 1.56 1
8.61 13.38 -4.77 -1.23 0.11 0.17 0.93 1.45 13.62 15.64 -2.02 0.02 0.16 0.18 1.45 1.67 1
9.22 15.55 -6.33 -1.67 0.09 0.15 0.99 1.67 15.15 10.29 4.86 1.14 0.14 0.09 1.63 1.11 1
14.65 15.7 -1.05 5.05 0.11 0.11 1.41 1.51 11.04 17.53 -6.49 -0.51 0.09 0.14 1.06 1.69 3
17.13 12.11 5.02 -0.02 0.13 0.09 1.65 1.17 10.39 14.15 -3.76 -0.24 0.11 0.15 1.01 1.38 1
16.68 17.91 -1.23 2.23 0.12 0.13 1.61 1.73 11.63 7.96 3.67 -1.67 0.09 0.06 1.13 0.78 3
19.41 15.74 3.67 -2.67 0.14 0.11 1.87 1.52 10.75 11.72 -0.97 1.97 0.1 0.11 1.06 1.16 1
15.81 18.77 -2.96 -2.04 0.15 0.17 1.54 1.83 15.35 9.07 6.28 -1.28 0.11 0.07 1.5 0.88 3
14.39 17.42 -3.03 -0.97 0.15 0.18 1.38 1.67 22.57 11.36 11.21 2.79 0.18 0.09 2.19 1.1 1
17.76 16.11 1.65 -5.65 0.11 0.1 1.72 1.56 12.95 17.83 -4.88 5.88 0.16 0.22 1.24 1.71 1
20.28 12.48 7.8 1.2 0.13 0.08 1.97 1.21 6.97 21.9 -14.93 -4.07 0.06 0.2 0.67 2.11 1
16.02 9.36 6.66 -0.66 0.11 0.06 1.42 0.83 22.48 12.79 9.69 0.31 0.13 0.07 1.98 1.13 1
24.3 12.57 11.73 1.27 0.18 0.09 2.15 1.11 20.7 13.59 7.11 -0.11 0.14 0.09 1.82 1.19 1
7.28 24.1 -16.82 -3.18 0.06 0.2 0.64 2.11 18.93 16.33 2.6 -5.6 0.11 0.1 1.67 1.44 1
11.52 12.27 -0.75 -0.25 0.1 0.1 1.03 1.1 15.6 19.15 -3.55 0.55 0.14 0.18 1.37 1.68 1
11.9 18.08 -6.18 2.18 0.09 0.13 1.04 1.59 16.1 19.44 -3.34 -2.66 0.14 0.17 1.43 1.72 1
14.15 9.45 4.7 -0.7 0.09 0.06 1.25 0.83 19.96 16.51 3.45 -0.45 0.13 0.11 1.75 1.45 1
13.17 19 -5.83 5.83 0.14 0.21 1.15 1.66 15.2 16.56 -1.36 2.36 0.1 0.11 1.33 1.45 1
11.87 17.72 -5.85 -0.15 0.12 0.17 1.05 1.57 18.17 20.43 -2.26 1.26 0.12 0.14 1.59 1.79 1
16.63 21 -4.37 -1.63 0.14 0.17 1.34 1.69 22.96 13.85 9.11 -0.11 0.12 0.08 1.85 1.12 1
21.17 18.07 3.1 -1.1 0.13 0.11 1.7 1.45 17.08 9.84 7.24 -0.24 0.11 0.06 1.39 0.8 3
19.47 21.88 -2.41 0.41 0.11 0.13 1.56 1.76 21.87 16.52 5.35 0.65 0.14 0.1 1.76 1.33 3
8.75 25.81 -17.06 -1.94 0.06 0.19 0.7 2.06 13.37 13.3 0.07 1.93 0.1 0.1 1.1 1.09 1
17.1 21.33 -4.23 -2.77 0.14 0.17 1.39 1.74 15.71 10.66 5.05 -0.05 0.09 0.06 1.27 0.86 3
14.86 19.99 -5.13 6.13 0.14 0.19 1.19 1.6 13.79 19.08 -5.29 2.29 0.09 0.13 1.11 1.54 3
16.19 18.25 -2.06 2.06 0.1 0.11 1.3 1.46 27.23 13.74 13.49 0.51 0.18 0.09 2.21 1.12 3
20.64 17.8 2.84 -6.84 0.11 0.1 1.66 1.43 13.32 19.02 -5.7 0.7 0.12 0.17 1.08 1.54 3
23.77 16.39 7.38 -3.38 0.12 0.08 1.77 1.22 21.91 19.65 2.26 -2.26 0.13 0.12 1.63 1.46 1
27.77 14.27 13.5 1.5 0.18 0.09 2.08 1.07 16.14 21.24 -5.1 5.1 0.14 0.18 1.2 1.58 1
21.12 24.31 -3.19 -2.81 0.11 0.13 1.56 1.8 17.49 23.61 -6.12 -4.88 0.13 0.17 1.31 1.77 2
15.04 20.36 -5.32 3.32 0.09 0.12 1.12 1.52 22.24 19.19 3.05 -9.05 0.11 0.1 1.65 1.42 3
14.71 20.62 -5.91 2.91 0.13 0.18 1.1 1.54 11.37 27.98 -16.61 -1.39 0.08 0.19 0.84 2.06 1
24.3 18.17 6.13 3.87 0.14 0.1 1.8 1.35 16.72 18.79 -2.07 1.07 0.1 0.11 1.23 1.39 2
18.66 10.58 8.08 0.92 0.11 0.06 1.4 0.79 15.54 15.92 -0.38 1.38 0.11 0.11 1.17 1.2 2
17.99 11.05 6.94 2.06 0.1 0.06 1.34 0.82 19.17 21.81 -2.64 1.64 0.14 0.16 1.42 1.61 2
23.68 20.89 2.79 -7.79 0.11 0.1 1.63 1.44 25.16 16.73 8.43 -2.43 0.12 0.08 1.73 1.15 3
11.55 28.6 -17.05 -1.95 0.08 0.19 0.79 1.96 19.43 11.15 8.28 0.72 0.1 0.06 1.35 0.78 3
22.25 21.04 1.21 -3.21 0.13 0.12 1.53 1.45 15.33 20.8 -5.47 3.47 0.12 0.17 1.06 1.44 2
18.78 25.13 -6.35 -4.65 0.13 0.17 1.31 1.75 25.97 18.55 7.42 2.58 0.14 0.1 1.8 1.28 3
20.25 23.85 -3.6 2.6 0.14 0.17 1.39 1.64 16.74 21.8 -5.06 2.06 0.09 0.12 1.16 1.51 2
17.1 20.46 -3.36 2.36 0.09 0.11 1.18 1.41 22.64 25.6 -2.96 -3.04 0.11 0.13 1.55 1.76 1
16.35 21.81 -5.46 2.46 0.13 0.18 1.13 1.5 20.03 12.13 7.9 1.1 0.1 0.06 1.38 0.84 1
16.11 16.69 -0.58 1.58 0.11 0.11 1.13 1.17 28.34 14.48 13.86 4.14 0.16 0.08 1.96 1 3
18.16 22.96 -4.8 1.8 0.1 0.12 1.17 1.48 13.19 29.93 -16.74 -3.26 0.08 0.19 0.84 1.91 1
28.96 15.51 13.45 7.55 0.16 0.09 1.88 1 18.9 22.25 -3.35 5.35 0.09 0.11 1.21 1.43 1
24.43 27.4 -2.97 -6.03 0.11 0.13 1.56 1.76 17.39 22.7 -5.31 3.31 0.13 0.17 1.12 1.46 1
20.92 13.17 7.75 0.25 0.1 0.06 1.35 0.85 20.59 26.59 -6 -6 0.12 0.16 1.34 1.73 1
20.76 12.79 7.97 2.03 0.1 0.06 1.34 0.83 23.27 21.17 2.1 -4.1 0.12 0.11 1.5 1.36 1
15.46 21.82 -6.36 4.36 0.12 0.17 1 1.42 24.63 24.11 0.52 -10.52 0.11 0.11 1.58 1.55 1
27.43 20.36 7.07 3.93 0.14 0.1 1.77 1.31 21.41 25.27 -3.86 2.86 0.14 0.16 1.37 1.61 2
28.38 17.68 10.7 0.3 0.13 0.08 1.82 1.13 17.14 17.31 -0.17 -1.83 0.1 0.1 1.12 1.13 1
14.17 31.65 -17.48 -6.52 0.08 0.19 0.85 1.89 16.92 23.47 -6.55 5.55 0.12 0.16 1.02 1.42 1
18.66 20.39 -1.73 -3.27 0.1 0.11 1.14 1.25 22.14 14.25 7.89 3.11 0.1 0.07 1.34 0.86 2
21.28 29.61 -8.33 -7.67 0.12 0.16 1.3 1.8 26.43 29.15 -2.72 -5.28 0.11 0.12 1.59 1.75 3
22.29 29.4 -7.11 6.11 0.13 0.18 1.33 1.75 23.94 13.86 10.08 1.92 0.11 0.06 1.45 0.84 3
19.14 24.7 -5.56 2.56 0.14 0.18 1.15 1.48 33.07 16.03 17.04 7.96 0.17 0.08 2.01 0.97 2
19.42 26.36 -6.94 4.94 0.09 0.13 1.17 1.58 31.56 21.24 10.32 0.68 0.15 0.1 1.9 1.28 2
26.28 25.57 0.71 -11.71 0.11 0.1 1.58 1.54 19.88 23.94 -4.06 5.06 0.1 0.12 1.2 1.44 3
24.73 22.55 2.18 -5.18 0.12 0.11 1.49 1.36 31.46 19.2 12.26 1.74 0.13 0.08 1.89 1.15 3
25.51 14.99 10.52 2.48 0.11 0.06 1.45 0.85 27.29 29.33 -2.04 -12.96 0.1 0.11 1.54 1.66 1
34.49 16.73 17.76 7.24 0.16 0.08 1.96 0.95 27.15 29.71 -2.56 -4.44 0.11 0.12 1.53 1.68 1
18.97 21.32 -2.35 -2.65 0.1 0.11 1.1 1.23 26.03 23.39 2.64 -6.64 0.12 0.1 1.48 1.33 3
23.07 14.56 8.51 2.49 0.1 0.06 1.32 0.83 21.84 30.33 -8.49 -8.51 0.12 0.16 1.25 1.74 1
17.59 24.48 -6.89 4.89 0.11 0.16 1 1.39 19.84 26.12 -6.28 3.28 0.13 0.17 1.12 1.48 1
32.87 23.12 9.75 1.25 0.14 0.1 1.86 1.31 15.18 32.32 -17.14 -5.86 0.08 0.18 0.85 1.82 2
32.3 20.5 11.8 3.2 0.13 0.08 1.83 1.16 23.42 30.97 -7.55 5.55 0.13 0.18 1.32 1.74 3
23.64 24.95 -1.31 6.31 0.11 0.11 1.34 1.41 21.3 27.67 -6.37 4.37 0.1 0.12 1.2 1.56 1
21.02 27.09 -6.07 1.07 0.13 0.17 1.12 1.45 35.24 23.76 11.48 -0.48 0.14 0.1 1.88 1.27 1
27.63 31.86 -4.23 -3.77 0.11 0.12 1.48 1.7 34.4 22.03 12.37 1.63 0.13 0.08 1.84 1.18 3
15.82 34.69 -18.87 -4.13 0.08 0.18 0.84 1.84 36.64 17.21 19.43 6.57 0.16 0.08 1.97 0.93 3
27.55 25.39 2.16 -5.16 0.12 0.11 1.48 1.36 27.41 25.17 2.24 8.76 0.11 0.1 1.47 1.35 1
22.32 34.04 -11.72 -9.28 0.11 0.17 1.21 1.84 18.56 25.66 -7.1 7.1 0.11 0.16 1 1.38 3
24.95 33.07 -8.12 7.12 0.13 0.17 1.33 1.76 20.97 22.84 -1.87 -4.13 0.1 0.11 1.14 1.25 2
21.52 31.44 -9.92 1.92 0.09 0.14 1.15 1.68 26.66 15.33 11.33 2.67 0.11 0.06 1.43 0.82 3
27.63 30.48 -2.85 -13.15 0.1 0.11 1.48 1.63 26.78 15.04 11.74 3.26 0.11 0.06 1.44 0.81 1
28.97 16.09 12.88 1.12 0.11 0.06 1.48 0.82 16.72 37.37 -20.65 -5.35 0.08 0.19 0.84 1.88 3
23.43 24.16 -0.73 -5.27 0.11 0.11 1.21 1.25 22.14 33.14 -11 1 0.09 0.14 1.12 1.68 2
28.15 27.4 0.75 8.25 0.11 0.11 1.43 1.39 24.94 27.82 -2.88 -0.12 0.14 0.15 1.26 1.41 1
26.27 35.53 -9.26 8.26 0.13 0.18 1.33 1.79 29.78 26.13 3.65 -4.65 0.12 0.1 1.52 1.33 1
19.94 27.63 -7.69 8.69 0.12 0.16 1.02 1.41 39.32 18.11 21.21 7.79 0.17 0.08 2 0.92 2
35.97 27.68 8.29 0.71 0.14 0.11 1.82 1.4 24.29 35.42 -11.13 -10.87 0.11 0.16 1.25 1.82 1
35.37 23.04 12.33 2.67 0.13 0.08 1.8 1.17 28.68 32.67 -3.99 -11.01 0.1 0.11 1.45 1.65 1
28.36 15.95 12.41 3.59 0.11 0.06 1.45 0.81 28.64 32.83 -4.19 -4.81 0.1 0.12 1.45 1.66 2
23.07 34.49 -11.42 1.42 0.09 0.14 1.11 1.66 37.29 23.97 13.32 3.68 0.13 0.08 1.8 1.16 1
40.53 19.53 21 8 0.16 0.08 1.97 0.95 27.52 36.59 -9.07 9.07 0.13 0.17 1.32 1.76 3
29.23 35.2 -5.97 -3.03 0.1 0.12 1.41 1.69 21.36 28.84 -7.48 8.48 0.12 0.16 1.04 1.4 1
18.66 38.74 -20.08 -4.92 0.09 0.18 0.89 1.85 30.84 27.38 3.46 -5.46 0.11 0.1 1.5 1.33 3
26.45 37.82 -11.37 -11.63 0.11 0.16 1.29 1.84 31.95 27.72 4.23 6.77 0.11 0.1 1.54 1.34 2
25.26 31.62 -6.36 1.36 0.13 0.16 1.21 1.52 24.78 25.09 -0.31 -5.69 0.11 0.11 1.22 1.23 3
29.61 34.59 -4.98 -12.02 0.09 0.11 1.42 1.66 38.37 29.84 8.53 1.47 0.14 0.11 1.85 1.44 1
30.34 18.03 12.31 0.69 0.11 0.07 1.47 0.87 30.73 16.54 14.19 1.81 0.11 0.06 1.49 0.8 3
40.29 31.18 9.11 -0.11 0.14 0.11 1.85 1.43 42 20.7 21.3 6.7 0.16 0.08 1.94 0.96 1
23.05 30.39 -7.34 6.34 0.12 0.16 1.06 1.4 24.5 35.25 -10.75 3.75 0.1 0.14 1.13 1.62 2
31.86 28.13 3.73 -4.73 0.12 0.1 1.47 1.29 30.78 36.89 -6.11 -0.89 0.1 0.12 1.41 1.69 1
28.01 25.71 2.3 -7.3 0.11 0.1 1.31 1.2 19.41 39.76 -20.35 -5.65 0.08 0.17 0.88 1.81 1
34.25 28.96 5.29 5.71 0.11 0.1 1.57 1.33 32.05 19.58 12.47 -0.47 0.11 0.07 1.47 0.9 3
32.28 18.25 14.03 2.97 0.11 0.06 1.49 0.84 25.88 34.85 -8.97 2.97 0.13 0.18 1.18 1.6 2
28.69 38.06 -9.37 10.37 0.12 0.16 1.31 1.74 30.95 36.51 -5.56 -10.44 0.09 0.11 1.42 1.67 3
38.05 25.4 12.65 1.35 0.13 0.08 1.75 1.17 27.69 40.12 -12.43 -10.57 0.11 0.16 1.28 1.86 1
33.07 37.17 -4.1 -9.9 0.1 0.11 1.45 1.63 33.75 29.09 4.66 -4.66 0.12 0.1 1.48 1.28 1
31.74 38.78 -7.04 -0.96 0.1 0.12 1.39 1.7 29.99 26.31 3.68 -7.68 0.11 0.1 1.34 1.17 1
20.01 41.74 -21.73 -5.27 0.08 0.17 0.87 1.81 25.8 36.55 -10.75 3.75 0.1 0.14 1.13 1.6 3
24.35 31.69 -7.34 6.34 0.12 0.15 1.07 1.39 33.21 18.59 14.62 2.38 0.11 0.06 1.46 0.82 3
42.66 21.65 21.01 3.99 0.15 0.08 1.88 0.95 35.28 30.94 4.34 4.66 0.11 0.1 1.55 1.36 1
28.43 42.08 -13.65 -12.35 0.11 0.16 1.26 1.86 29.35 40.18 -10.83 9.83 0.12 0.17 1.28 1.76 3
34.03 20.61 13.42 0.58 0.11 0.07 1.5 0.91 41.24 31.84 9.4 2.6 0.14 0.11 1.81 1.4 3
26.22 35.78 -9.56 3.56 0.13 0.18 1.15 1.57 40.01 26.14 13.87 3.13 0.13 0.08 1.76 1.15 3
43.12 27.65 15.47 2.53 0.13 0.09 1.81 1.16 35.56 21.32 14.24 -1.24 0.11 0.07 1.49 0.9 1
30.59 45.23 -14.64 14.64 0.12 0.18 1.28 1.89 22 42.19 -20.19 -8.81 0.08 0.16 0.91 1.75 3
34.77 31.94 2.83 -3.83 0.12 0.11 1.46 1.34 33.48 43.32 -9.84 -17.16 0.12 0.15 1.41 1.83 2
31.44 28.5 2.94 -8.94 0.11 0.1 1.34 1.21 35.92 38.19 -2.27 -10.73 0.1 0.1 1.5 1.6 1
35.54 32.27 3.27 4.73 0.11 0.1 1.49 1.35 25.79 32.39 -6.6 3.6 0.12 0.14 1.09 1.37 2
26.25 38.54 -12.29 7.29 0.1 0.14 1.1 1.62 27.73 38.89 -11.16 4.16 0.13 0.18 1.16 1.63 2
41.95 33.37 8.58 4.42 0.14 0.11 1.76 1.4 33.93 40.23 -6.3 0.3 0.1 0.12 1.42 1.68 2
33.91 20.03 13.88 5.12 0.11 0.06 1.43 0.84 43.99 21.91 22.08 3.92 0.16 0.08 1.85 0.92 1
22.9 42.78 -19.88 -8.12 0.08 0.15 0.91 1.71 44.66 29.2 15.46 4.54 0.13 0.09 1.8 1.18 1
27.04 32.96 -5.92 2.92 0.12 0.14 1.09 1.33 42.62 34.55 8.07 4.93 0.14 0.11 1.71 1.39 1
35.11 40.9 -5.79 -0.21 0.1 0.12 1.41 1.64 27.8 39.11 -11.31 6.31 0.1 0.14 1.12 1.57 3
45.21 23.75 21.46 2.54 0.15 0.08 1.82 0.96 32.32 29.83 2.49 -7.49 0.11 0.11 1.32 1.22 2
34.87 45.94 -11.07 -15.93 0.12 0.15 1.41 1.86 37.25 39.07 -1.82 -12.18 0.1 0.1 1.49 1.56 3
28.3 40.44 -12.14 5.14 0.13 0.18 1.14 1.63 37.39 33.33 4.06 -5.06 0.12 0.1 1.5 1.34 3
37.11 22.86 14.25 -3.25 0.11 0.07 1.49 0.92 31.18 46.13 -14.95 13.95 0.12 0.18 1.25 1.85 1
35.75 21.25 14.5 6.5 0.11 0.06 1.44 0.86 36.11 33.52 2.59 5.41 0.11 0.1 1.45 1.35 1
38.95 33.98 4.97 -4.97 0.12 0.1 1.5 1.31 48.31 24.68 23.63 0.37 0.15 0.08 1.87 0.95 3
32.15 47.76 -15.61 13.61 0.12 0.18 1.23 1.83 28.95 42 -13.05 5.05 0.13 0.18 1.12 1.62 1
39.72 40.57 -0.85 -10.15 0.1 0.1 1.53 1.56 24.51 44.28 -19.77 -7.23 0.08 0.15 0.94 1.69 1
33.25 32.93 0.32 -5.32 0.11 0.11 1.3 1.29 36.37 48.41 -12.04 -17.96 0.12 0.16 1.41 1.88 2
36.44 35.46 0.98 5.02 0.11 0.11 1.41 1.37 36.6 43.1 -6.5 -1.5 0.1 0.12 1.41 1.66 1
30 40.6 -10.6 7.6 0.1 0.14 1.16 1.57 38.74 23.83 14.91 -2.91 0.11 0.07 1.5 0.92 1
43.46 37.29 6.17 3.83 0.14 0.12 1.68 1.44 37.69 21.58 16.11 6.89 0.11 0.06 1.46 0.84 2
46.16 30.81 15.35 3.65 0.13 0.09 1.79 1.19 29.78 33.8 -4.02 4.02 0.12 0.14 1.16 1.31 3
30.97 36.44 -5.47 7.47 0.12 0.14 1.16 1.36 39.67 35.3 4.37 -6.37 0.12 0.1 1.47 1.31 3
37.96 46.77 -8.81 -4.19 0.1 0.12 1.41 1.73 39.49 25.44 14.05 -3.05 0.11 0.07 1.47 0.95 3
43.95 38.74 5.21 4.79 0.14 0.12 1.63 1.44 40.11 36.82 3.29 7.71 0.11 0.1 1.49 1.37 2
36.88 49.25 -12.37 -17.63 0.12 0.15 1.38 1.84 25.02 46.16 -21.14 -7.86 0.08 0.15 0.92 1.7 3
39.14 22.07 17.07 5.93 0.11 0.06 1.46 0.82 34.09 33.44 0.65 -5.65 0.11 0.11 1.28 1.26 2
29.69 44.25 -14.56 5.56 0.12 0.19 1.1 1.64 41.6 41.08 0.52 -9.52 0.1 0.1 1.54 1.52 2
31.61 41.35 -9.74 7.74 0.1 0.14 1.18 1.54 34.4 48.5 -14.1 13.1 0.12 0.18 1.27 1.79 2
49.63 25.4 24.23 1.77 0.15 0.08 1.84 0.94 48.8 32 16.8 0.2 0.14 0.09 1.82 1.19 3
44.1 42.3 1.8 -10.8 0.1 0.1 1.57 1.51 32.87 43.63 -10.76 8.76 0.11 0.14 1.18 1.56 1
26.75 48.03 -21.28 -6.72 0.08 0.15 0.95 1.7 38.25 48.89 -10.64 -3.36 0.1 0.13 1.37 1.75 3
36.68 49.76 -13.08 12.08 0.13 0.17 1.3 1.77 31.64 38.53 -6.89 6.89 0.12 0.14 1.14 1.39 1
35.82 35.88 -0.06 -4.94 0.11 0.11 1.3 1.3 41.12 38.78 2.34 8.66 0.11 0.1 1.47 1.38 3
38.75 50.98 -12.23 -18.77 0.11 0.15 1.39 1.83 30.91 46.75 -15.84 6.84 0.12 0.19 1.11 1.67 3
41.61 25.73 15.88 -3.88 0.11 0.07 1.49 0.92 50.18 27.15 23.03 0.97 0.15 0.08 1.79 0.97 1
50.55 32.55 18 1 0.14 0.09 1.81 1.17 45.91 39.75 6.16 3.84 0.14 0.12 1.64 1.42 1
41.76 35.97 5.79 -5.79 0.12 0.1 1.49 1.29 41.58 23.8 17.78 5.22 0.11 0.06 1.49 0.85 3
50.84 28.71 22.13 -0.13 0.15 0.08 1.75 0.99 39.7 54.5 -14.8 -19.2 0.11 0.16 1.38 1.89 1
39.37 49.71 -10.34 -2.66 0.1 0.13 1.36 1.71 47.23 44.5 2.73 -10.73 0.1 0.09 1.62 1.53 3
42.65 39.66 2.99 9.01 0.11 0.1 1.47 1.37 39.4 50.45 -11.05 12.05 0.13 0.17 1.35 1.73 2
42.47 24.84 17.63 7.37 0.11 0.06 1.47 0.86 52.51 33.86 18.65 1.35 0.13 0.09 1.81 1.17 3
34.43 47.7 -13.27 7.27 0.13 0.18 1.19 1.65 27.57 49.15 -21.58 -7.42 0.08 0.14 0.94 1.68 1
35.07 46.76 -11.69 8.69 0.1 0.14 1.21 1.61 42.8 36.86 5.94 -7.94 0.11 0.1 1.48 1.27 3
32.33 41.25 -8.92 6.92 0.12 0.15 1.12 1.43 43.17 26.39 16.78 -2.78 0.11 0.07 1.49 0.91 3
47.22 41.71 5.51 3.49 0.13 0.12 1.62 1.43 36.7 37.41 -0.71 -5.29 0.11 0.12 1.28 1.31 1
5.54 1.34 4.2 -1.2 0.15 0.04 2.71 0.66 2.03 1.66 0.37 1.63 0.09 0.08 0.97 0.79 2
2.28 1.49 0.79 -0.79 0.13 0.09 1.12 0.73 2.3 3.24 -0.94 -1.06 0.13 0.18 1.1 1.55 2
3.75 2.86 0.89 -1.89 0.12 0.09 1.8 1.37 3.83 1.13 2.7 -2.7 0.15 0.05 1.82 0.54 1
1.3 3.21 -1.91 2.91 0.07 0.17 0.64 1.59 0.27 2.19 -1.92 1.92 0.05 0.44 0.27 2.19 2
3.13 1.7 1.43 -1.43 0.12 0.06 1.57 0.85 1.87 2.42 -0.55 0.55 0.1 0.13 0.92 1.19 2
3.07 2.04 1.03 -1.03 0.12 0.08 1.45 0.97 2.37 7.08 -4.71 3.71 0.12 0.35 1.12 3.35 1
1.67 2.49 -0.82 -2.18 0.06 0.09 0.81 1.2 1.99 2.4 -0.41 -0.59 0.15 0.18 1 1.2 1
0.44 2.41 -1.97 0.97 0.06 0.3 0.41 2.24 2.88 1.06 1.82 1.18 0.11 0.04 1.42 0.52 3
3.26 5.22 -1.96 -0.04 0.1 0.15 1.04 1.66 4.93 3.44 1.49 -0.49 0.12 0.08 1.59 1.11 1
0.98 5.84 -4.86 -4.14 0.05 0.31 0.47 2.81 6.75 2.88 3.87 -0.87 0.15 0.06 2.18 0.93 2
2.12 3.27 -1.15 1.15 0.09 0.14 0.7 1.07 6.68 3.26 3.42 -2.42 0.17 0.08 2.15 1.05 1
3.57 2.87 0.7 1.3 0.11 0.09 1.14 0.91 2.17 3.7 -1.53 2.53 0.07 0.12 0.71 1.2 1
6.31 1.6 4.71 6.29 0.16 0.04 2.08 0.53 4.26 2.45 1.81 -1.81 0.14 0.08 1.37 0.79 3
0.76 3.06 -2.3 2.3 0.05 0.2 0.37 1.49 2.47 4.35 -1.88 -2.12 0.1 0.18 0.81 1.42 1
3.59 10.69 -7.1 5.1 0.1 0.29 1.15 3.44 3.98 1.95 2.03 -2.03 0.1 0.05 1.32 0.65 1
4.41 2.31 2.1 -4.1 0.14 0.07 1.42 0.74 3.62 2.97 0.65 -0.65 0.08 0.07 1.16 0.95 2
7.48 4.35 3.13 -4.13 0.15 0.09 1.79 1.04 8.4 4.8 3.6 -0.6 0.15 0.08 2.02 1.16 2
2.86 6.42 -3.56 -2.44 0.1 0.21 0.69 1.55 7.87 4.33 3.54 0.46 0.15 0.08 1.88 1.04 3
5.67 5.42 0.25 -0.25 0.11 0.1 1.37 1.31 6.81 2.5 4.31 4.69 0.13 0.05 1.64 0.6 1
3.21 4.07 -0.86 2.86 0.1 0.13 0.78 0.99 5.24 5.96 -0.72 -0.28 0.1 0.12 1.25 1.43 3
3.63 8 -4.37 3.37 0.09 0.21 0.88 1.95 2.9 7.49 -4.59 -4.41 0.1 0.25 0.93 2.39 1
4.98 3.66 1.32 -1.32 0.1 0.07 1.2 0.88 3.84 11.81 -7.97 6.97 0.09 0.26 0.93 2.87 3
5.16 2.95 2.21 -0.21 0.11 0.06 1.23 0.7 2.83 3.45 -0.62 2.62 0.09 0.12 0.9 1.1 2
5.1 2.2 2.9 -3.9 0.11 0.05 1.27 0.55 5.1 3.67 1.43 -3.43 0.12 0.09 1.23 0.89 2
8.68 4.8 3.88 1.12 0.15 0.08 1.68 0.93 6.95 5.21 1.74 -3.74 0.1 0.08 1.33 1 1
9.77 6.41 3.36 -0.36 0.14 0.09 1.88 1.23 8.72 5.88 2.84 -0.84 0.12 0.08 1.69 1.14 1
5.39 13.78 -8.39 9.39 0.08 0.22 1.05 2.67 6.86 3.49 3.37 -1.37 0.1 0.05 1.31 0.66 2
7.49 7.94 -0.45 0.45 0.12 0.13 1.44 1.52 3.37 5.15 -1.78 3.78 0.09 0.14 0.81 1.23 1
5.68 4.38 1.3 -3.3 0.12 0.09 1.1 0.85 5.19 6.32 -1.13 2.13 0.1 0.12 1.01 1.23 3
9.09 5.72 3.37 -4.37 0.15 0.1 1.74 1.1 5.81 2.78 3.03 -4.03 0.09 0.04 1.15 0.55 1
3.47 10.28 -6.81 -5.19 0.08 0.25 0.83 2.47 3.33 7.23 -3.9 -3.1 0.09 0.19 0.65 1.41 3
7.27 5.55 1.72 5.28 0.12 0.09 1.4 1.07 6.42 8.57 -2.15 4.15 0.13 0.17 1.25 1.67 1
