0.58 1.95 -1.37 -1.63 0.06 0.2 0.58 1.95 1.58 1.11 0.47 -0.47 0.09 0.07 1.56 1.1 2
1.16 1.14 0.02 -1.02 0.09 0.09 1.13 1.12 1.11 1.58 -0.47 0.47 0.07 0.11 1.1 1.56 1
0.94 0.22 0.72 0.28 0.09 0.02 0.94 0.22 1.95 0.58 1.37 1.63 0.15 0.04 1.95 0.58 3
0.65 3.94 -3.29 3.29 0.09 0.56 0.62 3.77 0.22 0.94 -0.72 -0.28 0.04 0.19 0.22 0.94 3
1.14 1.16 -0.02 1.02 0.1 0.11 1.12 1.13 1.96 0.63 1.33 -0.33 0.13 0.04 1.86 0.6 2
3.94 0.65 3.29 -3.29 0.2 0.03 3.77 0.62 0.63 1.96 -1.33 0.33 0.11 0.33 0.6 1.86 3
1.98 1.25 0.73 0.27 0.11 0.07 0.97 0.61 3.34 3.65 -0.31 0.31 0.15 0.16 1.54 1.68 2
3.09 1.83 1.26 3.74 0.11 0.07 1.5 0.89 0.96 5.7 -4.74 2.74 0.07 0.44 0.46 2.74 1
2.17 2.29 -0.12 -0.88 0.06 0.07 1.05 1.11 2.03 3.81 -1.78 -1.22 0.07 0.13 1 1.87 1
3.44 2.56 0.88 -0.88 0.11 0.08 1.68 1.25 2.19 1.36 0.83 -1.83 0.09 0.05 1.07 0.66 3
3.13 1.48 1.65 -0.65 0.12 0.06 1.52 0.72 1.87 2.2 -0.33 0.33 0.07 0.08 0.9 1.06 2
5.63 3.36 2.27 -3.27 0.16 0.09 2.61 1.56 1.99 2.33 -0.34 1.34 0.1 0.12 0.98 1.15 2
3.93 3.12 0.81 -0.81 0.11 0.09 1.26 1 5.1 3.14 1.96 -0.96 0.09 0.06 1.63 1.01 1
3.81 2.94 0.87 -0.87 0.09 0.07 1.23 0.95 2.88 6.74 -3.86 -1.14 0.08 0.18 0.93 2.18 1
1.59 6.16 -4.57 1.57 0.06 0.25 0.51 1.98 5.2 4.3 0.9 -1.9 0.1 0.09 1.68 1.39 3
3.87 3.42 0.45 0.55 0.1 0.09 1.26 1.11 8.36 6.05 2.31 -3.31 0.18 0.13 2.6 1.88 2
4.68 5.06 -0.38 1.38 0.15 0.16 1.52 1.64 2.74 2.32 0.42 0.58 0.11 0.09 0.88 0.75 3
4.41 4.41 0 0 0.11 0.11 1.36 1.36 3.55 2.46 1.09 4.91 0.1 0.07 1.15 0.8 2
4.5 8.88 -4.38 -1.62 0.08 0.17 1.09 2.15 8.27 3.8 4.47 -2.47 0.16 0.07 2 0.92 2
6.53 4.67 1.86 -1.86 0.09 0.07 1.58 1.13 5.46 5.2 0.26 -0.26 0.1 0.09 1.27 1.21 2
5.78 7.48 -1.7 0.7 0.09 0.12 1.39 1.8 1.96 7.49 -5.53 1.53 0.07 0.26 0.47 1.81 2
4.34 3.51 0.83 5.17 0.09 0.07 1.05 0.85 5.99 6.81 -0.82 0.82 0.15 0.17 1.47 1.67 2
4.49 3.63 0.86 1.14 0.13 0.11 1.09 0.88 5.2 4.58 0.62 0.38 0.11 0.1 1.25 1.1 1
9.52 7.38 2.14 -3.14 0.17 0.13 2.22 1.72 5.95 4.56 1.39 -0.39 0.12 0.09 1.44 1.1 1
2.31 8.2 -5.89 1.89 0.06 0.21 0.45 1.6 4.89 10.7 -5.81 -0.19 0.08 0.17 0.95 2.08 3
6.72 5.66 1.06 -1.06 0.1 0.09 1.26 1.06 6.49 7.83 -1.34 0.34 0.08 0.1 1.26 1.52 1
6.7 7.62 -0.92 0.92 0.13 0.15 1.3 1.47 6.99 5.93 1.06 -1.06 0.08 0.07 1.36 1.15 3
12.28 7.98 4.3 -2.3 0.16 0.1 2.3 1.5 4.72 5.1 -0.38 3.38 0.11 0.12 0.91 0.98 2
6.67 4.81 1.86 -1.86 0.12 0.08 1.27 0.92 5.15 4.22 0.93 5.07 0.08 0.06 0.99 0.81 1
10.09 4.19 5.9 -3.9 0.17 0.07 1.96 0.81 6.55 7.32 -0.77 -1.23 0.1 0.11 1.26 1.41 2
7.25 9.67 -2.42 -0.58 0.08 0.11 1.17 1.56 8.41 9.12 -0.71 -0.29 0.14 0.15 1.35 1.47 1
7.65 13.19 -5.54 1.54 0.1 0.18 1.24 2.14 8.56 6.42 2.14 -0.14 0.1 0.08 1.35 1.01 1
5.82 6.07 -0.25 5.25 0.07 0.07 0.93 0.97 14.98 9.01 5.97 -3.97 0.14 0.09 2.37 1.42 3
11.07 5.08 5.99 -3.99 0.14 0.06 1.8 0.83 4.8 10.96 -6.16 0.16 0.08 0.18 0.78 1.77 2
8.49 7.64 0.85 0.15 0.09 0.08 1.37 1.23 8.52 5.48 3.04 -2.04 0.12 0.08 1.35 0.87 3
5.75 7.8 -2.05 5.05 0.11 0.15 0.93 1.26 7.44 8.3 -0.86 -1.14 0.1 0.11 1.2 1.34 1
9.52 9.79 -0.27 -2.73 0.11 0.11 1.31 1.35 5.74 13.26 -7.52 1.52 0.09 0.2 0.8 1.85 1
9.76 11.66 -1.9 -2.1 0.14 0.16 1.35 1.61 8.08 14.02 -5.94 3.94 0.1 0.18 1.12 1.94 1
7.24 9.88 -2.64 6.64 0.1 0.14 1 1.37 6.19 7.84 -1.65 5.65 0.07 0.09 0.84 1.07 3
9.24 5.84 3.4 -0.4 0.12 0.07 1.26 0.8 9.79 11.02 -1.23 1.23 0.09 0.1 1.36 1.53 1
16.75 9.38 7.37 -4.37 0.14 0.08 2.26 1.27 8.85 8.36 0.49 -1.49 0.08 0.08 1.23 1.16 1
9.39 6.85 2.54 -2.54 0.09 0.07 1.27 0.93 13.37 6.02 7.35 -5.35 0.15 0.07 1.87 0.84 2
8.63 16.68 -8.05 5.05 0.1 0.19 1.04 2.02 10.81 7.25 3.56 1.44 0.12 0.08 1.29 0.87 3
7.9 7.95 -0.05 6.05 0.07 0.07 0.94 0.95 13.04 10.35 2.69 -3.69 0.11 0.09 1.57 1.25 1
11.2 12.59 -1.39 -0.61 0.09 0.11 1.36 1.53 22.26 11.07 11.19 -3.19 0.17 0.08 2.62 1.3 3
14.55 7.73 6.82 -4.82 0.13 0.07 1.76 0.94 12.42 12.21 0.21 -3.21 0.14 0.14 1.5 1.48 1
10.54 13.87 -3.33 -2.67 0.08 0.11 1.27 1.67 7.35 11.59 -4.24 6.24 0.1 0.15 0.89 1.4 3
6.3 16.78 -10.48 2.48 0.09 0.23 0.77 2.04 11.1 8.03 3.07 -3.07 0.1 0.08 1.31 0.95 3
24.06 12.25 11.81 -2.81 0.17 0.08 2.52 1.28 8.94 17.71 -8.77 4.77 0.09 0.18 0.96 1.9 1
11.84 7.56 4.28 1.72 0.11 0.07 1.26 0.8 16.14 8.02 8.12 -3.12 0.13 0.06 1.74 0.87 1
7.91 12.23 -4.32 7.32 0.09 0.14 0.85 1.31 12.38 14.39 -2.01 -0.99 0.09 0.11 1.33 1.54 3
12.71 13.8 -1.09 -4.91 0.13 0.14 1.37 1.49 6.41 19.62 -13.21 1.21 0.08 0.25 0.7 2.13 1
10.02 10.24 -0.22 8.22 0.07 0.08 1.06 1.09 11.18 14.43 -3.25 -3.75 0.08 0.1 1.19 1.54 1
15.33 12.47 2.86 -5.86 0.12 0.1 1.65 1.34 13.94 8.14 5.8 -1.8 0.11 0.07 1.47 0.86 3
9.18 19.85 -10.67 5.67 0.09 0.19 0.89 1.92 8.43 13.32 -4.89 6.89 0.08 0.13 0.81 1.29 1
13.47 14.91 -1.44 -0.56 0.09 0.1 1.3 1.44 10.67 10.89 -0.22 9.22 0.07 0.07 1.02 1.04 2
6.78 20.07 -13.29 0.29 0.08 0.24 0.66 1.96 13.34 8.5 4.84 2.16 0.11 0.07 1.27 0.81 3
11.83 15.08 -3.25 -4.75 0.08 0.1 1.14 1.45 16.68 18.09 -1.41 -4.59 0.12 0.13 1.62 1.75 1
19.56 9.49 10.07 -3.07 0.14 0.07 1.86 0.9 13.16 14.17 -1.01 -3.99 0.13 0.14 1.28 1.38 3
17.08 9.52 7.56 -3.56 0.12 0.07 1.66 0.92 26.2 12.49 13.71 -3.71 0.15 0.07 2.47 1.18 3
14.06 16.56 -2.5 0.5 0.09 0.11 1.24 1.46 13.73 16.53 -2.8 -4.2 0.08 0.1 1.2 1.45 1
21.56 10.43 11.13 -5.13 0.14 0.07 1.87 0.9 14.66 8.57 6.09 2.91 0.11 0.06 1.27 0.75 2
18.6 11.5 7.1 -4.1 0.12 0.08 1.64 1.01 8.8 15.65 -6.85 5.85 0.08 0.15 0.77 1.38 1
11.51 20.22 -8.71 6.71 0.09 0.16 1.01 1.78 12.32 11.48 0.84 8.16 0.07 0.07 1.07 1 2
6.85 21.39 -14.54 -0.46 0.08 0.24 0.61 1.9 28.18 14.01 14.17 -3.17 0.15 0.07 2.42 1.2 3
18.13 19.99 -1.86 -5.14 0.12 0.13 1.6 1.77 14.1 16.17 -2.07 -1.93 0.13 0.15 1.25 1.43 3
22.25 11.13 11.12 -5.12 0.13 0.07 1.77 0.88 30.71 14.26 16.45 -3.45 0.15 0.07 2.43 1.13 1
15.36 9.26 6.1 2.9 0.11 0.06 1.22 0.74 15.71 19.08 -3.37 0.37 0.13 0.16 1.27 1.54 1
14.1 18.2 -4.1 -4.9 0.08 0.1 1.14 1.47 12.3 24.25 -11.95 9.95 0.09 0.17 0.99 1.95 2
15.73 16.93 -1.2 1.2 0.09 0.1 1.27 1.37 21.04 21.6 -0.56 -7.44 0.13 0.13 1.7 1.75 1
16.35 12.27 4.08 4.92 0.09 0.07 1.31 0.98 19.98 12.27 7.71 -3.71 0.13 0.08 1.61 0.99 1
9.57 17.03 -7.46 5.46 0.08 0.15 0.77 1.37 7.1 23.92 -16.82 -0.18 0.07 0.24 0.58 1.95 1
14.74 25.8 -11.06 9.06 0.09 0.16 1.1 1.92 17.93 18.47 -0.54 4.54 0.1 0.1 1.34 1.38 1
21.39 15.61 5.78 -4.78 0.13 0.09 1.59 1.16 15.65 20.64 -4.99 -4.01 0.08 0.1 1.17 1.54 1
22.58 23.8 -1.22 -10.78 0.13 0.14 1.69 1.78 17.99 9.87 8.12 3.88 0.11 0.06 1.32 0.72 2
16.32 21.71 -5.39 -0.61 0.13 0.17 1.21 1.62 32.04 15.41 16.63 -4.63 0.14 0.07 2.35 1.13 3
23.4 12.46 10.94 -3.94 0.13 0.07 1.72 0.92 11.83 18.49 -6.66 7.66 0.09 0.14 0.88 1.38 1
8.56 26.18 -17.62 -2.38 0.08 0.23 0.64 1.97 19.69 13.68 6.01 5.99 0.1 0.07 1.45 1.01 3
17.63 26.93 -9.3 8.3 0.1 0.15 1.22 1.87 22.74 25.02 -2.28 -9.72 0.12 0.14 1.58 1.74 3
23.2 14.79 8.41 5.59 0.11 0.07 1.59 1.01 25.32 12.72 12.6 -3.6 0.13 0.07 1.73 0.87 1
12.09 20.41 -8.32 7.32 0.09 0.15 0.84 1.41 16.47 24.86 -8.39 -1.61 0.13 0.19 1.14 1.72 1
19.06 21.36 -2.3 5.3 0.1 0.11 1.32 1.48 22.54 16.66 5.88 -3.88 0.12 0.09 1.56 1.15 2
16.7 21.79 -5.09 -4.91 0.08 0.1 1.15 1.51 9.67 29.69 -20.02 -1.98 0.08 0.25 0.67 2.07 2
35.19 15.56 19.63 -3.63 0.14 0.06 2.4 1.06 19.21 10.03 9.18 2.82 0.11 0.06 1.31 0.68 2
24.04 17.26 6.78 -4.78 0.12 0.09 1.55 1.11 19.58 28.36 -8.78 6.78 0.1 0.14 1.26 1.83 3
10.72 31.55 -20.83 -1.17 0.08 0.24 0.7 2.05 19.66 22.86 -3.2 6.2 0.09 0.11 1.27 1.48 3
24.17 26.97 -2.8 -8.2 0.13 0.14 1.56 1.75 36.64 16.55 20.09 -4.09 0.14 0.06 2.33 1.05 3
25.76 13.27 12.49 -4.49 0.13 0.06 1.64 0.84 18.56 22.84 -4.28 -5.72 0.08 0.1 1.19 1.47 2
17.16 25.82 -8.66 -2.34 0.12 0.18 1.1 1.66 23.75 15.23 8.52 6.48 0.11 0.07 1.52 0.97 3
20.2 11.48 8.72 3.28 0.11 0.06 1.29 0.73 13.05 21.1 -8.05 8.05 0.09 0.14 0.84 1.36 1
21.61 32.13 -10.52 10.52 0.1 0.15 1.31 1.94 11.48 34.71 -23.23 -1.77 0.08 0.23 0.7 2.11 1
22.82 23.62 -0.8 6.8 0.1 0.1 1.38 1.43 27.3 14.8 12.5 -4.5 0.13 0.07 1.63 0.89 3
24.57 30.94 -6.37 -6.63 0.13 0.16 1.49 1.88 27.81 19.29 8.52 -8.52 0.12 0.09 1.68 1.16 2
14.56 25.29 -10.73 6.73 0.09 0.16 0.88 1.53 40.61 16.95 23.66 -5.66 0.14 0.06 2.43 1.01 2
26.28 17.17 9.11 6.89 0.11 0.07 1.57 1.03 24.39 12.99 11.4 4.6 0.12 0.06 1.46 0.78 3
20.09 24.38 -4.29 -5.71 0.08 0.1 1.21 1.47 19.1 28.35 -9.25 -2.75 0.12 0.19 1.15 1.71 2
20.71 31 -10.29 -1.71 0.12 0.19 1.17 1.75 23.12 24.4 -1.28 6.28 0.1 0.11 1.32 1.4 2
26.17 14.82 11.35 6.65 0.12 0.07 1.47 0.83 22.74 25.99 -3.25 -6.75 0.08 0.09 1.29 1.47 1
28.08 15.1 12.98 -3.98 0.12 0.06 1.59 0.85 23.48 32.53 -9.05 10.05 0.1 0.14 1.34 1.85 1
11.88 36.58 -24.7 -1.3 0.07 0.23 0.68 2.09 28.7 20.59 8.11 -8.11 0.12 0.09 1.63 1.17 3
25.87 31.83 -5.96 -7.04 0.13 0.16 1.48 1.82 15.79 27.08 -11.29 7.29 0.09 0.16 0.9 1.54 1
42.4 18.18 24.22 -6.22 0.14 0.06 2.39 1.02 28.11 18.95 9.16 4.84 0.11 0.08 1.58 1.06 1
12.46 38.91 -26.45 -1.55 0.07 0.23 0.67 2.1 27.84 32.1 -4.26 -6.74 0.13 0.15 1.5 1.73 3
29.28 19.86 9.42 3.58 0.11 0.07 1.56 1.06 16.06 29.05 -12.99 6.99 0.09 0.16 0.86 1.56 2
25.48 28.32 -2.84 -9.16 0.09 0.1 1.36 1.51 43.31 19.35 23.96 -4.96 0.14 0.06 2.31 1.03 3
24.16 37.16 -13 11 0.1 0.15 1.3 1.99 23.17 32.36 -9.19 -2.81 0.13 0.18 1.23 1.72 2
24.48 26.86 -2.38 7.38 0.1 0.11 1.32 1.45 28.5 17.56 10.94 9.06 0.13 0.08 1.51 0.93 2
31.03 21.17 9.86 -7.86 0.12 0.08 1.66 1.13 32.71 15.78 16.93 -4.93 0.13 0.06 1.74 0.84 1
18.05 30.76 -12.71 6.71 0.09 0.16 0.92 1.57 26.84 30.11 -3.27 -10.73 0.09 0.1 1.36 1.52 3
33.79 18.94 14.85 -6.85 0.13 0.07 1.71 0.96 13.71 42.3 -28.59 -0.41 0.07 0.23 0.7 2.16 1
24.63 33.8 -9.17 -2.83 0.13 0.18 1.24 1.7 34.19 22.25 11.94 -5.94 0.13 0.08 1.73 1.13 2
31.23 33.35 -2.12 -7.88 0.13 0.14 1.6 1.7 30.99 21.85 9.14 3.86 0.11 0.08 1.56 1.1 3
45.1 20.71 24.39 -3.39 0.14 0.06 2.28 1.04 26.74 28.27 -1.53 6.53 0.1 0.11 1.36 1.44 2
29.91 19.82 10.09 9.91 0.13 0.08 1.5 1 25.6 38.62 -13.02 11.02 0.1 0.15 1.3 1.96 1
35.54 24.06 11.48 -5.48 0.13 0.09 1.71 1.16 33.76 21.01 12.75 11.25 0.13 0.08 1.62 1.01 1
26.84 30.11 -3.27 -9.73 0.09 0.1 1.29 1.45 32.84 23.1 9.74 6.26 0.11 0.08 1.57 1.11 3
26.79 42.47 -15.68 9.68 0.1 0.16 1.3 2.05 48.32 22.67 25.65 -4.65 0.14 0.06 2.31 1.09 1
28.7 31.49 -2.79 7.79 0.1 0.11 1.39 1.52 18.05 30.76 -12.71 5.71 0.09 0.16 0.88 1.49 1
36.74 19.51 17.23 -7.23 0.12 0.07 1.76 0.94 32.48 35.2 -2.72 -10.28 0.13 0.14 1.58 1.71 2
14.28 45.25 -30.97 -0.03 0.08 0.24 0.69 2.2 26.44 35.15 -8.71 -3.29 0.13 0.18 1.27 1.68 3
0.47 1.55 -1.08 -0.92 0.05 0.16 0.46 1.53 1.36 0.75 0.61 1.39 0.09 0.05 1.32 0.73 2
1.22 2.64 -1.42 -0.58 0.12 0.26 1.17 2.53 1.89 1.55 0.34 -0.34 0.16 0.13 1.83 1.5 1
0.89 3 -2.11 2.11 0.13 0.43 0.85 2.87 0.86 0.53 0.33 -3.33 0.06 0.04 0.81 0.5 1
0.75 1.36 -0.61 -1.39 0.08 0.14 0.73 1.32 3 0.89 2.11 -2.11 0.17 0.05 2.87 0.85 2
0.53 0.86 -0.33 3.33 0.06 0.1 0.5 0.81 2.64 1.22 1.42 0.58 0.19 0.09 2.53 1.17 2
1.55 1.89 -0.34 0.34 0.13 0.16 1.5 1.83 1.55 0.47 1.08 0.92 0.17 0.05 1.53 0.46 2
