1.13 0.89 0.24 -0.24 0.09 0.07 1.11 0.87 1.3 0.74 0.56 0.44 0.13 0.07 1.23 0.7 2
1.51 1.82 -0.31 -1.69 0.13 0.15 1.48 1.78 0.89 1.13 -0.24 0.24 0.09 0.11 0.87 1.11 2
0.42 1.2 -0.78 0.78 0.04 0.12 0.4 1.14 1.53 0.19 1.34 0.66 0.14 0.02 1.5 0.19 3
1.2 0.42 0.78 -0.78 0.06 0.02 1.14 0.4 2.53 0.47 2.06 -3.06 0.18 0.03 2.45 0.45 3
0.47 2.53 -2.06 3.06 0.07 0.36 0.45 2.45 2.2 0.15 2.05 -1.05 0.15 0.01 2.11 0.14 3
0.15 2.2 -2.05 1.05 0.03 0.44 0.14 2.11 1.82 1.51 0.31 1.69 0.12 0.1 1.78 1.48 1
0.74 1.3 -0.56 -0.44 0.11 0.19 0.7 1.23 1.5 2.15 -0.65 -0.35 0.09 0.13 1.42 2.04 3
2.15 1.5 0.65 0.35 0.13 0.09 2.04 1.42 0.19 1.53 -1.34 -0.66 0.03 0.22 0.19 1.5 1
1.1 4.8 -3.7 -0.3 0.06 0.28 0.54 2.36 2.45 2.98 -0.53 -1.47 0.1 0.12 1.15 1.4 3
3.18 3.86 -0.68 0.68 0.13 0.16 1.49 1.81 1.43 1.18 0.25 -0.25 0.07 0.06 0.7 0.57 2
4.5 1.1 3.4 1.6 0.15 0.04 2.21 0.54 0.69 4.51 -3.82 -0.18 0.03 0.2 0.34 2.19 1
4.84 0.46 4.38 1.62 0.2 0.02 2.39 0.23 5.42 2.41 3.01 -0.01 0.15 0.07 2.62 1.17 3
3.45 2.07 1.38 -0.38 0.12 0.07 1.68 1.01 0.65 3.46 -2.81 0.81 0.06 0.31 0.32 1.69 1
1.3 1.89 -0.59 0.59 0.07 0.09 0.64 0.93 0.71 3.83 -3.12 3.12 0.07 0.38 0.34 1.84 2
1.59 1.04 0.55 0.45 0.08 0.05 0.76 0.5 2.27 2.23 0.04 -2.04 0.08 0.08 1.12 1.1 1
3.13 0.33 2.8 1.2 0.11 0.01 1.52 0.16 1.83 2.39 -0.56 -5.44 0.05 0.06 0.89 1.16 1
1.6 2.13 -0.53 0.53 0.07 0.1 0.52 0.7 2.29 5.47 -3.18 -1.82 0.08 0.19 0.75 1.8 2
1.29 4.65 -3.36 0.36 0.06 0.22 0.42 1.53 2.11 2.2 -0.09 0.09 0.07 0.07 0.69 0.72 1
3.12 4.17 -1.05 0.05 0.1 0.14 1 1.33 6.54 1.13 5.41 -0.41 0.18 0.03 2.15 0.37 3
1.02 4.64 -3.62 3.62 0.05 0.24 0.33 1.5 2.52 1.53 0.99 1.01 0.09 0.05 0.8 0.49 3
2.76 3.16 -0.4 -2.6 0.07 0.08 0.9 1.03 4.13 4.03 0.1 -0.1 0.11 0.11 1.32 1.29 3
2.06 4.08 -2.02 -4.98 0.05 0.1 0.67 1.34 4.64 2.71 1.93 0.07 0.11 0.06 1.52 0.89 3
1.04 5.69 -4.65 -2.35 0.03 0.17 0.34 1.86 6.09 4.11 1.98 2.02 0.13 0.09 1.97 1.33 2
5.68 1.45 4.23 3.77 0.15 0.04 1.87 0.48 4.82 0.56 4.26 0.74 0.11 0.01 1.58 0.18 3
5.23 5.3 -0.07 3.07 0.11 0.11 1.25 1.27 1.93 5.72 -3.79 2.79 0.07 0.2 0.47 1.39 1
9.98 6.22 3.76 0.24 0.14 0.09 2.41 1.5 4.16 5.38 -1.22 -0.78 0.12 0.15 1 1.29 2
2.27 3.63 -1.36 0.36 0.06 0.1 0.56 0.9 2.4 9.59 -7.19 -1.81 0.05 0.19 0.59 2.35 2
3.6 2.44 1.16 1.84 0.09 0.06 0.86 0.59 2.72 4.81 -2.09 0.09 0.07 0.13 0.67 1.19 3
7.75 2.17 5.58 0.42 0.16 0.04 1.91 0.53 2.79 2.26 0.53 -0.53 0.08 0.07 0.68 0.55 1
10.15 3.05 7.1 -3.1 0.16 0.05 2.48 0.75 6.11 3.05 3.06 3.94 0.13 0.07 1.5 0.75 1
6.42 0.99 5.43 0.57 0.11 0.02 1.57 0.24 3.15 9.58 -6.43 -0.57 0.07 0.21 0.77 2.34 3
2.42 6.66 -4.24 -0.76 0.08 0.21 0.59 1.63 4.03 4.26 -0.23 -5.77 0.07 0.08 0.98 1.03 2
3.18 6.79 -3.61 0.61 0.07 0.16 0.62 1.31 2.8 7.35 -4.55 -0.45 0.07 0.17 0.55 1.43 3
3.58 6.14 -2.56 1.56 0.08 0.13 0.71 1.21 6.3 6.55 -0.25 5.25 0.12 0.12 1.21 1.25 2
4.19 12.18 -7.99 1.99 0.07 0.21 0.81 2.36 4.28 7.06 -2.78 0.78 0.1 0.17 0.82 1.35 3
5.41 11.12 -5.71 -3.29 0.07 0.15 1.05 2.17 4.93 3.3 1.63 0.37 0.09 0.06 0.95 0.63 1
3.01 4.75 -1.74 0.74 0.07 0.11 0.59 0.93 11.66 6.34 5.32 -1.32 0.12 0.06 2.23 1.21 3
7.46 4.69 2.77 2.23 0.14 0.09 1.46 0.92 3.8 6.64 -2.84 1.84 0.08 0.13 0.75 1.3 3
4.72 4.64 0.08 -6.08 0.07 0.07 0.91 0.9 10.24 2.39 7.85 -0.85 0.16 0.04 2.01 0.47 1
9.02 2.03 6.99 -1.99 0.11 0.02 1.75 0.39 11.79 4.4 7.39 -1.39 0.15 0.06 2.3 0.86 1
