0.28 1.06 -0.78 1.78 0.06 0.21 0.27 1 0.81 1.07 -0.26 -2.74 0.06 0.08 0.79 1.05 3
2.26 0.92 1.34 1.66 0.13 0.05 2.21 0.9 0.45 2.57 -2.12 -0.88 0.06 0.37 0.43 2.43 1
1.06 0.28 0.78 -1.78 0.05 0.01 1 0.27 2.46 0.65 1.81 2.19 0.15 0.04 2.38 0.63 3
1.07 0.81 0.26 2.74 0.08 0.06 1.05 0.79 0.28 0.71 -0.43 -1.57 0.04 0.1 0.27 0.68 1
0.71 0.28 0.43 1.57 0.04 0.02 0.68 0.27 0.92 2.26 -1.34 -1.66 0.12 0.28 0.9 2.21 1
2.57 0.45 2.12 0.88 0.09 0.02 2.43 0.43 0.65 2.46 -1.81 -2.19 0.05 0.21 0.63 2.38 1
2.61 2.18 0.43 -5.43 0.12 0.1 1.23 1.03 1 2.72 -1.72 0.72 0.08 0.21 0.48 1.31 1
3.34 1.1 2.24 2.76 0.13 0.04 1.62 0.54 5.43 0.82 4.61 -0.61 0.1 0.02 2.55 0.38 3
2.47 1.79 0.68 -1.68 0.1 0.07 1.21 0.88 1.51 1.16 0.35 -2.35 0.04 0.03 0.73 0.56 3
1.59 3.55 -1.96 -2.04 0.1 0.22 0.77 1.72 2.54 3.14 -0.6 6.6 0.1 0.13 1.21 1.5 3
1.02 5.32 -4.3 -0.7 0.06 0.33 0.48 2.52 4 1.01 2.99 1.01 0.13 0.03 1.95 0.49 2
0.54 4.31 -3.77 -0.23 0.04 0.33 0.26 2.06 2 0.95 1.05 1.95 0.06 0.03 0.96 0.45 3
5.43 0.82 4.61 -0.61 0.1 0.02 2.55 0.38 1 2.72 -1.72 0.72 0.08 0.21 0.48 1.31 1
2.86 2.6 0.26 -2.26 0.08 0.07 0.94 0.85 4.5 2.87 1.63 -4.63 0.13 0.08 1.41 0.9 1
4.69 3.43 1.26 5.74 0.11 0.08 1.5 1.09 1.57 6.32 -4.75 -1.25 0.08 0.32 0.5 2.02 1
4.92 1.22 3.7 0.3 0.13 0.03 1.61 0.4 4.5 2.49 2.01 0.99 0.12 0.07 1.47 0.81 1
4.01 1.98 2.03 2.97 0.08 0.04 1.28 0.63 1.23 6.24 -5.01 0.01 0.06 0.31 0.4 2.01 1
2.32 1.55 0.77 -1.77 0.06 0.04 0.75 0.5 11.16 2.65 8.51 -0.51 0.12 0.03 2.68 0.64 2
2.36 8.95 -6.59 1.59 0.08 0.31 0.56 2.14 1.88 5.7 -3.82 -1.18 0.09 0.27 0.61 1.84 2
2.57 8.31 -5.74 -1.26 0.1 0.31 0.62 2.01 2.74 9.4 -6.66 1.66 0.08 0.26 0.53 1.8 1
1.49 8.73 -7.24 -0.76 0.06 0.34 0.36 2.11 6.68 4.43 2.25 5.75 0.12 0.08 1.62 1.07 3
2.33 6.08 -3.75 -1.25 0.08 0.2 0.56 1.47 3.19 2.93 0.26 -0.26 0.07 0.06 0.78 0.72 1
4.83 3.2 1.63 -6.63 0.11 0.07 1.14 0.76 2.75 2.55 0.2 -1.2 0.05 0.04 0.67 0.62 3
4.81 2.72 2.09 -0.09 0.1 0.05 1.19 0.67 6.5 2.24 4.26 3.74 0.09 0.03 1.56 0.54 1
12.16 3.08 9.08 -1.08 0.11 0.03 2.34 0.59 5.15 1.53 3.62 1.38 0.11 0.03 1.27 0.38 1
3.17 10.39 -7.22 0.22 0.06 0.2 0.51 1.66 2.7 9.72 -7.02 -1.98 0.08 0.27 0.52 1.86 3
4.89 5 -0.11 -3.89 0.08 0.08 0.96 0.98 3.56 8.74 -5.18 0.18 0.09 0.22 0.69 1.69 3
6.95 6.94 0.01 4.99 0.08 0.08 1.33 1.33 14.86 4.37 10.49 -1.49 0.12 0.03 2.4 0.7 3
4.5 3.45 1.05 -1.05 0.06 0.05 0.87 0.67 6.44 4.23 2.21 1.79 0.12 0.08 1.27 0.83 2
7.67 5.64 2.03 6.97 0.13 0.09 1.47 1.08 9.51 3.17 6.34 -1.34 0.14 0.05 1.85 0.62 2
5.73 4.95 0.78 -6.78 0.09 0.08 1.09 0.94 4.4 7.78 -3.38 2.38 0.1 0.19 0.85 1.51 3
6.95 6.94 0.01 4.99 0.08 0.08 1.33 1.33 3.17 10.39 -7.22 0.22 0.06 0.2 0.51 1.66 1
5.59 11.71 -6.12 -1.88 0.13 0.28 0.89 1.87 6.11 5.77 0.34 -5.34 0.08 0.07 1 0.94 1
5.98 9.5 -3.52 3.52 0.11 0.18 0.96 1.53 4.83 4.14 0.69 -0.69 0.06 0.05 0.78 0.67 3
9.61 3.41 6.2 -1.2 0.14 0.05 1.56 0.55 5.53 15.93 -10.4 0.4 0.07 0.2 0.66 1.91 2
7.13 4.56 2.57 1.43 0.1 0.07 1.17 0.75 11.16 9 2.16 3.84 0.08 0.07 1.53 1.23 2
4.33 9.96 -5.63 1.63 0.09 0.21 0.7 1.62 7.45 6.53 0.92 -7.92 0.1 0.09 1.18 1.04 3
16.55 5.93 10.62 -0.62 0.12 0.04 2.29 0.82 7.91 5.74 2.17 6.83 0.12 0.08 1.27 0.92 1
6.73 10.81 -4.08 3.08 0.1 0.16 0.93 1.5 5.27 12.06 -6.79 1.79 0.1 0.22 0.73 1.67 1
8.82 7.24 1.58 6.42 0.11 0.09 1.22 1 8.73 5.79 2.94 1.06 0.11 0.07 1.23 0.81 2
9.55 7.47 2.08 -8.08 0.11 0.08 1.3 1.02 6.03 12.28 -6.25 -0.75 0.12 0.25 0.83 1.68 3
6.14 4.89 1.25 -0.25 0.06 0.05 0.86 0.68 12.39 10.6 1.79 4.21 0.09 0.07 1.49 1.27 1
5.7 17.7 -12 2 0.07 0.21 0.61 1.89 18.05 6.84 11.21 -0.21 0.11 0.04 2.19 0.83 3
6.68 6.21 0.47 -6.47 0.08 0.07 0.94 0.87 11.38 3.58 7.8 -2.8 0.13 0.04 1.59 0.5 3
8.59 13.42 -4.83 1.83 0.13 0.21 1.03 1.61 10.02 11.87 -1.85 3.85 0.12 0.14 1.21 1.44 2
9.27 7.3 1.97 2.03 0.1 0.08 1.14 0.89 7.17 20.22 -13.05 0.05 0.07 0.21 0.69 1.95 2
13.54 4.7 8.84 -0.84 0.13 0.04 1.65 0.57 10.69 10.03 0.66 -10.66 0.11 0.1 1.28 1.2 1
13.93 11.91 2.02 2.98 0.09 0.07 1.49 1.27 10.33 7.78 2.55 5.45 0.12 0.09 1.24 0.94 3
6.33 15.35 -9.02 1.02 0.1 0.24 0.76 1.85 7.45 6.43 1.02 0.98 0.07 0.06 0.91 0.78 3
20.57 8.31 12.26 1.74 0.11 0.04 2.22 0.9 7.8 8.37 -0.57 -8.43 0.07 0.08 0.96 1.02 3
