0.97 3.49 -2.52 -0.48 0.07 0.27 0.93 3.34 4.33 0.53 3.8 -2.8 0.31 0.04 4.33 0.53 3
0.53 4.33 -3.8 2.8 0.09 0.72 0.53 4.33 0.78 1.37 -0.59 -0.41 0.13 0.23 0.73 1.28 2
1.89 0.3 1.59 0.41 0.13 0.02 1.83 0.29 3.49 0.97 2.52 0.48 0.23 0.06 3.34 0.93 1
1.37 0.78 0.59 0.41 0.2 0.11 1.28 0.73 0.3 1.89 -1.59 -0.41 0.04 0.24 0.29 1.83 3
5.54 3.78 1.76 0.24 0.18 0.13 2.67 1.82 2.53 2.81 -0.28 1.28 0.11 0.12 1.24 1.38 2
3.38 7.07 -3.69 2.69 0.16 0.34 1.64 3.44 2.29 3.01 -0.72 -1.28 0.16 0.22 1.11 1.46 3
3.52 4.22 -0.7 -0.3 0.15 0.18 1.66 1.99 1.54 5.47 -3.93 -1.07 0.08 0.29 0.75 2.68 3
6.31 1.1 5.21 -2.21 0.19 0.03 3.16 0.55 4.7 2.35 2.35 0.65 0.12 0.06 2.27 1.14 2
7.98 2.24 5.74 -2.74 0.16 0.05 2.66 0.75 3.25 4.23 -0.98 1.98 0.1 0.14 1.06 1.37 1
2.53 7.65 -5.12 1.12 0.09 0.28 0.83 2.5 3.38 7.07 -3.69 0.69 0.16 0.34 1.11 2.31 1
2.29 3.01 -0.72 0.72 0.16 0.22 0.75 0.98 6.96 4.5 2.46 -0.46 0.15 0.1 2.23 1.44 1
5.84 4.02 1.82 1.18 0.12 0.09 1.9 1.31 5.7 5.21 0.49 -2.49 0.16 0.15 1.82 1.66 1
3.12 8.55 -5.43 4.43 0.08 0.22 0.76 2.08 3.2 5.5 -2.3 3.3 0.17 0.29 0.77 1.33 2
4.28 7.66 -3.38 -2.62 0.16 0.28 1.04 1.86 9.25 4.98 4.27 0.73 0.14 0.08 2.25 1.21 3
6.66 8.62 -1.96 -2.04 0.14 0.18 1.59 2.06 3.94 5.73 -1.79 1.79 0.1 0.14 0.95 1.38 3
9.48 2.93 6.55 -2.55 0.16 0.05 2.33 0.72 9.45 5.41 4.04 -3.04 0.15 0.08 2.25 1.29 1
9.9 5.8 4.1 1.9 0.14 0.08 1.92 1.13 4.35 8.62 -4.27 3.27 0.08 0.16 0.85 1.69 1
3.27 6.73 -3.46 4.46 0.15 0.31 0.64 1.31 11.06 3.39 7.67 -0.67 0.14 0.04 2.17 0.66 3
9.91 6.99 2.92 -4.92 0.14 0.1 1.89 1.34 7.5 11.17 -3.67 -1.33 0.13 0.19 1.43 2.13 2
6.49 6.57 -0.08 1.08 0.11 0.11 1.25 1.26 5.1 8.31 -3.21 -3.79 0.14 0.23 0.99 1.61 1
8.63 12.36 -3.73 -1.27 0.13 0.18 1.38 1.97 14.15 3.53 10.62 -1.62 0.15 0.04 2.32 0.58 2
5.45 9.56 -4.11 -3.89 0.13 0.23 0.88 1.54 11.1 8.12 2.98 -4.98 0.13 0.1 1.77 1.3 1
13.15 6.08 7.07 2.93 0.15 0.07 2.14 0.99 3.41 9.82 -6.41 5.41 0.13 0.36 0.55 1.6 1
4.63 11.87 -7.24 2.24 0.08 0.19 0.76 1.94 7.74 6.92 0.82 1.18 0.1 0.09 1.24 1.11 1
11.34 8.33 3.01 -6.01 0.13 0.09 1.56 1.15 14.16 6.6 7.56 4.44 0.14 0.06 1.96 0.91 1
15.7 4.25 11.45 -2.45 0.15 0.04 2.2 0.6 6.45 12.9 -6.45 3.45 0.09 0.18 0.9 1.81 3
8.77 8.74 0.03 -0.03 0.1 0.1 1.2 1.2 3.93 10.83 -6.9 3.9 0.1 0.29 0.54 1.5 3
9.35 13.91 -4.56 -0.44 0.12 0.18 1.28 1.91 5.66 9.8 -4.14 -2.86 0.12 0.2 0.78 1.36 1
4.45 11.22 -6.77 4.77 0.09 0.24 0.54 1.35 7.44 10.87 -3.43 -4.57 0.11 0.16 0.9 1.31 1
9.16 9.26 -0.1 -0.9 0.1 0.1 1.1 1.11 13.22 9.46 3.76 -4.76 0.13 0.09 1.59 1.14 2
6.45 12.9 -6.45 6.45 0.09 0.18 0.79 1.58 10.42 15.69 -5.27 1.27 0.12 0.18 1.25 1.88 1
15.29 8.48 6.81 3.19 0.13 0.07 1.85 1.02 15.7 4.25 11.45 -5.45 0.15 0.04 1.93 0.52 1
12.71 17.22 -4.51 -0.49 0.12 0.16 1.35 1.83 16.93 9.54 7.39 4.61 0.14 0.08 1.82 1.02 3
16.76 5.89 10.87 -6.87 0.14 0.05 1.83 0.64 11.05 10.22 0.83 -1.83 0.1 0.09 1.18 1.09 1
14.18 11.35 2.83 -3.83 0.13 0.11 1.52 1.21 5.47 12.73 -7.26 6.26 0.09 0.22 0.59 1.37 1
8.95 11.89 -2.94 -6.06 0.11 0.14 0.96 1.28 7.98 15.19 -7.21 8.21 0.1 0.19 0.87 1.65 2
6.29 15.04 -8.75 6.75 0.09 0.22 0.6 1.44 8.12 16.34 -8.22 9.22 0.1 0.19 0.79 1.6 3
17.39 10.5 6.89 6.11 0.13 0.08 1.67 1.01 10.1 12.03 -1.93 -7.07 0.1 0.12 0.98 1.16 2
16.49 12.17 4.32 -4.32 0.14 0.1 1.58 1.17 18.6 6.65 11.95 -5.95 0.13 0.05 1.83 0.65 3
11.81 12.06 -0.25 -2.75 0.1 0.11 1.13 1.16 13.67 17.68 -4.01 -1.99 0.11 0.14 1.3 1.69 3
15.22 18.37 -3.15 0.15 0.11 0.14 1.32 1.59 16.8 13.64 3.16 -5.16 0.14 0.11 1.47 1.19 3
20.07 6.96 13.11 -5.11 0.13 0.04 1.79 0.62 8.1 17.81 -9.71 3.71 0.1 0.21 0.71 1.56 2
10.89 18.15 -7.26 12.26 0.11 0.19 0.97 1.61 18.29 11.17 7.12 5.88 0.13 0.08 1.6 0.98 3
10.77 12.93 -2.16 -6.84 0.1 0.12 0.95 1.14 12.5 13.61 -1.11 -4.89 0.1 0.11 1.09 1.19 1
8.46 19.09 -10.63 4.63 0.1 0.23 0.68 1.54 19.94 11.93 8.01 6.99 0.13 0.08 1.6 0.96 3
13.29 14.95 -1.66 -6.34 0.1 0.11 1.06 1.19 11.65 19.8 -8.15 11.15 0.12 0.2 0.95 1.62 1
19.26 14.01 5.25 -6.25 0.14 0.1 1.54 1.12 12.11 13.72 -1.61 -5.39 0.1 0.11 0.97 1.1 2
21.35 7.32 14.03 -6.03 0.12 0.04 1.75 0.6 15.59 20.83 -5.24 1.24 0.11 0.15 1.24 1.65 1
20.76 13.77 6.99 9.01 0.12 0.08 1.54 1.02 14.57 15.17 -0.6 -6.4 0.1 0.1 1.07 1.11 2
10.3 19.91 -9.61 2.61 0.1 0.2 0.76 1.48 16.22 23.01 -6.79 -1.21 0.11 0.16 1.19 1.69 3
11.87 21.08 -9.21 11.21 0.11 0.2 0.89 1.58 19.26 14.01 5.25 -6.25 0.14 0.1 1.43 1.04 2
12.11 13.72 -1.61 -5.39 0.1 0.11 0.9 1.02 23.53 7.95 15.58 -3.58 0.13 0.04 1.78 0.6 3
16.22 23.01 -6.79 -0.21 0.11 0.16 1.11 1.58 12.89 22.88 -9.99 11.99 0.11 0.19 0.9 1.6 3
12.11 13.72 -1.61 -11.39 0.1 0.11 0.84 0.95 10.3 19.91 -9.61 1.61 0.1 0.2 0.71 1.38 3
21.06 15.03 6.03 -7.03 0.14 0.1 1.45 1.04 15.2 16.25 -1.05 -5.95 0.1 0.1 1.03 1.1 1
23.53 7.95 15.58 2.42 0.13 0.04 1.65 0.56 21.84 14.4 7.44 8.56 0.12 0.08 1.5 0.99 2
11.44 20.26 -8.82 2.82 0.11 0.19 0.74 1.31 22.6 15.46 7.14 -7.14 0.14 0.1 1.45 1 3
15.63 17.79 -2.16 -5.84 0.09 0.11 0.99 1.13 24.65 8.87 15.78 2.22 0.12 0.04 1.62 0.58 3
22.76 15.52 7.24 8.76 0.12 0.08 1.46 1 16.41 25.54 -9.13 -0.87 0.11 0.16 1.05 1.64 1
15.42 23.07 -7.65 12.65 0.12 0.18 1.01 1.51 12.46 14.86 -2.4 -12.6 0.09 0.11 0.8 0.96 3
17.94 28.25 -10.31 -1.69 0.11 0.17 1.08 1.7 15.69 18.84 -3.15 -6.85 0.09 0.11 0.93 1.12 1
14.12 17.26 -3.14 -9.86 0.1 0.12 0.85 1.04 25.47 17.05 8.42 9.58 0.12 0.08 1.54 1.03 2
17.82 24.73 -6.91 9.91 0.12 0.17 1.09 1.51 11.84 21.47 -9.63 2.63 0.1 0.19 0.71 1.3 1
25.7 8.93 16.77 3.23 0.12 0.04 1.58 0.55 23.81 15.86 7.95 -6.95 0.14 0.09 1.44 0.96 1
25.08 17.21 7.87 -7.87 0.14 0.1 1.42 0.98 19.9 29.36 -9.46 -1.54 0.11 0.16 1.13 1.66 2
12.7 22.6 -9.9 1.9 0.1 0.18 0.72 1.28 27.05 10.2 16.85 4.15 0.12 0.05 1.56 0.59 2
26.15 18.75 7.4 10.6 0.12 0.08 1.48 1.06 18.95 25.59 -6.64 10.64 0.12 0.16 1.09 1.47 3
16.8 20.8 -4 -7 0.09 0.11 0.94 1.17 15.82 17.94 -2.12 -10.88 0.1 0.12 0.9 1.02 3
20.69 27.9 -7.21 12.21 0.12 0.17 1.12 1.51 17.08 21.7 -4.62 -7.38 0.09 0.11 0.91 1.15 2
28.46 20.49 7.97 9.03 0.12 0.08 1.52 1.09 12.98 23.64 -10.66 2.66 0.1 0.19 0.7 1.27 1
16.72 18.22 -1.5 -10.5 0.1 0.11 0.9 0.98 25.74 17.51 8.23 -8.23 0.14 0.09 1.38 0.94 2
20.2 30.02 -9.82 -1.18 0.11 0.16 1.08 1.6 28.09 10.48 17.61 3.39 0.12 0.04 1.53 0.57 3
20.3 30.58 -10.28 -1.72 0.1 0.16 1.03 1.55 14.05 25.16 -11.11 0.11 0.1 0.19 0.71 1.28 1
28.65 10.58 18.07 3.93 0.12 0.04 1.48 0.55 18.03 18.42 -0.39 -11.61 0.1 0.11 0.92 0.94 2
25.94 18.82 7.12 -7.12 0.14 0.1 1.32 0.96 21.09 28.22 -7.13 12.13 0.12 0.16 1.08 1.44 1
17.4 22.1 -4.7 -7.3 0.09 0.11 0.88 1.11 29.98 21.56 8.42 11.58 0.11 0.08 1.51 1.09 3
18.14 19.17 -1.03 -10.97 0.1 0.11 0.88 0.93 22.33 31.21 -8.88 -0.12 0.11 0.15 1.08 1.51 1
14.68 27.19 -12.51 -1.49 0.1 0.19 0.71 1.31 18.47 23.44 -4.97 -8.03 0.09 0.12 0.88 1.12 2
21.95 30.43 -8.48 12.48 0.12 0.16 1.06 1.47 29.4 10.69 18.71 3.29 0.12 0.04 1.44 0.52 3
31.32 22.63 8.69 12.31 0.11 0.08 1.5 1.09 28.15 19.68 8.47 -7.47 0.14 0.1 1.36 0.95 2
19.39 19.77 -0.38 -9.62 0.1 0.1 0.89 0.91 23.11 32.97 -9.86 12.86 0.12 0.17 1.07 1.52 3
22.93 32.46 -9.53 -1.47 0.1 0.15 1.05 1.49 32.62 23.58 9.04 11.96 0.11 0.08 1.49 1.08 3
19.12 25.25 -6.13 -6.87 0.09 0.12 0.87 1.15 31.94 11.85 20.09 2.91 0.12 0.04 1.49 0.55 3
29.1 20.98 8.12 -7.12 0.14 0.1 1.34 0.96 16.49 27.84 -11.35 -2.65 0.11 0.18 0.76 1.28 2
19.45 28.61 -9.16 -9.84 0.09 0.13 0.85 1.25 23.58 34.67 -11.09 -0.91 0.1 0.15 1.03 1.52 1
34.83 24.23 10.6 11.4 0.11 0.07 1.52 1.06 20.45 20.36 0.09 -11.09 0.1 0.1 0.9 0.9 1
29.34 21.35 7.99 -6.99 0.14 0.1 1.29 0.94 35.3 12.18 23.12 5.88 0.13 0.04 1.57 0.54 3
16.86 28.08 -11.22 -2.78 0.1 0.17 0.74 1.24 23.7 34.03 -10.33 14.33 0.12 0.17 1.04 1.5 1
20.99 22.69 -1.7 -11.3 0.1 0.11 0.88 0.95 20.15 29.11 -8.96 -9.04 0.09 0.13 0.84 1.21 1
36.24 12.86 23.38 6.62 0.12 0.04 1.55 0.55 19.46 29.79 -10.33 -1.67 0.11 0.17 0.82 1.25 1
24.08 35.37 -11.29 -1.71 0.1 0.15 1.01 1.48 30.02 22.29 7.73 -7.73 0.13 0.1 1.26 0.94 3
25.41 36.63 -11.22 13.22 0.12 0.17 1.07 1.54 37.16 24.77 12.39 11.61 0.11 0.07 1.55 1.03 2
21.09 31.26 -10.17 -9.83 0.09 0.13 0.84 1.25 25.92 38.8 -12.88 14.88 0.12 0.18 1.04 1.56 3
39.68 13.25 26.43 6.57 0.13 0.04 1.62 0.54 26.75 36.65 -9.9 -4.1 0.1 0.14 1.07 1.47 1
31.3 24.96 6.34 -5.34 0.13 0.11 1.26 1.01 23.14 23.63 -0.49 -10.51 0.1 0.11 0.93 0.95 1
19.85 33.23 -13.38 -1.62 0.11 0.18 0.8 1.34 39.33 25.28 14.05 9.95 0.11 0.07 1.57 1.01 3
23.69 24.9 -1.21 -10.79 0.1 0.11 0.91 0.96 43.19 13.38 29.81 6.19 0.13 0.04 1.69 0.52 3
40.23 25.76 14.47 11.53 0.11 0.07 1.54 0.99 22.01 32.85 -10.84 -10.16 0.09 0.13 0.85 1.26 3
27.51 39.72 -12.21 15.21 0.12 0.17 1.06 1.53 32.57 25.51 7.06 -5.06 0.13 0.1 1.26 0.99 1
34.69 26.55 8.14 -7.14 0.13 0.1 1.29 0.99 45.37 27.09 18.28 6.72 0.12 0.07 1.67 1 3
45.08 13.45 31.63 7.37 0.13 0.04 1.7 0.51 28.55 41.84 -13.29 17.29 0.12 0.17 1.06 1.55 1
