0.45 2.26 -1.81 0.81 0.06 0.28 0.43 2.14 1.22 0.13 1.09 -0.09 0.09 0.01 1.22 0.13 3
0.36 1.81 -1.45 -0.55 0.09 0.45 0.35 1.75 3.18 0.54 2.64 1.36 0.24 0.04 3.08 0.52 2
1.31 1.19 0.12 -0.12 0.15 0.13 1.31 1.19 1.13 2.06 -0.93 0.93 0.07 0.13 1.08 1.97 2
0.13 1.22 -1.09 0.09 0.04 0.41 0.13 1.22 0.25 0.92 -0.67 1.67 0.13 0.46 0.24 0.89 1
0.92 0.25 0.67 -1.67 0.08 0.02 0.89 0.24 1 1.52 -0.52 1.52 0.17 0.25 0.92 1.4 2
1.41 0.31 1.1 -1.1 0.24 0.05 1.41 0.31 1.09 1.98 -0.89 0.89 0.1 0.18 1.09 1.98 2
1.98 1.09 0.89 -0.89 0.13 0.07 1.98 1.09 0.87 1.33 -0.46 0.46 0.07 0.1 0.83 1.27 1
1.33 0.87 0.46 -0.46 0.08 0.05 1.27 0.83 0.93 2.86 -1.93 1.93 0.08 0.24 0.91 2.8 2
0.22 0.76 -0.54 -0.46 0.06 0.19 0.22 0.76 0.31 1.41 -1.1 1.1 0.03 0.16 0.31 1.41 1
2.86 0.93 1.93 -1.93 0.2 0.07 2.8 0.91 1.19 1.31 -0.12 0.12 0.15 0.16 1.19 1.31 2
2.06 1.13 0.93 -0.93 0.16 0.09 1.97 1.08 1.81 0.36 1.45 0.55 0.23 0.05 1.75 0.35 1
1.52 1 0.52 -1.52 0.07 0.05 1.4 0.92 2.26 0.45 1.81 -0.81 0.16 0.03 2.14 0.43 1
0.54 3.18 -2.64 -1.36 0.05 0.27 0.52 3.08 0.76 0.22 0.54 0.46 0.08 0.02 0.76 0.22 2
1.19 3.33 -2.14 2.14 0.08 0.22 0.58 1.61 2.42 2.09 0.33 0.67 0.08 0.07 1.13 0.98 1
3.12 2.73 0.39 -1.39 0.12 0.11 1.5 1.31 4.27 1.26 3.01 -1.01 0.19 0.06 2.06 0.61 3
1.59 4.18 -2.59 2.59 0.07 0.17 0.76 2 2.33 3.35 -1.02 1.02 0.08 0.12 1.1 1.59 1
4.93 1.55 3.38 0.62 0.25 0.08 2.42 0.76 3.43 1.65 1.78 -1.78 0.17 0.08 1.68 0.81 3
0.85 2.42 -1.57 1.57 0.04 0.13 0.42 1.19 0.98 3.07 -2.09 0.09 0.05 0.15 0.47 1.46 3
3.41 3.86 -0.45 0.45 0.14 0.15 1.63 1.85 3.38 3.34 0.04 0.96 0.13 0.12 1.66 1.64 2
2.76 0.41 2.35 -2.35 0.08 0.01 1.34 0.2 2.59 0.32 2.27 -3.27 0.1 0.01 1.25 0.15 2
1.94 2.57 -0.63 0.63 0.14 0.18 0.94 1.24 1.63 1.82 -0.19 0.19 0.13 0.14 0.82 0.91 2
2.76 2.43 0.33 -0.33 0.12 0.1 1.38 1.22 1.91 1.86 0.05 -0.05 0.07 0.07 0.96 0.93 3
2.03 0.66 1.37 0.63 0.11 0.03 0.99 0.32 1.09 4.42 -3.33 -0.67 0.05 0.2 0.53 2.14 1
1.41 3.1 -1.69 0.69 0.08 0.17 0.71 1.55 3.35 1.35 2 -3 0.12 0.05 1.6 0.64 2
1.07 3.19 -2.12 3.12 0.13 0.4 0.5 1.5 1.37 3.56 -2.19 0.19 0.09 0.22 0.67 1.75 1
2 0.77 1.23 -0.23 0.09 0.04 0.98 0.38 3.98 2.5 1.48 -1.48 0.15 0.1 1.97 1.24 2
3.01 1.31 1.7 -2.7 0.09 0.04 0.96 0.42 3.11 3.03 0.08 -1.08 0.08 0.08 1.03 1 1
4.73 4.49 0.24 0.76 0.12 0.11 1.56 1.48 1.71 3.37 -1.66 0.66 0.05 0.1 0.56 1.11 3
3.84 2.21 1.63 -0.63 0.15 0.09 1.26 0.72 2.84 3.94 -1.1 2.1 0.1 0.14 0.91 1.27 2
2.85 3.26 -0.41 0.41 0.13 0.15 0.94 1.07 3.61 5.07 -1.46 -2.54 0.11 0.15 1.17 1.65 1
2.04 3.46 -1.42 1.42 0.06 0.1 0.65 1.1 1.68 4.12 -2.44 4.44 0.08 0.21 0.54 1.32 1
4.62 5.99 -1.37 1.37 0.15 0.19 1.51 1.96 3.75 0.83 2.92 -2.92 0.09 0.02 1.2 0.26 2
6.61 1.75 4.86 0.14 0.19 0.05 2.15 0.57 3.02 1.32 1.7 2.3 0.09 0.04 0.97 0.42 1
3.03 3.74 -0.71 0.71 0.07 0.09 0.95 1.18 5.49 1.96 3.53 -0.53 0.18 0.07 1.8 0.64 2
2.51 2.21 0.3 0.7 0.07 0.07 0.83 0.73 4.56 5.21 -0.65 0.65 0.15 0.17 1.48 1.69 3
2.8 4.43 -1.63 0.63 0.07 0.11 0.89 1.4 5.49 1.41 4.08 -3.08 0.12 0.03 1.79 0.46 2
3.62 1.65 1.97 -2.97 0.1 0.04 1.15 0.52 3.38 3.79 -0.41 0.41 0.14 0.15 1.09 1.22 1
2.3 4.17 -1.87 -1.13 0.08 0.14 0.76 1.37 2.67 4.65 -1.98 2.98 0.06 0.11 0.85 1.48 3
1.75 5.41 -3.66 -2.34 0.05 0.17 0.56 1.73 1.24 3.48 -2.24 0.24 0.04 0.12 0.4 1.13 2
3.65 5.08 -1.43 1.43 0.08 0.11 0.87 1.22 2.85 3.03 -0.18 -0.82 0.06 0.06 0.7 0.75 3
3.49 6.77 -3.28 5.28 0.06 0.12 0.84 1.63 5.38 5.55 -0.17 2.17 0.14 0.14 1.3 1.34 1
6.83 2.58 4.25 -1.25 0.17 0.06 1.69 0.64 2.94 4.72 -1.78 0.78 0.06 0.1 0.7 1.13 1
4.33 1.68 2.65 -2.65 0.08 0.03 1.05 0.41 5.24 5.72 -0.48 0.48 0.09 0.1 1.29 1.4 1
3.31 5.52 -2.21 3.21 0.09 0.15 0.8 1.34 4.42 4.99 -0.57 -3.43 0.1 0.11 1.09 1.23 2
4.04 2.6 1.44 -0.44 0.09 0.06 0.98 0.63 5.16 2.15 3.01 -1.01 0.11 0.05 1.24 0.52 3
3.81 6.23 -2.42 -2.58 0.1 0.16 0.92 1.51 1.71 4.23 -2.52 0.52 0.05 0.11 0.42 1.03 3
3.88 5.33 -1.45 -1.55 0.1 0.13 0.94 1.3 2.5 5.88 -3.38 -2.62 0.06 0.14 0.6 1.41 1
5.78 1.55 4.23 -3.23 0.1 0.03 1.41 0.38 2.8 3.82 -1.02 2.02 0.06 0.08 0.68 0.92 1
4.4 4.06 0.34 -3.34 0.09 0.08 1.09 1.01 9.21 1.97 7.24 -0.24 0.2 0.04 2.26 0.48 3
2.04 4.88 -2.84 3.84 0.07 0.17 0.49 1.18 5.47 6.57 -1.1 1.1 0.12 0.14 1.35 1.62 1
2.94 3.88 -0.94 0.94 0.07 0.09 0.72 0.95 4.01 3.46 0.55 0.45 0.11 0.09 0.98 0.85 1
3.24 3.92 -0.68 2.68 0.09 0.1 0.79 0.95 5.42 2.68 2.74 -1.74 0.12 0.06 1.33 0.66 3
6.29 7.84 -1.55 0.55 0.11 0.14 1.23 1.53 4.54 7.09 -2.55 -4.45 0.1 0.15 0.88 1.38 1
3.56 7.27 -3.71 -0.29 0.06 0.13 0.68 1.4 3.31 5.7 -2.39 4.39 0.08 0.14 0.64 1.1 1
5.86 5.8 0.06 -4.06 0.1 0.1 1.16 1.15 4.83 5.52 -0.69 -3.31 0.09 0.1 0.96 1.1 1
4.63 4.41 0.22 -0.22 0.09 0.08 0.89 0.85 5.99 6.04 -0.05 -1.95 0.1 0.1 1.16 1.17 2
6.68 3.13 3.55 -1.55 0.13 0.06 1.3 0.61 4.58 6.45 -1.87 -0.13 0.08 0.11 0.88 1.24 2
5.31 6.2 -0.89 -1.11 0.12 0.14 1.04 1.21 9.38 3.2 6.18 -0.18 0.16 0.05 1.86 0.63 2
6.56 7.37 -0.81 -0.19 0.14 0.16 1.27 1.43 5.68 5.18 0.5 2.5 0.1 0.09 1.11 1.01 3
3.21 7.99 -4.78 -2.22 0.06 0.15 0.61 1.53 4.99 3.57 1.42 -1.42 0.08 0.06 0.96 0.69 2
2.57 4.96 -2.39 2.39 0.05 0.1 0.5 0.97 3.69 5.18 -1.49 2.49 0.08 0.11 0.71 1 2
6.04 8.36 -2.32 -0.68 0.09 0.12 1.19 1.65 5.31 7.95 -2.64 7.64 0.08 0.12 1.03 1.54 3
6.13 3.1 3.03 -0.03 0.12 0.06 1.18 0.59 6.97 2.48 4.49 -1.49 0.11 0.04 1.36 0.48 3
4.22 3.96 0.26 0.74 0.07 0.07 0.83 0.78 4.12 6.96 -2.84 3.84 0.09 0.15 0.8 1.35 1
10.67 2.4 8.27 -0.27 0.19 0.04 2.1 0.47 6.37 3.38 2.99 -0.99 0.1 0.05 1.24 0.66 1
10.63 4.32 6.31 -0.31 0.15 0.06 1.75 0.71 6.99 8.95 -1.96 -1.04 0.12 0.15 1.13 1.44 2
6.35 7.09 -0.74 -5.26 0.1 0.11 1.05 1.17 7.34 3.49 3.85 1.15 0.1 0.05 1.18 0.56 3
5.29 4.11 1.18 -1.18 0.08 0.06 0.85 0.66 11.23 2.71 8.52 0.48 0.17 0.04 1.84 0.44 3
5.5 9.11 -3.61 -4.39 0.1 0.17 0.89 1.48 5.15 6.75 -1.6 1.6 0.08 0.11 0.82 1.08 1
6.68 3.94 2.74 -1.74 0.09 0.05 1.08 0.64 3.87 5.4 -1.53 1.53 0.06 0.09 0.63 0.89 1
5.17 8.1 -2.93 1.93 0.1 0.15 0.84 1.32 7.26 5.61 1.65 3.35 0.11 0.08 1.18 0.91 3
7.14 3.47 3.67 -2.67 0.1 0.05 1.14 0.55 5.57 7.7 -2.13 0.13 0.08 0.11 0.89 1.24 1
3.74 7.71 -3.97 3.97 0.07 0.15 0.6 1.24 7.84 4.05 3.79 -1.79 0.1 0.05 1.26 0.65 3
8.33 6.56 1.77 -3.77 0.12 0.09 1.33 1.05 5.36 5.01 0.35 2.65 0.08 0.08 0.88 0.82 1
3.75 8.29 -4.54 -2.46 0.06 0.13 0.6 1.33 6.43 7.45 -1.02 -0.98 0.12 0.14 1.05 1.21 2
5.5 7.61 -2.11 0.11 0.09 0.12 0.88 1.22 7.43 7.32 0.11 -2.11 0.1 0.1 1.22 1.2 1
8.31 8.8 -0.49 0.49 0.12 0.12 1.35 1.43 7.96 8.76 -0.8 7.8 0.1 0.11 1.29 1.42 3
4.13 6.48 -2.35 3.35 0.08 0.12 0.67 1.05 6.85 11.01 -4.16 -0.84 0.08 0.13 1.12 1.8 1
5.7 6.06 -0.36 1.36 0.08 0.08 0.8 0.85 4.66 9.89 -5.23 -1.77 0.06 0.13 0.64 1.35 1
4.13 6.32 -2.19 1.19 0.06 0.09 0.58 0.89 4.57 8.39 -3.82 2.82 0.07 0.14 0.63 1.16 1
7.37 11.53 -4.16 -1.84 0.08 0.12 1.04 1.62 9.38 6.9 2.48 -2.48 0.11 0.08 1.29 0.95 1
6.78 10.24 -3.46 -3.54 0.11 0.17 0.95 1.43 12.6 4.99 7.61 -1.61 0.16 0.06 1.77 0.7 3
8.03 8.36 -0.33 -1.67 0.13 0.13 1.11 1.15 9.33 9.74 -0.41 -1.59 0.11 0.11 1.31 1.37 1
8.9 9.78 -0.88 9.88 0.11 0.12 1.24 1.36 6.93 9.94 -3.01 -6.99 0.09 0.13 0.98 1.41 2
4.65 7 -2.35 4.35 0.07 0.11 0.65 0.98 7.6 4.2 3.4 -1.4 0.09 0.05 1.05 0.58 3
6.28 8.03 -1.75 0.75 0.08 0.11 0.86 1.11 5.62 8.56 -2.94 0.94 0.09 0.13 0.78 1.19 1
13.01 2.75 10.26 0.74 0.16 0.03 1.82 0.38 9.38 4.81 4.57 -1.57 0.11 0.06 1.28 0.66 2
7.66 10.92 -3.26 0.26 0.11 0.16 1.06 1.51 6.45 8.24 -1.79 0.79 0.08 0.11 0.88 1.13 1
6.91 9.94 -3.03 -0.97 0.08 0.12 0.95 1.37 8.06 8.27 -0.21 -2.79 0.09 0.1 1.13 1.16 1
7.72 6.06 1.66 4.34 0.1 0.08 1.06 0.84 5.33 5.89 -0.56 -1.44 0.08 0.08 0.74 0.82 2
10.19 4.07 6.12 2.88 0.12 0.05 1.41 0.56 8.52 4.88 3.64 -0.64 0.1 0.06 1.18 0.68 3
8.76 5.8 2.96 1.04 0.1 0.06 1.06 0.7 8.12 8.72 -0.6 2.6 0.1 0.1 0.98 1.05 1
9.66 9.29 0.37 -2.37 0.11 0.1 1.16 1.12 5.15 7.78 -2.63 2.63 0.07 0.1 0.63 0.95 1
8.18 10.3 -2.12 -0.88 0.09 0.11 0.99 1.25 11.11 4.31 6.8 1.2 0.11 0.04 1.34 0.52 1
6.03 9.41 -3.38 1.38 0.08 0.13 0.73 1.14 7.26 6.69 0.57 2.43 0.08 0.08 0.89 0.82 1
7.1 10.33 -3.23 -6.77 0.09 0.13 0.88 1.28 8.11 11.18 -3.07 -4.93 0.1 0.14 0.98 1.35 1
10.94 7.35 3.59 -0.59 0.12 0.08 1.31 0.88 4.95 7.96 -3.01 1.01 0.07 0.11 0.6 0.97 2
8.42 9.54 -1.12 -2.88 0.09 0.1 1.04 1.17 7.98 11.45 -3.47 1.47 0.11 0.16 0.96 1.38 1
6.98 8.56 -1.58 -0.42 0.08 0.1 0.84 1.03 9.29 9.95 -0.66 9.66 0.1 0.11 1.13 1.22 2
6.75 6.69 0.06 -2.06 0.08 0.08 0.82 0.81 8.56 4.5 4.06 1.94 0.09 0.05 1.04 0.55 3
13.54 6.32 7.22 -0.22 0.16 0.07 1.65 0.77 8.52 7.48 1.04 4.96 0.1 0.09 1.03 0.9 1
5.29 11.45 -6.16 -2.84 0.06 0.13 0.63 1.37 15.55 4.31 11.24 -0.24 0.17 0.05 1.89 0.52 1
6.31 10.4 -4.09 -0.91 0.09 0.15 0.77 1.26 9.34 8.75 0.59 -0.59 0.13 0.12 1.13 1.06 2
9.72 11.05 -1.33 -2.67 0.1 0.11 1.19 1.35 9.76 11.81 -2.05 -1.95 0.09 0.11 1.2 1.45 1
8.65 12.42 -3.77 -0.23 0.1 0.15 0.93 1.34 9.36 10.8 -1.44 -6.56 0.1 0.11 1.03 1.19 2
10 9.69 0.31 3.69 0.1 0.1 1.07 1.04 9.8 11.18 -1.38 -0.62 0.1 0.11 1.05 1.2 1
11.99 5.93 6.06 0.94 0.11 0.05 1.29 0.64 7.82 9.31 -1.49 2.49 0.08 0.1 0.85 1.02 1
5.33 9.08 -3.75 2.75 0.07 0.12 0.58 0.99 11.62 8.13 3.49 -0.49 0.11 0.08 1.23 0.86 1
8.4 9.86 -1.46 1.46 0.09 0.11 0.9 1.06 6.83 14.35 -7.52 -0.48 0.07 0.15 0.72 1.52 2
9.49 5.09 4.4 2.6 0.09 0.05 1.03 0.55 8.65 9.97 -1.32 1.32 0.1 0.11 0.93 1.07 3
18.45 5.85 12.6 -2.6 0.16 0.05 1.98 0.63 10.5 12.25 -1.75 -1.25 0.1 0.11 1.14 1.33 1
8.58 13.44 -4.86 -5.14 0.1 0.15 0.92 1.45 5.73 8.64 -2.91 0.91 0.07 0.11 0.62 0.94 1
10.96 9.47 1.49 -2.49 0.1 0.09 1.18 1.02 7.28 12.49 -5.21 0.21 0.09 0.15 0.78 1.35 1
11.43 9.72 1.71 -1.71 0.13 0.11 1.23 1.04 7.54 9.79 -2.25 0.25 0.08 0.11 0.8 1.05 3
10.52 10.51 0.01 8.99 0.09 0.09 1.14 1.14 15.75 7.8 7.95 1.05 0.15 0.08 1.7 0.84 1
9.39 10.21 -0.82 -1.18 0.09 0.1 1.03 1.12 7.34 7.62 -0.28 -2.72 0.08 0.08 0.79 0.82 1
10.96 12.59 -1.63 -3.37 0.1 0.11 1.19 1.37 9.9 6.08 3.82 2.18 0.1 0.06 1.07 0.66 3
7.41 13.01 -5.6 -0.4 0.09 0.15 0.72 1.26 6.71 9.59 -2.88 2.88 0.07 0.11 0.66 0.94 1
10.17 6.8 3.37 0.63 0.09 0.06 0.99 0.66 9.75 14.3 -4.55 -4.45 0.09 0.13 0.94 1.38 2
8.22 9.99 -1.77 1.77 0.08 0.1 0.81 0.98 12.18 10.81 1.37 -3.37 0.13 0.11 1.18 1.05 3
10.36 10.65 -0.29 3.29 0.11 0.11 1.01 1.03 13.25 11.56 1.69 9.31 0.1 0.09 1.29 1.13 1
8.63 10.54 -1.91 1.91 0.09 0.1 0.83 1.01 12.67 6.33 6.34 1.66 0.1 0.05 1.23 0.61 1
12.13 9.51 2.62 -0.62 0.1 0.08 1.16 0.91 10.88 13.22 -2.34 -1.66 0.11 0.13 1.05 1.28 1
7.53 9.27 -1.74 -3.26 0.08 0.09 0.73 0.9 16.8 10.53 6.27 0.73 0.15 0.1 1.63 1.02 3
6.59 9.81 -3.22 0.22 0.08 0.11 0.64 0.96 10.57 12.49 -1.92 -1.08 0.09 0.11 1.02 1.21 2
11.07 13.91 -2.84 -1.16 0.1 0.12 1.08 1.36 8.76 10.17 -1.41 1.41 0.08 0.1 0.85 0.99 3
20.11 6.42 13.69 -2.69 0.15 0.05 1.95 0.62 11.04 10.4 0.64 -0.64 0.1 0.09 1.09 1.02 1
7.14 14.71 -7.57 -0.43 0.07 0.14 0.68 1.4 11.52 13.34 -1.82 -4.18 0.09 0.11 1.13 1.31 1
10.65 6.64 4.01 2.99 0.1 0.06 1.03 0.64 11.48 9.6 1.88 -1.88 0.1 0.08 1.11 0.93 1
10.16 13.03 -2.87 -5.13 0.1 0.13 1 1.29 11.31 10.46 0.85 4.15 0.1 0.1 1.1 1.01 3
9.4 10.83 -1.43 2.43 0.08 0.09 0.83 0.95 10.05 11.95 -1.9 -1.1 0.08 0.1 0.9 1.07 2
14.26 12.59 1.67 8.33 0.1 0.09 1.26 1.12 7.48 11 -3.52 0.52 0.08 0.11 0.66 0.97 1
11.76 13.38 -1.62 -1.38 0.09 0.11 1.03 1.18 9.21 10.95 -1.74 2.74 0.08 0.1 0.81 0.96 2
18.02 12.32 5.7 3.3 0.15 0.11 1.59 1.09 8.12 13.15 -5.03 1.03 0.09 0.14 0.71 1.16 1
6.85 10.3 -3.45 1.45 0.07 0.11 0.61 0.91 21.19 7.31 13.88 -1.88 0.15 0.05 1.87 0.65 3
14.14 12.64 1.5 -0.5 0.13 0.12 1.24 1.11 10.73 13.21 -2.48 -6.52 0.09 0.11 0.96 1.18 2
11.66 15.6 -3.94 -3.06 0.1 0.13 1.03 1.38 9.32 10.49 -1.17 -5.83 0.08 0.09 0.82 0.93 1
11.49 11.03 0.46 5.54 0.1 0.1 1.01 0.97 11.39 11.66 -0.27 4.27 0.11 0.11 1.01 1.03 1
11.93 11.48 0.45 -1.45 0.1 0.09 1.07 1.03 11.75 7.91 3.84 4.16 0.1 0.07 1.03 0.7 2
12.75 10.7 2.05 -3.05 0.1 0.08 1.12 0.94 11.73 14.55 -2.82 -2.18 0.09 0.11 1.04 1.29 2
10.86 15.08 -4.22 -4.78 0.1 0.13 0.96 1.33 8.63 15.72 -7.09 1.09 0.07 0.13 0.75 1.37 2
13.08 6.91 6.17 0.83 0.1 0.05 1.15 0.61 10.95 7.91 3.04 0.96 0.09 0.06 0.97 0.7 3
12.53 14.83 -2.3 -5.7 0.1 0.12 1.12 1.32 14.51 10.29 4.22 0.78 0.11 0.08 1.27 0.9 3
16.6 10.72 5.88 3.12 0.11 0.07 1.33 0.86 13.09 16.94 -3.85 -5.15 0.1 0.13 1.06 1.37 1
7.89 14.19 -6.3 1.3 0.07 0.13 0.64 1.15 12.96 16.92 -3.96 -8.04 0.09 0.12 1.06 1.38 3
9.6 16.97 -7.37 2.37 0.09 0.16 0.77 1.36 15.62 14.34 1.28 9.72 0.1 0.09 1.27 1.16 3
9.23 12.36 -3.13 -0.87 0.08 0.11 0.75 1 9.51 12.77 -3.26 4.26 0.08 0.11 0.76 1.03 1
10.27 12.42 -2.15 -5.85 0.08 0.1 0.83 1.01 9.79 11.41 -1.62 2.62 0.08 0.09 0.79 0.92 3
11.89 8.2 3.69 1.31 0.09 0.06 0.96 0.67 13.9 11.45 2.45 -3.45 0.1 0.08 1.12 0.92 3
10.63 12.34 -1.71 -1.29 0.08 0.09 0.87 1.01 13.1 13.26 -0.16 -0.84 0.09 0.1 1.07 1.09 1
10.49 17.95 -7.46 1.46 0.08 0.13 0.84 1.43 13.58 13.68 -0.1 -2.9 0.1 0.1 1.09 1.1 2
25.08 8.35 16.73 -1.73 0.16 0.05 2.03 0.68 14.48 13.83 0.65 0.35 0.13 0.12 1.17 1.11 2
13.53 9.08 4.45 3.55 0.1 0.07 1.09 0.73 13.59 16.55 -2.96 -3.04 0.1 0.12 1.1 1.34 1
11.92 13.55 -1.63 -7.37 0.09 0.1 0.98 1.11 21.84 13.8 8.04 1.96 0.16 0.1 1.76 1.11 1
12.48 15.7 -3.22 -1.78 0.09 0.11 1.01 1.28 13.1 11.58 1.52 5.48 0.11 0.09 1.06 0.94 2
11.94 13.27 -1.33 4.33 0.1 0.12 0.97 1.07 13.37 7.85 5.52 0.48 0.09 0.05 1.08 0.63 3
13.79 14.39 -0.6 -2.4 0.09 0.1 1.02 1.07 10.86 18.37 -7.51 0.51 0.09 0.15 0.8 1.36 2
13.27 13.79 -0.52 -1.48 0.09 0.1 1 1.04 13.62 17.76 -4.14 -5.86 0.1 0.13 1.02 1.32 1
10.58 13.63 -3.05 3.05 0.08 0.11 0.78 1.01 12.79 13.68 -0.89 -7.11 0.09 0.09 0.97 1.03 2
17.02 15.6 1.42 11.58 0.11 0.1 1.27 1.16 11.2 18.16 -6.96 0.96 0.07 0.12 0.83 1.34 3
14.66 14.46 0.2 0.8 0.13 0.12 1.09 1.08 11.13 13.71 -2.58 -7.42 0.08 0.1 0.83 1.02 3
11.16 12.51 -1.35 -0.65 0.08 0.09 0.84 0.94 13.41 16.84 -3.43 -1.57 0.09 0.11 1.01 1.27 2
21.97 14.67 7.3 1.7 0.16 0.11 1.64 1.09 17.42 11.25 6.17 3.83 0.11 0.07 1.29 0.83 3
16.2 7.96 8.24 1.76 0.1 0.05 1.21 0.59 8.41 14.77 -6.36 -0.64 0.07 0.12 0.63 1.11 1
14.27 18.72 -4.45 -2.55 0.09 0.12 1.07 1.4 12.05 16.1 -4.05 3.05 0.1 0.14 0.9 1.21 3
13.54 17.44 -3.9 -6.1 0.09 0.12 1.02 1.31 12.06 8.56 3.5 -0.5 0.09 0.06 0.9 0.64 1
14.26 11.62 2.64 -1.64 0.09 0.08 1.06 0.87 10.09 13.43 -3.34 0.34 0.08 0.11 0.75 1 1
14.24 12.51 1.73 5.27 0.1 0.09 1.07 0.94 15.7 9.76 5.94 3.06 0.1 0.06 1.17 0.73 2
11.08 12.27 -1.19 4.19 0.08 0.09 0.83 0.91 25.71 8.53 17.18 -2.18 0.15 0.05 1.92 0.64 3
13.95 19.57 -5.62 0.62 0.08 0.12 0.95 1.34 14.33 14.48 -0.15 -0.85 0.08 0.08 1 1.01 3
14.08 17.39 -3.31 -1.69 0.09 0.11 0.98 1.21 11.88 14.94 -3.06 3.06 0.08 0.1 0.82 1.03 2
12.86 9.63 3.23 -2.23 0.09 0.07 0.9 0.67 15.08 14.71 0.37 -0.37 0.12 0.12 1.05 1.02 3
14.1 14.98 -0.88 -7.12 0.09 0.09 0.99 1.05 11.99 14.47 -2.48 3.48 0.08 0.1 0.83 1 1
16.87 10.51 6.36 2.64 0.11 0.07 1.17 0.73 14.18 15.05 -0.87 -2.13 0.09 0.09 0.98 1.04 1
13.71 17.13 -3.42 4.42 0.11 0.13 0.95 1.19 23.42 14.93 8.49 -0.49 0.14 0.09 1.62 1.03 2
9.4 17.46 -8.06 -0.94 0.07 0.13 0.65 1.22 14.99 13.68 1.31 5.69 0.1 0.09 1.04 0.95 2
17.68 12.7 4.98 6.02 0.11 0.08 1.21 0.87 18.43 18.35 0.08 11.92 0.11 0.11 1.27 1.27 3
11.38 14.13 -2.75 -6.25 0.08 0.1 0.79 0.98 11.71 13.18 -1.47 -0.53 0.08 0.09 0.82 0.92 3
10.47 14.49 -4.02 -0.98 0.08 0.11 0.73 1 18.89 8.95 9.94 2.06 0.1 0.05 1.31 0.62 2
27.91 9.44 18.47 -1.47 0.15 0.05 1.94 0.66 14.61 18.24 -3.63 -4.37 0.1 0.12 1.02 1.27 1
14.31 18.82 -4.51 -6.49 0.09 0.12 0.99 1.3 15.32 12 3.32 -0.32 0.09 0.07 1.06 0.83 2
11.52 18.76 -7.24 0.24 0.09 0.14 0.79 1.29 15.3 20.38 -5.08 -3.92 0.09 0.13 1.06 1.41 3
17.25 15.34 1.91 -0.91 0.13 0.11 1.12 0.99 16.07 19.86 -3.79 -5.21 0.1 0.12 1.05 1.29 2
14.69 17.87 -3.18 4.18 0.1 0.12 0.95 1.16 15.76 15.81 -0.05 -6.95 0.09 0.09 1.03 1.03 3
18.7 10.83 7.87 4.13 0.11 0.06 1.21 0.7 15.75 19.51 -3.76 -1.24 0.09 0.12 1.02 1.27 1
16.18 15.76 0.42 6.58 0.1 0.1 1.05 1.02 12.39 16.22 -3.83 -1.17 0.08 0.11 0.8 1.05 1
16.7 20.7 -4 -4 0.09 0.12 1.08 1.34 15.04 22.16 -7.12 -0.88 0.08 0.12 0.96 1.41 2
19.62 19.69 -0.07 13.07 0.11 0.11 1.26 1.27 11.48 18.65 -7.17 -1.83 0.08 0.13 0.75 1.21 1
12.52 14.93 -2.41 1.41 0.08 0.09 0.82 0.98 29.53 10.9 18.63 -0.63 0.15 0.05 1.92 0.71 3
11.84 20.16 -8.32 0.32 0.08 0.14 0.76 1.3 13.49 11.8 1.69 -1.69 0.09 0.08 0.88 0.77 2
24.16 15.91 8.25 -0.25 0.14 0.09 1.56 1.02 12.82 16.13 -3.31 3.31 0.08 0.1 0.83 1.04 2
20.62 10.87 9.75 2.25 0.1 0.05 1.33 0.7 15.71 20.6 -4.89 -6.11 0.09 0.12 1.01 1.33 3
16.92 15.57 1.35 0.65 0.09 0.08 1.1 1.01 19.02 13.89 5.13 4.87 0.1 0.08 1.21 0.88 2
14.5 16.88 -2.38 -3.62 0.09 0.1 0.94 1.09 13.13 14.94 -1.81 -8.19 0.08 0.09 0.85 0.97 1
14 16.61 -2.61 2.61 0.09 0.11 0.9 1.07 17.1 13.4 3.7 -0.7 0.09 0.07 1.1 0.87 3
11.91 20.7 -8.79 -3.21 0.08 0.14 0.73 1.26 18.76 21.89 -3.13 -4.87 0.1 0.12 1.14 1.33 1
13.51 17.44 -3.93 3.93 0.08 0.11 0.81 1.05 18.47 16.81 1.66 -0.66 0.12 0.11 1.12 1.02 1
16.23 24.22 -7.99 -0.01 0.08 0.13 0.97 1.45 19.69 11.28 8.41 4.59 0.1 0.06 1.19 0.68 3
16.2 20.5 -4.3 -1.7 0.09 0.12 0.98 1.25 25.47 16.6 8.87 -0.87 0.14 0.09 1.53 1 2
13.46 16.05 -2.59 -9.41 0.08 0.09 0.82 0.98 12.14 20.7 -8.56 0.56 0.08 0.14 0.73 1.25 2
17.64 16.42 1.22 -6.22 0.09 0.09 1.08 1.01 15.61 17.21 -1.6 -2.4 0.09 0.1 0.95 1.04 1
13.74 18.04 -4.3 -1.7 0.08 0.11 0.83 1.09 12.97 17.38 -4.41 1.41 0.08 0.1 0.79 1.06 2
20.76 14.53 6.23 3.77 0.1 0.07 1.24 0.87 15.3 19.75 -4.45 3.45 0.1 0.13 0.93 1.2 1
14.03 12.1 1.93 -1.93 0.09 0.07 0.86 0.74 17.56 17.31 0.25 1.75 0.09 0.09 1.07 1.06 2
31.98 11.35 20.63 -0.63 0.15 0.05 1.94 0.69 18 17.11 0.89 7.11 0.1 0.1 1.09 1.04 1
17.73 13.63 4.1 -0.1 0.09 0.07 1.07 0.82 21.06 11.75 9.31 0.69 0.09 0.05 1.28 0.71 3
16.59 21.04 -4.45 -4.55 0.1 0.12 1 1.27 21.67 20.12 1.55 14.45 0.11 0.11 1.31 1.22 1
17.54 21.08 -3.54 -5.46 0.1 0.12 1.07 1.29 14.23 17.24 -3.01 2.01 0.09 0.11 0.86 1.04 1
20.2 22.6 -2.4 -7.6 0.1 0.11 1.15 1.29 19.11 17.46 1.65 -2.65 0.12 0.11 1.09 1 2
18.13 17.15 0.98 -4.98 0.09 0.09 1.05 0.99 12.62 22.14 -9.52 -0.48 0.08 0.13 0.72 1.27 1
19.07 20.97 -1.9 7.9 0.1 0.11 1.09 1.2 19.97 15.02 4.95 -1.95 0.1 0.07 1.14 0.86 2
14.48 17.96 -3.48 -0.52 0.09 0.11 0.82 1.02 18.23 21.4 -3.17 -2.83 0.1 0.12 1.04 1.22 1
22.03 21.76 0.27 12.73 0.11 0.11 1.25 1.24 14.16 18.08 -3.92 5.92 0.08 0.1 0.81 1.03 2
25.62 17.91 7.71 0.29 0.13 0.09 1.45 1.02 15.06 12.62 2.44 -2.44 0.09 0.07 0.86 0.72 1
16.86 21.84 -4.98 1.98 0.1 0.13 0.96 1.25 17.1 26.13 -9.03 0.03 0.09 0.13 0.97 1.48 1
18.08 18.34 -0.26 2.26 0.09 0.09 1.04 1.05 14.2 18.41 -4.21 -1.79 0.08 0.11 0.81 1.05 2
22.45 13.99 8.46 2.54 0.1 0.06 1.28 0.8 35.84 12.42 23.42 -1.42 0.16 0.05 2.05 0.71 1
12.66 21.34 -8.68 0.68 0.08 0.14 0.72 1.21 22.85 16.09 6.76 5.24 0.11 0.08 1.29 0.91 2
21.6 12.15 9.45 4.55 0.1 0.06 1.23 0.69 14.1 16.57 -2.47 -9.53 0.08 0.09 0.81 0.95 1
13.34 17.84 -4.5 1.5 0.07 0.1 0.77 1.03 18.26 21.33 -3.07 -2.93 0.1 0.12 1.05 1.22 1
16.34 17.7 -1.36 -3.64 0.09 0.1 0.93 1.01 17.51 20.65 -3.14 -2.86 0.09 0.11 1 1.18 2
20.86 16.66 4.2 -1.2 0.1 0.08 1.12 0.9 17.3 18.11 -0.81 -4.19 0.09 0.09 0.93 0.98 2
15.37 13.8 1.57 -2.57 0.09 0.08 0.83 0.75 22.45 22.47 -0.02 13.02 0.11 0.11 1.2 1.2 1
17.65 29.3 -11.65 1.65 0.09 0.14 0.94 1.56 13.26 22.09 -8.83 0.83 0.08 0.13 0.71 1.18 2
17.92 21.61 -3.69 -2.31 0.09 0.11 0.97 1.17 18.49 18.8 -0.31 2.31 0.09 0.09 1 1.02 2
18.8 23.55 -4.75 -2.25 0.1 0.12 1.01 1.27 14.54 18.04 -3.5 1.5 0.07 0.09 0.79 0.98 2
13.19 23.23 -10.04 -1.96 0.07 0.13 0.72 1.26 22.08 12.74 9.34 5.66 0.1 0.06 1.18 0.68 3
18.46 22.53 -4.07 -2.93 0.1 0.12 1 1.22 26.8 18.22 8.58 0.42 0.13 0.09 1.44 0.98 2
14.66 18.82 -4.16 -1.84 0.08 0.1 0.79 1.01 23.19 26.42 -3.23 -6.77 0.11 0.12 1.25 1.42 3
14.87 18.5 -3.63 5.63 0.08 0.1 0.8 0.99 20.71 21.86 -1.15 7.15 0.11 0.11 1.12 1.18 2
23.6 16.69 6.91 5.09 0.1 0.07 1.25 0.89 19.22 17.72 1.5 -3.5 0.1 0.09 1.05 0.97 1
22.93 20.45 2.48 -3.48 0.13 0.12 1.24 1.1 23.23 14.23 9 4 0.09 0.06 1.25 0.77 2
14.69 17.05 -2.36 -10.64 0.08 0.09 0.79 0.92 16.63 18.53 -1.9 -1.1 0.09 0.1 0.89 0.99 1
36.08 13.2 22.88 -2.88 0.15 0.06 1.95 0.71 20.03 22.39 -2.36 0.36 0.11 0.12 1.08 1.21 1
24.77 27.01 -2.24 -5.76 0.11 0.12 1.26 1.37 19.21 23.64 -4.43 -2.57 0.09 0.11 0.98 1.21 1
18.47 18.76 -0.29 -4.71 0.09 0.09 0.95 0.96 24.31 22.44 1.87 -2.87 0.13 0.12 1.24 1.15 3
19.53 18.95 0.58 -3.58 0.09 0.09 1.01 0.98 15.25 20.4 -5.15 -2.85 0.08 0.1 0.78 1.04 1
21.03 22.21 -1.18 7.18 0.11 0.11 1.07 1.14 17.23 14.64 2.59 -0.59 0.09 0.07 0.88 0.75 3
21.07 26.02 -4.95 -0.05 0.11 0.14 1.08 1.33 21.51 17.83 3.68 -0.68 0.1 0.08 1.1 0.91 3
14.63 22.62 -7.99 -0.01 0.08 0.12 0.74 1.14 20.51 23.32 -2.81 -3.19 0.1 0.11 1.05 1.19 2
27.17 19.29 7.88 1.12 0.13 0.09 1.38 0.98 39.71 14.24 25.47 -2.47 0.16 0.06 2.04 0.73 3
25.22 15.61 9.61 3.39 0.1 0.06 1.29 0.8 18.18 30.67 -12.49 2.49 0.08 0.14 0.92 1.55 1
23.29 24.33 -1.04 11.04 0.11 0.11 1.18 1.24 16.59 18.57 -1.98 -10.02 0.08 0.09 0.85 0.95 2
18.15 20.43 -2.28 -1.72 0.1 0.11 0.92 1.04 15.22 18.82 -3.6 5.6 0.08 0.1 0.77 0.96 3
23.39 13.16 10.23 5.77 0.1 0.06 1.19 0.67 24.83 17 7.83 5.17 0.1 0.07 1.25 0.86 3
14.63 18.45 -3.82 1.82 0.07 0.09 0.75 0.95 13.61 24.54 -10.93 -2.07 0.07 0.13 0.7 1.26 2
20.2 21.39 -1.19 3.19 0.09 0.09 1.04 1.1 19.53 22.9 -3.37 -3.63 0.1 0.11 1 1.17 1
20.9 23.55 -2.65 -3.35 0.1 0.11 1.02 1.15 17.17 19.46 -2.29 -9.71 0.08 0.09 0.83 0.94 3
20 16.03 3.97 0.03 0.1 0.08 0.97 0.78 25.03 17.97 7.06 6.94 0.1 0.07 1.2 0.86 3
15.66 21.18 -5.52 -4.48 0.08 0.1 0.76 1.02 14.86 23.01 -8.15 0.15 0.08 0.12 0.72 1.11 2
19.88 26.15 -6.27 -3.73 0.09 0.12 0.96 1.27 21.65 27.63 -5.98 -1.02 0.11 0.14 1.05 1.34 2
26.96 16.18 10.78 3.22 0.1 0.06 1.31 0.78 23.45 21.74 1.71 3.29 0.09 0.09 1.14 1.06 1
20.34 24.42 -4.08 -3.92 0.09 0.11 0.99 1.19 22.42 24.98 -2.56 6.56 0.1 0.11 1.08 1.21 1
18.75 32.41 -13.66 2.66 0.08 0.14 0.9 1.55 20.31 19.36 0.95 -1.95 0.09 0.09 1 0.95 3
16.03 19.52 -3.49 6.49 0.08 0.09 0.77 0.94 18.9 19.24 -0.34 -5.66 0.09 0.09 0.92 0.94 1
41.47 15.55 25.92 -0.92 0.16 0.06 2.01 0.75 18.85 21.24 -2.39 -2.61 0.09 0.11 0.91 1.03 1
15.13 25.1 -9.97 -3.03 0.08 0.13 0.74 1.22 28.48 21.05 7.43 -0.43 0.12 0.09 1.36 1.01 1
24.79 22.87 1.92 -1.92 0.12 0.11 1.2 1.11 24.18 24.91 -0.73 10.73 0.1 0.11 1.16 1.2 3
23.12 18.41 4.71 0.29 0.1 0.08 1.12 0.89 25.55 28.14 -2.59 -4.41 0.11 0.12 1.24 1.36 3
15.19 19.97 -4.78 2.78 0.07 0.09 0.74 0.98 24.36 13.36 11 4 0.1 0.05 1.17 0.64 3
22.72 20.41 2.31 -2.31 0.1 0.09 1.06 0.95 20.99 26.42 -5.43 -4.57 0.09 0.12 0.97 1.22 2
15.16 23.78 -8.62 0.62 0.07 0.11 0.69 1.09 21.02 25.46 -4.44 -2.56 0.09 0.11 0.97 1.18 1
21.92 28.74 -6.82 -0.18 0.11 0.14 1.02 1.33 16.43 21.48 -5.05 -4.95 0.07 0.09 0.75 0.99 2
25.21 24.19 1.02 1.98 0.1 0.09 1.17 1.12 17.72 19.86 -2.14 7.14 0.08 0.09 0.81 0.91 3
19.24 20.93 -1.69 -6.31 0.09 0.1 0.89 0.97 42.11 15.75 26.36 -0.36 0.16 0.06 1.94 0.73 2
27.29 18.85 8.44 7.56 0.11 0.07 1.24 0.86 22.54 24.19 -1.65 -5.35 0.1 0.11 1.04 1.12 1
19.05 21.88 -2.83 -3.17 0.09 0.11 0.88 1.01 15.85 25.46 -9.61 -2.39 0.07 0.12 0.73 1.18 1
23.46 25.66 -2.2 5.2 0.1 0.11 1.08 1.18 19.8 34.82 -15.02 3.02 0.08 0.14 0.9 1.59 3
28.84 21.77 7.07 -1.07 0.12 0.09 1.32 0.99 15.73 20.3 -4.57 1.57 0.07 0.09 0.73 0.95 1
25.21 26.02 -0.81 11.81 0.11 0.11 1.15 1.19 29.41 17.94 11.47 4.53 0.1 0.06 1.36 0.83 3
26.25 29.33 -3.08 -2.92 0.11 0.12 1.21 1.35 20.88 18.29 2.59 -0.59 0.1 0.09 0.96 0.84 2
17.81 21.1 -3.29 -7.71 0.08 0.09 0.82 0.97 24.31 19.11 5.2 -1.2 0.1 0.08 1.12 0.88 2
24.69 13.9 10.79 5.21 0.09 0.05 1.14 0.64 25.9 23.9 2 -3 0.12 0.11 1.2 1.1 1
16.01 25.85 -9.84 -3.16 0.07 0.12 0.71 1.14 25.74 25.74 0 2 0.09 0.09 1.14 1.14 1
16.02 21.96 -5.94 0.94 0.07 0.09 0.71 0.98 20.14 22.23 -2.09 -5.91 0.09 0.1 0.89 0.98 1
24.72 19.28 5.44 -1.44 0.09 0.07 1.09 0.85 25.57 26.39 -0.82 10.82 0.1 0.1 1.12 1.15 1
23.2 19.19 4.01 -2.01 0.1 0.08 1.02 0.84 23.62 21.24 2.38 -2.38 0.1 0.09 1.05 0.94 1
21.82 27.32 -5.5 -4.5 0.09 0.11 0.96 1.2 17.98 21.51 -3.53 -7.47 0.08 0.09 0.79 0.94 3
43.41 16.65 26.76 -0.76 0.16 0.06 1.92 0.73 16.46 24.5 -8.04 3.04 0.08 0.11 0.72 1.07 1
21.74 26.76 -5.02 -4.98 0.09 0.11 0.96 1.18 26.02 15.74 10.28 6.72 0.1 0.06 1.14 0.69 1
19.27 20.39 -1.12 7.12 0.08 0.09 0.85 0.89 27.15 31.65 -4.5 -1.5 0.1 0.12 1.19 1.39 3
16.58 22.55 -5.97 -4.03 0.07 0.1 0.73 0.99 22.68 25.16 -2.48 -7.52 0.1 0.11 1 1.11 3
29.78 18.3 11.48 5.52 0.1 0.06 1.31 0.81 30.5 22.06 8.44 -0.44 0.12 0.09 1.33 0.96 1
22.05 35.28 -13.23 3.23 0.09 0.14 0.96 1.54 28.26 18.99 9.27 9.73 0.11 0.07 1.23 0.83 3
27.74 25.23 2.51 -4.51 0.12 0.11 1.22 1.11 22.99 28.89 -5.9 -1.1 0.11 0.14 1.02 1.28 2
23.92 27.91 -3.99 4.99 0.1 0.12 1.05 1.23 19.44 22.04 -2.6 -2.4 0.09 0.1 0.85 0.97 3
25.99 26.02 -0.03 1.03 0.09 0.09 1.1 1.1 24.28 29.74 -5.46 5.46 0.1 0.12 1.02 1.26 1
30.47 20.68 9.79 12.21 0.11 0.07 1.27 0.86 30.3 26.48 3.82 -5.82 0.12 0.1 1.28 1.12 1
23.46 25.72 -2.26 -6.74 0.1 0.11 0.99 1.09 16.29 26.1 -9.81 -2.19 0.07 0.11 0.69 1.1 2
24.24 31.45 -7.21 0.21 0.11 0.14 1.03 1.33 23.17 27.27 -4.1 -3.9 0.09 0.11 0.98 1.15 1
30.92 23.95 6.97 -1.97 0.12 0.09 1.29 1 27.38 19.91 7.47 -1.47 0.1 0.07 1.16 0.84 1
20.02 22.13 -2.11 6.11 0.08 0.09 0.84 0.93 31.67 18.72 12.95 7.05 0.1 0.06 1.34 0.79 3
26.2 29.05 -2.85 10.85 0.1 0.11 1.1 1.21 17.71 22.24 -4.53 2.53 0.07 0.09 0.76 0.95 1
18.78 22.64 -3.86 -6.14 0.08 0.09 0.79 0.95 17.14 23.33 -6.19 -4.81 0.07 0.09 0.72 0.98 3
23.88 22.28 1.6 -4.6 0.09 0.09 1.01 0.95 16.57 25.28 -8.71 2.71 0.07 0.11 0.7 1.06 1
26.53 17.17 9.36 5.64 0.09 0.06 1.12 0.72 24.24 19.45 4.79 0.21 0.1 0.08 1.02 0.82 2
28.89 32.4 -3.51 -0.49 0.1 0.12 1.22 1.36 44.19 16.76 27.43 -0.43 0.16 0.06 1.87 0.71 2
21.27 22.4 -1.13 -2.87 0.09 0.1 0.89 0.94 23.74 37.49 -13.75 0.75 0.09 0.14 0.99 1.57 2
20.42 23.92 -3.5 -7.5 0.09 0.1 0.86 1.01 22.95 28.12 -5.17 -5.83 0.09 0.11 0.97 1.18 2
