0.64 2.95 -2.31 -1.69 0.13 0.59 0.62 2.85 3.46 0.4 3.06 0.94 0.2 0.02 3.35 0.39 1
0.47 1.21 -0.74 -0.26 0.07 0.17 0.43 1.1 1.4 0.79 0.61 1.39 0.13 0.07 1.34 0.76 1
0.79 1.4 -0.61 -1.39 0.04 0.07 0.76 1.34 3.98 0.56 3.42 -1.42 0.25 0.04 3.94 0.55 1
0.56 3.98 -3.42 1.42 0.28 1.99 0.55 3.94 2.95 0.64 2.31 1.69 0.2 0.04 2.85 0.62 2
0.79 2.7 -1.91 0.91 0.13 0.45 0.76 2.59 2.99 0.98 2.01 -3.01 0.13 0.04 2.77 0.91 3
0.47 1.87 -1.4 2.4 0.08 0.31 0.45 1.77 1.37 0.29 1.08 0.92 0.2 0.04 1.28 0.27 1
0.4 3.46 -3.06 -0.94 0.05 0.43 0.39 3.35 4.86 0.37 4.49 -1.49 0.26 0.02 4.7 0.36 1
0.98 2.99 -2.01 3.01 0.12 0.37 0.91 2.77 1.87 0.47 1.4 -2.4 0.13 0.03 1.77 0.45 3
0.37 4.86 -4.49 1.49 0.03 0.41 0.36 4.7 2.7 0.79 1.91 -0.91 0.25 0.07 2.59 0.76 1
3.46 0.4 3.06 0.94 0.2 0.02 3.35 0.39 2.51 2.88 -0.37 -0.63 0.07 0.08 1.21 1.39 1
2.44 5.71 -3.27 -0.73 0.08 0.18 1.18 2.76 1.28 1.32 -0.04 0.04 0.07 0.07 0.61 0.63 2
5.02 1.9 3.12 -0.12 0.19 0.07 2.42 0.91 3.55 2.86 0.69 1.31 0.14 0.11 1.71 1.38 3
1.51 1.6 -0.09 1.09 0.08 0.08 0.73 0.78 5.38 1.26 4.12 -2.12 0.19 0.04 2.65 0.62 2
0.64 2.95 -2.31 -1.69 0.13 0.59 0.62 2.85 3.22 4.68 -1.46 3.46 0.11 0.16 1.54 2.24 2
2.2 1.7 0.5 2.5 0.11 0.09 1.01 0.78 5.46 2.28 3.18 -2.18 0.21 0.09 2.69 1.12 2
1.82 6.05 -4.23 3.23 0.14 0.47 0.89 2.94 1.88 2.7 -0.82 0.82 0.1 0.14 0.86 1.24 1
2.39 4.34 -1.95 0.95 0.12 0.22 1.13 2.06 1.29 3.98 -2.69 -0.31 0.05 0.17 0.63 1.96 1
3.45 1.66 1.79 -2.79 0.13 0.06 1.63 0.78 3.56 2.71 0.85 -2.85 0.15 0.12 1.72 1.31 3
4.18 2.57 1.61 -1.61 0.13 0.08 1.95 1.2 1.47 3.16 -1.69 0.69 0.08 0.18 0.7 1.51 1
0.43 1.26 -0.83 -0.17 0.05 0.14 0.42 1.23 1.82 0.65 1.17 0.83 0.1 0.03 1.71 0.61 3
0.42 1.62 -1.2 1.2 0.04 0.14 0.4 1.55 1.17 0.69 0.48 -0.48 0.09 0.05 1.14 0.68 1
1.52 2.31 -0.79 -1.21 0.11 0.17 1.46 2.21 0.82 1.53 -0.71 -0.29 0.07 0.13 0.78 1.45 2
1.39 1.22 0.17 0.83 0.17 0.15 1.3 1.14 0.48 0.95 -0.47 -0.53 0.05 0.1 0.48 0.95 1
1.85 1.24 0.61 1.39 0.21 0.14 1.81 1.21 2.31 1.52 0.79 1.21 0.15 0.1 2.21 1.46 2
0.69 1.17 -0.48 0.48 0.05 0.08 0.68 1.14 1.24 1.85 -0.61 -1.39 0.1 0.14 1.21 1.81 2
0.65 1.82 -1.17 -0.83 0.08 0.23 0.61 1.71 0.36 0.68 -0.32 0.32 0.03 0.06 0.35 0.66 1
1.53 0.82 0.71 0.29 0.09 0.05 1.45 0.78 1.26 0.43 0.83 0.17 0.25 0.09 1.23 0.42 1
0.68 0.36 0.32 -0.32 0.08 0.04 0.66 0.35 1.22 1.39 -0.17 -0.83 0.06 0.06 1.14 1.3 1
0.95 0.48 0.47 0.53 0.1 0.05 0.95 0.48 1.62 0.42 1.2 -1.2 0.14 0.04 1.55 0.4 2
