1.12 0.39 0.73 0.27 0.11 0.04 1.04 0.36 0.19 0.65 -0.46 -2.54 0.02 0.07 0.19 0.65 1
1.78 0.99 0.79 0.21 0.11 0.06 1.74 0.97 0.39 1.12 -0.73 -0.27 0.08 0.22 0.36 1.04 2
0.94 1.61 -0.67 -0.33 0.1 0.18 0.94 1.61 1.58 0.23 1.35 0.65 0.09 0.01 1.56 0.23 3
0.65 0.19 0.46 2.54 0.09 0.03 0.65 0.19 0.21 0.36 -0.15 1.15 0.03 0.05 0.21 0.36 1
2.39 1.05 1.34 -1.34 0.13 0.06 2.34 1.03 1.61 0.94 0.67 0.33 0.15 0.09 1.61 0.94 3
3.24 0.09 3.15 -2.15 0.13 0 3.17 0.09 0.23 1.58 -1.35 -0.65 0.04 0.26 0.23 1.56 1
0.99 1.78 -0.79 -0.21 0.14 0.25 0.97 1.74 1.05 2.39 -1.34 1.34 0.09 0.2 1.03 2.34 1
0.09 3.24 -3.15 2.15 0.02 0.54 0.09 3.17 0.36 0.21 0.15 -1.15 0.05 0.03 0.36 0.21 1
1.62 3.58 -1.96 0.96 0.09 0.19 0.8 1.77 2.28 1.56 0.72 1.28 0.11 0.07 1.14 0.78 3
0.75 1.23 -0.48 -1.52 0.05 0.08 0.37 0.61 0.45 5.51 -5.06 -1.94 0.04 0.46 0.22 2.71 3
3.04 0.93 2.11 0.89 0.12 0.04 1.49 0.45 3.01 1.72 1.29 -2.29 0.1 0.06 1.49 0.85 1
0.7 1.69 -0.99 -0.01 0.06 0.15 0.34 0.81 2.18 2.35 -0.17 0.17 0.17 0.18 1.08 1.16 2
0.74 1.99 -1.25 0.25 0.06 0.15 0.36 0.97 2.48 0.91 1.57 1.43 0.15 0.05 1.17 0.43 3
2.35 1.3 1.05 -0.05 0.09 0.05 1.16 0.64 0.71 2.01 -1.3 -3.7 0.04 0.12 0.35 0.99 1
7.17 0.31 6.86 -0.86 0.17 0.01 3.51 0.15 1.64 3.07 -1.43 -0.57 0.1 0.18 0.81 1.51 1
2.28 0.72 1.56 3.44 0.12 0.04 1.12 0.35 1.11 3.63 -2.52 2.52 0.06 0.19 0.54 1.78 1
2.62 4.36 -1.74 -1.26 0.1 0.16 0.86 1.43 1.42 2.52 -1.1 -1.9 0.06 0.11 0.47 0.83 1
3.61 1.82 1.79 0.21 0.1 0.05 1.18 0.6 1.9 4.14 -2.24 -0.76 0.09 0.19 0.62 1.36 1
1.74 6.18 -4.44 -1.56 0.09 0.33 0.57 2.02 4.76 1.86 2.9 4.1 0.15 0.06 1.55 0.6 1
2.39 2.49 -0.1 -0.9 0.08 0.08 0.77 0.81 2.43 5.02 -2.59 -0.41 0.1 0.2 0.79 1.63 1
4.63 2.07 2.56 2.44 0.16 0.07 1.49 0.67 2.25 6.11 -3.86 1.86 0.07 0.19 0.73 1.99 1
3.72 2.37 1.35 2.65 0.11 0.07 1.21 0.77 5.85 1.2 4.65 2.35 0.11 0.02 1.9 0.39 1
2.98 4.04 -1.06 1.06 0.19 0.25 0.98 1.33 1.23 3.27 -2.04 -3.96 0.04 0.11 0.4 1.07 2
3.28 4.53 -1.25 -3.75 0.09 0.13 1.07 1.48 8.46 1.29 7.17 -0.17 0.15 0.02 2.76 0.42 3
2.39 6.39 -4 -1 0.09 0.23 0.59 1.58 4.69 6.3 -1.61 1.61 0.13 0.18 1.13 1.52 1
6.32 2.37 3.95 4.05 0.17 0.06 1.52 0.57 2.18 6.84 -4.66 -0.34 0.08 0.25 0.53 1.66 1
2.85 6.73 -3.88 -2.12 0.08 0.19 0.7 1.65 6.71 2 4.71 0.29 0.1 0.03 1.63 0.49 3
1.69 3.66 -1.97 -3.03 0.06 0.13 0.41 0.9 4.03 5.58 -1.55 -4.45 0.09 0.12 0.98 1.36 3
2.55 7.8 -5.25 0.25 0.07 0.2 0.62 1.9 5.86 2.31 3.55 0.45 0.1 0.04 1.44 0.57 3
5.42 2.3 3.12 2.88 0.12 0.05 1.31 0.56 3.76 4.63 -0.87 -0.13 0.08 0.1 0.92 1.13 1
9.51 2.04 7.47 0.53 0.13 0.03 2.31 0.5 4.52 3.23 1.29 4.71 0.1 0.07 1.1 0.79 3
3.49 4.98 -1.49 -4.51 0.08 0.12 0.83 1.19 4.1 2.91 1.19 0.81 0.09 0.06 1 0.71 2
5.59 6.15 -0.56 -3.44 0.09 0.1 1.09 1.2 6.48 2.48 4 4 0.12 0.05 1.25 0.48 1
4.8 7 -2.2 1.2 0.12 0.17 0.93 1.36 2.78 8.49 -5.71 -1.29 0.06 0.18 0.54 1.65 1
3.94 5.69 -1.75 -1.25 0.08 0.11 0.77 1.11 7.69 3.45 4.24 4.76 0.14 0.06 1.49 0.67 2
4.16 6.33 -2.17 -3.83 0.07 0.1 0.79 1.21 3.22 8.36 -5.14 -3.86 0.07 0.19 0.63 1.63 2
4.66 5.03 -0.37 7.37 0.09 0.1 0.9 0.97 2.26 5.22 -2.96 -4.04 0.05 0.11 0.44 1.02 1
6.55 2.54 4.01 1.99 0.1 0.04 1.28 0.5 3.26 8.21 -4.95 -1.05 0.1 0.24 0.64 1.6 1
8.34 2.37 5.97 2.03 0.1 0.03 1.62 0.46 11.31 2.18 9.13 -2.13 0.12 0.02 2.18 0.42 2
5.45 3.58 1.87 0.13 0.09 0.06 1.06 0.7 3.09 6.5 -3.41 -0.59 0.09 0.19 0.61 1.29 1
8.95 5.3 3.65 5.35 0.14 0.08 1.44 0.85 6.47 7.15 -0.68 -2.32 0.09 0.1 1.05 1.16 1
3.47 9.71 -6.24 -0.76 0.09 0.26 0.56 1.58 7.37 7.58 -0.21 0.21 0.13 0.14 1.19 1.23 3
2.82 6.07 -3.25 -5.75 0.06 0.12 0.46 1 9.24 3.3 5.94 2.06 0.1 0.03 1.49 0.53 3
3.37 8.03 -4.66 -0.34 0.08 0.2 0.56 1.32 5.5 6.89 -1.39 -4.61 0.07 0.09 0.87 1.1 3
3.36 11.06 -7.7 -0.3 0.06 0.21 0.54 1.79 6.98 3.86 3.12 -0.12 0.1 0.06 1.13 0.63 3
7.48 3.36 4.12 2.88 0.12 0.05 1.2 0.54 5.51 5.59 -0.08 9.08 0.09 0.09 0.89 0.9 3
3.78 9.7 -5.92 -3.08 0.07 0.19 0.61 1.57 12.24 3.08 9.16 -2.16 0.12 0.03 1.96 0.49 1
8.05 2.75 5.3 1.7 0.1 0.03 1.31 0.45 5.79 6.95 -1.16 -1.84 0.09 0.11 0.94 1.13 1
4.55 9.65 -5.1 -0.9 0.08 0.17 0.64 1.35 4.82 10.53 -5.71 -2.29 0.08 0.18 0.67 1.46 2
7.12 8.07 -0.95 -4.05 0.09 0.1 0.97 1.1 4.65 12.3 -7.65 -1.35 0.07 0.19 0.65 1.71 1
7.08 8.74 -1.66 -2.34 0.09 0.11 0.99 1.22 10.83 5.46 5.37 2.63 0.11 0.06 1.52 0.76 2
8.86 8.25 0.61 1.39 0.13 0.12 1.22 1.14 8.5 9.73 -1.23 -2.77 0.11 0.13 1.18 1.35 2
11 3.43 7.57 2.43 0.1 0.03 1.52 0.47 8.84 6.05 2.79 3.21 0.11 0.07 1.22 0.83 1
8.22 5.15 3.07 0.93 0.11 0.07 1.15 0.72 4.14 11.2 -7.06 -1.94 0.08 0.23 0.57 1.55 1
13.07 4.12 8.95 -2.95 0.11 0.04 1.8 0.57 2.95 7.83 -4.88 -6.12 0.05 0.14 0.41 1.09 1
8.2 6.95 1.25 8.75 0.11 0.09 1.13 0.96 10.54 5.91 4.63 5.37 0.13 0.07 1.46 0.82 1
12.23 6.16 6.07 1.93 0.11 0.06 1.49 0.75 10.48 7.11 3.37 8.63 0.12 0.08 1.27 0.86 2
7.78 10.14 -2.36 -1.64 0.08 0.11 0.95 1.23 9.02 9.07 -0.05 2.05 0.12 0.12 1.09 1.09 1
10.7 8.19 2.51 5.49 0.13 0.1 1.3 0.99 12.3 3.7 8.6 5.4 0.1 0.03 1.49 0.45 2
5.51 13.24 -7.73 -2.27 0.07 0.17 0.67 1.61 5.21 9.85 -4.64 -1.36 0.08 0.14 0.64 1.21 2
4.68 12.88 -8.2 -1.8 0.08 0.21 0.56 1.55 8.06 8.93 -0.87 -3.13 0.09 0.1 0.96 1.06 2
9.11 7.35 1.76 0.24 0.1 0.08 1.1 0.89 14.25 4.14 10.11 -3.11 0.11 0.03 1.71 0.5 3
5.02 11.19 -6.17 -1.83 0.08 0.18 0.61 1.36 2.97 9.01 -6.04 -5.96 0.05 0.15 0.36 1.1 2
9.32 9.89 -0.57 -3.43 0.11 0.12 1.13 1.2 9.9 5.69 4.21 0.79 0.11 0.06 1.2 0.69 3
5.65 11.53 -5.88 -0.12 0.08 0.16 0.62 1.26 5.14 13.48 -8.34 -1.66 0.07 0.19 0.55 1.45 1
10.01 6.31 3.7 2.3 0.11 0.07 1.08 0.68 9.91 10.87 -0.96 -0.04 0.1 0.11 1.07 1.18 3
7.19 13.68 -6.49 -3.51 0.08 0.15 0.77 1.47 5.78 12.34 -6.56 -1.44 0.08 0.16 0.62 1.33 1
12.74 4.67 8.07 5.93 0.1 0.04 1.37 0.5 12.59 7.63 4.96 3.04 0.11 0.07 1.37 0.83 3
11.95 7.47 4.48 7.52 0.12 0.08 1.28 0.8 9.75 11.2 -1.45 0.45 0.11 0.13 1.05 1.2 1
8.66 9.39 -0.73 -3.27 0.08 0.09 0.92 0.99 9.94 10 -0.06 -4.94 0.1 0.1 1.07 1.08 2
16.11 5.1 11.01 -3.01 0.11 0.03 1.73 0.55 11.67 8.63 3.04 4.96 0.12 0.09 1.26 0.93 2
4.12 9.77 -5.65 -6.35 0.06 0.14 0.44 1.05 10.07 9.21 0.86 0.14 0.1 0.09 1.09 0.99 3
11.98 11.26 0.72 7.28 0.12 0.11 1.15 1.08 6.07 11.5 -5.43 -7.57 0.07 0.14 0.59 1.12 1
11.01 10.21 0.8 -5.8 0.09 0.09 1.07 0.99 7.05 11.68 -4.63 0.63 0.08 0.12 0.69 1.14 1
10.02 12.88 -2.86 0.86 0.11 0.14 0.97 1.25 13.63 5.33 8.3 3.7 0.1 0.04 1.32 0.52 1
13.63 7.74 5.89 7.11 0.12 0.07 1.32 0.75 10.5 7.03 3.47 1.53 0.1 0.07 1.02 0.68 1
5.29 14.88 -9.59 -2.41 0.07 0.2 0.51 1.43 8.04 14.61 -6.57 -2.43 0.08 0.14 0.78 1.42 1
13.25 8.52 4.73 5.27 0.11 0.07 1.29 0.83 18.74 5.41 13.33 -5.33 0.11 0.03 1.8 0.52 3
6.71 13.19 -6.48 -2.52 0.08 0.16 0.65 1.28 11.8 11.16 0.64 1.36 0.1 0.1 1.15 1.09 3
10.63 11.36 -0.73 0.73 0.09 0.1 1.04 1.11 8.87 10.46 -1.59 -2.41 0.08 0.1 0.85 1 1
7.11 13.32 -6.21 0.21 0.07 0.13 0.63 1.18 11.57 12.56 -0.99 1.99 0.09 0.1 1.03 1.12 1
6.75 15.38 -8.63 -8.37 0.07 0.17 0.6 1.36 14.94 11.47 3.47 5.53 0.11 0.09 1.32 1.02 2
6.57 15.99 -9.42 -0.58 0.08 0.18 0.58 1.4 7.78 15.45 -7.67 -2.33 0.09 0.17 0.69 1.37 2
9.15 15.89 -6.74 -4.26 0.08 0.14 0.81 1.4 12.65 10.27 2.38 -5.38 0.1 0.08 1.11 0.9 3
14.06 12.23 1.83 1.17 0.11 0.09 1.24 1.08 15.86 11.94 3.92 8.08 0.14 0.1 1.39 1.04 2
14.58 5.73 8.85 2.15 0.1 0.04 1.28 0.5 11.11 8.22 2.89 0.11 0.11 0.08 0.99 0.73 1
10.07 11.4 -1.33 -3.67 0.08 0.1 0.87 0.99 14.82 8.35 6.47 8.53 0.12 0.07 1.31 0.74 3
21.69 7.1 14.59 -5.59 0.11 0.04 1.9 0.62 10.42 13.83 -3.41 2.41 0.11 0.14 0.91 1.21 1
14.12 10.59 3.53 -4.53 0.1 0.07 1.14 0.85 7.1 16.26 -9.16 -0.84 0.07 0.17 0.57 1.3 1
16.28 5.92 10.36 2.64 0.1 0.04 1.32 0.48 10.46 12.14 -1.68 -4.32 0.08 0.09 0.83 0.97 1
11.3 9.92 1.38 -0.38 0.1 0.09 0.92 0.81 23.89 7.83 16.06 -6.06 0.11 0.04 1.92 0.63 2
8.05 15.98 -7.93 -2.07 0.08 0.17 0.65 1.29 17.05 14.04 3.01 8.99 0.13 0.11 1.37 1.13 1
16.02 11.98 4.04 4.96 0.12 0.09 1.3 0.98 16.16 13.42 2.74 0.26 0.11 0.1 1.31 1.09 1
15.56 8.74 6.82 9.18 0.11 0.06 1.26 0.71 10.37 13.99 -3.62 -0.38 0.08 0.11 0.84 1.14 1
11.15 16.03 -4.88 2.88 0.11 0.16 0.9 1.29 7.26 16.46 -9.2 -7.8 0.07 0.16 0.59 1.34 1
12.24 15.82 -3.58 2.58 0.09 0.12 1 1.29 9.47 17.36 -7.89 -5.11 0.08 0.14 0.77 1.4 2
8.45 17.33 -8.88 -2.12 0.08 0.17 0.63 1.29 14.15 16.37 -2.22 1.22 0.09 0.11 1.06 1.23 1
17.47 15.41 2.06 -1.06 0.12 0.1 1.31 1.15 12.62 17.22 -4.6 3.6 0.11 0.16 0.94 1.29 3
15.19 11.94 3.25 -3.25 0.09 0.07 1.13 0.89 9.03 17.13 -8.1 0.1 0.08 0.16 0.67 1.28 1
8.45 17.93 -9.48 -8.52 0.07 0.15 0.63 1.35 11.94 12.14 -0.2 1.2 0.11 0.11 0.89 0.9 1
10.85 16.7 -5.85 0.85 0.09 0.13 0.81 1.25 19.21 6.17 13.04 1.96 0.11 0.03 1.44 0.46 2
18.2 15.02 3.18 6.82 0.13 0.11 1.35 1.11 18.01 13.29 4.72 6.28 0.12 0.09 1.35 1 1
26.11 8.47 17.64 -7.64 0.11 0.04 1.92 0.62 10.71 15.07 -4.36 -3.64 0.08 0.11 0.79 1.11 1
10.02 19.27 -9.25 -3.75 0.08 0.15 0.75 1.43 18.27 9.22 9.05 7.95 0.11 0.06 1.36 0.69 3
15.22 17.76 -2.54 -0.46 0.1 0.11 1.06 1.24 17.01 12.47 4.54 -3.54 0.09 0.07 1.18 0.87 1
11.01 17.14 -6.13 -4.87 0.08 0.12 0.76 1.18 8.98 18.03 -9.05 -7.95 0.07 0.14 0.63 1.26 1
19.75 7.21 12.54 2.46 0.1 0.04 1.37 0.5 10.43 19.97 -9.54 -4.46 0.07 0.14 0.72 1.38 1
18.97 9.63 9.34 8.66 0.11 0.06 1.32 0.67 9.84 18.4 -8.56 -0.44 0.08 0.16 0.68 1.27 1
14.27 18.2 -3.93 3.93 0.12 0.15 0.99 1.26 18.56 16.27 2.29 8.71 0.13 0.12 1.27 1.12 3
28.18 8.77 19.41 -6.41 0.11 0.04 1.93 0.6 11.89 17.24 -5.35 0.35 0.09 0.13 0.83 1.2 1
9.56 18.95 -9.39 0.39 0.08 0.16 0.66 1.31 19.26 13.65 5.61 4.39 0.12 0.09 1.34 0.95 2
12.04 12.67 -0.63 0.63 0.1 0.11 0.83 0.88 18.45 17.06 1.39 -1.39 0.12 0.11 1.28 1.19 3
11.96 21.5 -9.54 0.54 0.09 0.15 0.78 1.4 9.24 19.57 -10.33 -7.67 0.07 0.14 0.6 1.28 1
20.67 14.69 5.98 4.02 0.12 0.09 1.34 0.96 14.61 19.27 -4.66 3.66 0.11 0.15 0.95 1.25 2
10.6 20.36 -9.76 0.76 0.08 0.16 0.69 1.32 15.93 18.17 -2.24 0.24 0.09 0.11 1.04 1.18 2
10.5 21.69 -11.19 -3.81 0.07 0.15 0.68 1.4 32.44 8.84 23.6 -6.6 0.12 0.03 2.08 0.57 3
19.63 16.61 3.02 8.98 0.14 0.11 1.26 1.07 12.23 13.1 -0.87 -0.13 0.1 0.11 0.79 0.85 2
17.42 13.18 4.24 -4.24 0.09 0.07 1.13 0.86 22.45 9.86 12.59 6.41 0.11 0.05 1.46 0.64 3
18.88 17.25 1.63 -0.63 0.11 0.1 1.23 1.12 12.55 17.4 -4.85 -5.15 0.08 0.11 0.81 1.12 1
10.07 21.88 -11.81 1.81 0.08 0.18 0.65 1.41 21.47 7.28 14.19 1.81 0.1 0.03 1.39 0.47 3
11.1 23.34 -12.24 -1.76 0.09 0.18 0.67 1.41 34.6 9.54 25.06 -6.06 0.12 0.03 2.07 0.57 3
9.65 22.69 -13.04 -7.96 0.06 0.15 0.59 1.39 11.2 23.85 -12.65 -4.35 0.07 0.15 0.68 1.44 2
23.37 11.1 12.27 9.73 0.12 0.05 1.42 0.67 16.53 18.79 -2.26 0.26 0.09 0.1 1.01 1.15 1
11.22 20.96 -9.74 0.74 0.08 0.15 0.68 1.27 15.91 21.63 -5.72 4.72 0.11 0.16 0.97 1.31 1
15.08 21.91 -6.83 0.83 0.09 0.14 0.92 1.33 19.42 17.48 1.94 0.06 0.11 0.1 1.18 1.07 2
13.21 15.21 -2 1 0.1 0.11 0.8 0.92 23.03 15.99 7.04 2.96 0.12 0.09 1.4 0.97 1
22.93 8.31 14.62 5.38 0.1 0.04 1.39 0.5 18.66 14.1 4.56 -7.56 0.09 0.07 1.14 0.86 1
12.78 17.94 -5.16 -5.84 0.08 0.11 0.77 1.08 21.74 17.59 4.15 7.85 0.14 0.11 1.3 1.06 1
11.59 24.01 -12.42 -2.58 0.09 0.18 0.66 1.37 10.48 23.12 -12.64 -8.36 0.06 0.14 0.6 1.33 1
16.74 23.58 -6.84 2.84 0.12 0.17 0.96 1.35 14.74 16.7 -1.96 1.96 0.1 0.12 0.84 0.95 2
16.66 19.38 -2.72 -2.28 0.09 0.1 0.96 1.11 25.45 8.38 17.07 5.93 0.11 0.03 1.45 0.48 3
11.63 24.68 -13.05 -3.95 0.07 0.15 0.66 1.41 19.71 18.06 1.65 0.35 0.1 0.1 1.13 1.03 1
13.27 18.71 -5.44 -4.56 0.07 0.1 0.75 1.06 24.52 17.52 7 2 0.13 0.09 1.4 1 1
23.96 11.23 12.73 12.27 0.11 0.05 1.37 0.64 13.17 21.79 -8.62 2.62 0.09 0.15 0.75 1.25 1
22.51 18.08 4.43 6.57 0.13 0.11 1.27 1.02 15.66 22.2 -6.54 0.54 0.09 0.13 0.9 1.27 2
18.73 16.62 2.11 -8.11 0.09 0.08 1.07 0.95 35.27 10.03 25.24 -5.24 0.12 0.03 1.99 0.57 3
15.87 19.97 -4.1 -4.9 0.08 0.1 0.85 1.07 17.02 23.85 -6.83 2.83 0.11 0.16 0.92 1.29 3
36.8 10.52 26.28 -4.28 0.12 0.03 1.97 0.56 17.05 20.73 -3.68 -3.32 0.09 0.11 0.93 1.13 1
13.47 24.97 -11.5 1.5 0.09 0.16 0.73 1.35 15.01 16.98 -1.97 1.97 0.1 0.11 0.81 0.91 2
11.52 24.44 -12.92 -9.08 0.06 0.14 0.63 1.33 19.22 18.15 1.07 -9.07 0.09 0.08 1.04 0.98 3
12.01 25.18 -13.17 -2.83 0.07 0.15 0.65 1.36 23.74 18.2 5.54 5.46 0.13 0.1 1.27 0.97 2
15.78 23.43 -7.65 1.65 0.09 0.14 0.85 1.27 25.78 20.12 5.66 2.34 0.13 0.1 1.39 1.08 3
20.21 18.44 1.77 -0.77 0.1 0.09 1.1 1 12.91 25.05 -12.14 -1.86 0.09 0.17 0.69 1.35 1
26.8 8.77 18.03 6.97 0.11 0.04 1.45 0.47 27.14 11.53 15.61 13.39 0.12 0.05 1.46 0.62 2
17.61 24.12 -6.51 -4.49 0.09 0.12 0.91 1.24 11.68 25.71 -14.03 -9.97 0.06 0.14 0.6 1.32 3
15.58 18.15 -2.57 2.57 0.1 0.12 0.8 0.93 16.05 20.71 -4.66 -6.34 0.08 0.1 0.81 1.05 2
13.33 26.46 -13.13 -1.87 0.09 0.17 0.68 1.35 24.3 18.49 5.81 5.19 0.13 0.1 1.23 0.93 1
27.97 9.83 18.14 6.86 0.1 0.04 1.43 0.5 14.64 25.54 -10.9 0.9 0.09 0.16 0.75 1.31 1
26.08 20.7 5.38 3.62 0.12 0.1 1.33 1.06 12.3 25.74 -13.44 -2.56 0.07 0.14 0.63 1.31 1
28.2 12.7 15.5 13.5 0.12 0.05 1.44 0.65 40.19 11.08 29.11 -3.11 0.12 0.03 2.04 0.56 1
17.76 24.03 -6.27 4.27 0.11 0.15 0.91 1.23 16.36 23.73 -7.37 0.37 0.09 0.13 0.84 1.22 2
20.49 18.31 2.18 -8.18 0.09 0.08 1.05 0.94 21.62 18.86 2.76 -0.76 0.1 0.09 1.11 0.97 3
24.59 19.3 5.29 4.71 0.13 0.1 1.18 0.93 21.21 19.63 1.58 -10.58 0.08 0.08 1.03 0.96 1
14.14 26.75 -12.61 -1.39 0.09 0.17 0.69 1.3 27.19 20.8 6.39 3.61 0.12 0.09 1.32 1.01 3
18.01 24.62 -6.61 -0.39 0.09 0.13 0.88 1.2 16.3 18.62 -2.32 2.32 0.1 0.11 0.79 0.9 2
12.4 26.85 -14.45 -2.55 0.07 0.14 0.6 1.3 18.65 25.68 -7.03 5.03 0.11 0.15 0.91 1.25 1
22.94 19.58 3.36 1.64 0.1 0.09 1.12 0.96 18.65 24.65 -6 -6 0.09 0.11 0.91 1.21 2
41.26 13.11 28.15 -4.15 0.12 0.04 1.99 0.63 29.01 9.89 19.12 6.88 0.1 0.03 1.41 0.48 1
12.21 26.75 -14.54 -8.46 0.06 0.14 0.6 1.31 30.23 13.77 16.46 14.54 0.12 0.05 1.46 0.67 3
14.7 26.58 -11.88 0.88 0.09 0.16 0.72 1.3 16.52 21.43 -4.91 -6.09 0.08 0.1 0.8 1.03 3
22.16 20.34 1.82 -11.82 0.09 0.08 1.03 0.95 28.84 21.65 7.19 4.81 0.13 0.09 1.33 1 2
30.04 12.13 17.91 5.09 0.1 0.04 1.39 0.56 12.79 28.32 -15.53 -11.47 0.06 0.14 0.6 1.32 1
16.36 19.71 -3.35 3.35 0.1 0.12 0.76 0.91 13.54 26.95 -13.41 -2.59 0.07 0.14 0.63 1.25 3
19.4 25.11 -5.71 -6.29 0.09 0.11 0.9 1.17 25.3 20.25 5.05 5.95 0.12 0.1 1.16 0.93 1
18.12 24.35 -6.23 -2.77 0.08 0.11 0.83 1.12 19.1 24.68 -5.58 -1.42 0.09 0.12 0.88 1.14 1
31.8 14.35 17.45 17.55 0.12 0.05 1.47 0.66 23.4 20.33 3.07 1.93 0.1 0.09 1.09 0.95 2
43.5 14.14 29.36 -2.36 0.12 0.04 2 0.65 17.62 28.18 -10.56 -2.44 0.1 0.15 0.82 1.31 1
18.75 26.82 -8.07 5.07 0.11 0.16 0.87 1.24 14.99 28.4 -13.41 -2.59 0.09 0.16 0.69 1.31 1
24.1 20.47 3.63 1.37 0.1 0.08 1.07 0.91 31.24 13.11 18.13 5.87 0.1 0.04 1.38 0.58 1
15.85 29.6 -13.75 -3.25 0.08 0.16 0.7 1.3 17.34 20.35 -3.01 2.01 0.1 0.11 0.76 0.9 2
17.9 31.38 -13.48 -3.52 0.09 0.17 0.8 1.39 19.45 26.43 -6.98 -1.02 0.09 0.12 0.86 1.17 2
29.32 21.86 7.46 4.54 0.12 0.09 1.3 0.97 20.52 25.36 -4.84 -5.16 0.09 0.11 0.91 1.13 1
14.18 27.93 -13.75 -1.25 0.07 0.14 0.63 1.23 19.87 24.7 -4.83 -3.17 0.08 0.1 0.87 1.08 2
25.55 21.37 4.18 4.82 0.12 0.1 1.12 0.94 31.94 15.05 16.89 18.11 0.11 0.05 1.41 0.66 3
22.37 20.82 1.55 -11.55 0.08 0.08 0.99 0.92 19.95 27.68 -7.73 5.73 0.11 0.15 0.88 1.22 1
13.77 29.52 -15.75 -12.25 0.06 0.14 0.61 1.31 46.7 14.42 32.28 -1.28 0.13 0.04 2.05 0.63 3
18.01 20.87 -2.86 1.86 0.09 0.11 0.76 0.88 24 21.58 2.42 -9.42 0.09 0.08 1.02 0.92 2
31.58 14.11 17.47 4.53 0.1 0.04 1.33 0.6 25.89 24.04 1.85 5.15 0.12 0.11 1.08 1.01 2
19.59 27.45 -7.86 -0.14 0.09 0.13 0.83 1.16 14.3 28.1 -13.8 -1.2 0.07 0.14 0.6 1.19 1
14.09 31.84 -17.75 -12.25 0.06 0.14 0.6 1.36 18.92 31.52 -12.6 -4.4 0.09 0.16 0.8 1.34 2
34.61 15.39 19.22 17.78 0.12 0.05 1.46 0.65 30.35 22.9 7.45 7.55 0.12 0.09 1.28 0.97 1
20.04 24.82 -4.78 -3.22 0.08 0.1 0.84 1.04 16.37 30.27 -13.9 -3.1 0.08 0.15 0.69 1.28 2
49.02 14.74 34.28 -1.28 0.12 0.04 2.06 0.62 25.1 20.81 4.29 2.71 0.1 0.08 1.07 0.89 1
20.71 29.31 -8.6 3.6 0.11 0.15 0.88 1.24 21.56 26.39 -4.83 -8.17 0.09 0.11 0.92 1.13 1
24.12 22.29 1.83 -8.83 0.09 0.08 0.98 0.91 20.38 25.46 -5.08 -2.92 0.08 0.1 0.82 1.03 2
23.14 29.86 -6.72 6.72 0.11 0.14 0.94 1.21 38.04 16.11 21.93 18.07 0.13 0.05 1.54 0.65 3
17.01 30.61 -13.6 -3.4 0.08 0.15 0.69 1.24 21.78 27.54 -5.76 -0.24 0.09 0.12 0.88 1.11 2
20.33 31.71 -11.38 -5.62 0.09 0.14 0.83 1.29 14.39 30.29 -15.9 -1.1 0.07 0.14 0.58 1.23 1
31.07 26.33 4.74 7.26 0.12 0.1 1.26 1.07 31.9 14.37 17.53 4.47 0.1 0.04 1.29 0.58 3
26.15 24.36 1.79 5.21 0.11 0.11 1.05 0.98 51.26 15.33 35.93 0.07 0.13 0.04 2.07 0.62 3
22.11 28.82 -6.71 -11.29 0.09 0.12 0.9 1.18 18.72 20.99 -2.27 1.27 0.09 0.1 0.76 0.85 1
25.69 23.05 2.64 1.36 0.09 0.08 1.05 0.94 14.28 33.25 -18.97 -11.03 0.06 0.15 0.58 1.35 1
14.46 32.41 -17.95 -1.05 0.07 0.15 0.56 1.26 17.7 30.65 -12.95 -4.05 0.08 0.14 0.69 1.19 3
20.62 25.8 -5.18 -2.82 0.08 0.1 0.8 1 22.87 29.65 -6.78 -10.22 0.09 0.11 0.9 1.16 1
21.82 28.23 -6.41 0.41 0.09 0.12 0.85 1.1 24.46 22.53 1.93 -8.93 0.08 0.08 0.95 0.88 1
28.29 23.08 5.21 3.79 0.1 0.08 1.11 0.91 22.45 31.78 -9.33 -5.67 0.09 0.13 0.88 1.24 1
32.61 14.98 17.63 5.37 0.1 0.04 1.27 0.58 23.96 31.6 -7.64 6.64 0.11 0.15 0.93 1.23 1
19.55 21.75 -2.2 0.2 0.09 0.1 0.76 0.84 39.78 16.93 22.85 18.15 0.13 0.06 1.54 0.66 3
51.26 15.33 35.93 3.07 0.13 0.04 1.98 0.59 31.68 27.04 4.64 6.36 0.12 0.1 1.23 1.05 1
14.31 35.85 -21.54 -13.46 0.06 0.16 0.56 1.4 26.15 24.36 1.79 2.21 0.11 0.11 1.01 0.94 3
23.16 33.7 -10.54 -6.46 0.09 0.14 0.87 1.26 18.56 31.39 -12.83 -2.17 0.08 0.13 0.69 1.17 1
27.87 24.95 2.92 3.08 0.11 0.1 1.03 0.92 30.21 23.79 6.42 4.58 0.09 0.07 1.14 0.9 1
24.17 31.6 -7.43 -10.57 0.09 0.12 0.91 1.19 23.47 29.54 -6.07 1.07 0.1 0.12 0.88 1.11 1
19.86 23.35 -3.49 0.49 0.09 0.11 0.74 0.87 33.88 15 18.88 8.12 0.1 0.04 1.27 0.56 3
25.77 24.18 1.59 -9.59 0.09 0.08 0.97 0.91 15.2 33.27 -18.07 -2.93 0.07 0.15 0.57 1.24 2
23.98 32.87 -8.89 3.89 0.11 0.16 0.9 1.23 52.98 16.12 36.86 3.14 0.13 0.04 1.97 0.6 3
41.38 17.24 24.14 17.86 0.13 0.05 1.55 0.64 22.57 27.1 -4.53 -2.47 0.08 0.1 0.84 1.01 1
32.47 28.76 3.71 6.29 0.12 0.11 1.22 1.08 14.9 37.57 -22.67 -14.33 0.06 0.16 0.56 1.41 1
24.34 30.37 -6.03 0.03 0.1 0.12 0.88 1.09 43.49 17.61 25.88 19.12 0.13 0.05 1.56 0.63 2
15.24 35.34 -20.1 -0.9 0.07 0.15 0.55 1.27 25 32.47 -7.47 -9.53 0.09 0.12 0.91 1.18 3
15.14 38.31 -23.17 -14.83 0.06 0.16 0.55 1.39 24.77 36.71 -11.94 1.94 0.11 0.17 0.9 1.33 3
30.84 25.15 5.69 3.31 0.09 0.08 1.12 0.91 33.21 29 4.21 6.79 0.12 0.1 1.2 1.05 3
22.94 29.21 -6.27 -3.73 0.08 0.1 0.82 1.05 35.63 15.23 20.4 8.6 0.1 0.04 1.29 0.55 2
56.82 16.91 39.91 5.09 0.13 0.04 2.04 0.61 20.09 25.1 -5.01 0.01 0.09 0.11 0.72 0.9 1
18.79 32.06 -13.27 -2.73 0.08 0.13 0.67 1.15 27.84 24.22 3.62 -11.62 0.09 0.08 1.01 0.87 2
29.23 25.58 3.65 4.35 0.11 0.1 1.04 0.91 23.83 33.93 -10.1 -5.9 0.09 0.13 0.86 1.22 3
36.69 16.55 20.14 8.86 0.1 0.04 1.28 0.58 24.52 31.64 -7.12 1.12 0.09 0.12 0.85 1.1 3
20.34 28.1 -7.76 -1.24 0.09 0.12 0.7 0.97 15.36 40.01 -24.65 -14.35 0.06 0.16 0.54 1.4 1
34 29.51 4.49 8.51 0.12 0.1 1.18 1.03 30.25 27.25 3 3 0.12 0.1 1.04 0.94 1
24.26 30.27 -6.01 -3.99 0.08 0.11 0.84 1.05 59.82 17.16 42.66 6.34 0.13 0.04 2.07 0.59 3
25.5 34.95 -9.45 -4.55 0.09 0.13 0.89 1.22 29.13 25.14 3.99 -11.99 0.09 0.08 1.01 0.87 2
44.76 17.79 26.97 18.03 0.12 0.05 1.55 0.62 15.6 36.86 -21.26 -0.74 0.06 0.15 0.54 1.28 1
26.47 36.93 -10.46 1.46 0.12 0.16 0.92 1.29 31.35 25.94 5.41 1.59 0.09 0.08 1.09 0.9 3
26.52 32.83 -6.31 -9.69 0.09 0.11 0.93 1.15 19.71 33.35 -13.64 -2.36 0.08 0.13 0.68 1.15 1
