0.87 1.14 -0.27 -3.73 0.09 0.11 0.87 1.14 0.61 0.28 0.33 -1.33 0.03 0.01 0.57 0.26 3
0.37 2.65 -2.28 -2.72 0.07 0.53 0.37 2.62 1.75 1.16 0.59 1.41 0.19 0.13 1.68 1.11 1
0.28 0.61 -0.33 1.33 0.04 0.08 0.26 0.57 2.05 0.91 1.14 -1.14 0.11 0.05 1.94 0.86 3
1.07 1.69 -0.62 0.62 0.06 0.09 1 1.58 1.75 0.17 1.58 2.42 0.13 0.01 1.75 0.17 3
0.91 2.05 -1.14 1.14 0.09 0.21 0.86 1.94 1.99 1.78 0.21 -1.21 0.12 0.1 1.95 1.74 1
0.17 1.75 -1.58 -2.42 0.03 0.29 0.17 1.75 3.34 0.69 2.65 -3.65 0.19 0.04 3.34 0.69 1
1.78 1.99 -0.21 1.21 0.14 0.15 1.74 1.95 2.65 0.37 2.28 2.72 0.09 0.01 2.62 0.37 3
1.16 1.75 -0.59 -1.41 0.1 0.15 1.11 1.68 1.69 1.07 0.62 -0.62 0.13 0.08 1.58 1 1
0.69 3.34 -2.65 3.65 0.1 0.48 0.69 3.34 1.14 0.87 0.27 3.73 0.08 0.06 1.14 0.87 2
4.36 5.97 -1.61 -1.39 0.13 0.18 2.16 2.95 2.04 4.75 -2.71 1.71 0.07 0.17 0.99 2.3 1
1.88 2.2 -0.32 -0.68 0.13 0.15 0.92 1.08 2.13 1.53 0.6 -5.6 0.09 0.06 1.02 0.73 3
5.34 1.53 3.81 -2.81 0.15 0.04 2.53 0.72 3.78 4.69 -0.91 -1.09 0.15 0.19 1.85 2.29 1
3.91 1.93 1.98 -4.98 0.11 0.06 1.9 0.94 4.81 1.14 3.67 1.33 0.16 0.04 2.41 0.57 3
1.41 2.78 -1.37 -0.63 0.11 0.21 0.7 1.38 2 4.23 -2.23 -0.77 0.11 0.22 0.95 2.01 3
1 1.54 -0.54 0.54 0.04 0.06 0.46 0.71 5.1 4.42 0.68 1.32 0.19 0.16 2.48 2.15 1
1.41 2.32 -0.91 -1.09 0.12 0.19 0.69 1.13 0.9 3.9 -3 3 0.05 0.22 0.42 1.84 2
1.83 5.29 -3.46 4.46 0.13 0.38 0.9 2.6 4.32 2.06 2.26 -1.26 0.12 0.06 2.08 0.99 3
5.35 2.37 2.98 5.02 0.12 0.05 2.63 1.17 3.09 2.01 1.08 2.92 0.09 0.06 1.52 0.99 2
4.08 7.3 -3.22 -3.78 0.14 0.24 1.34 2.39 2.56 3.07 -0.51 -1.49 0.1 0.12 0.84 1 2
2.43 4.94 -2.51 2.51 0.09 0.18 0.78 1.58 3.27 6.97 -3.7 2.7 0.12 0.25 1.06 2.26 2
3.15 5.55 -2.4 1.4 0.11 0.19 1.01 1.78 6.69 6.87 -0.18 -0.82 0.14 0.15 2.19 2.25 3
7.49 2.34 5.15 0.85 0.17 0.05 2.45 0.77 3.24 1.77 1.47 3.53 0.09 0.05 1.02 0.56 1
2.94 7.08 -4.14 1.14 0.07 0.16 0.95 2.28 2.45 3.85 -1.4 -0.6 0.08 0.13 0.8 1.26 2
3 2.21 0.79 -4.79 0.08 0.06 0.97 0.71 5.11 4.61 0.5 -4.5 0.1 0.09 1.64 1.48 3
5.33 6.66 -1.33 -1.67 0.16 0.2 1.74 2.17 6.71 3.21 3.5 4.5 0.11 0.05 2.21 1.06 1
3.93 3.37 0.56 3.44 0.08 0.07 1.3 1.11 7.95 1.83 6.12 -0.12 0.14 0.03 2.55 0.59 3
6 3.5 2.5 0.5 0.13 0.07 1.91 1.12 2.73 3.93 -1.2 -2.8 0.11 0.16 0.9 1.3 1
8.89 7.98 0.91 0.09 0.14 0.13 2.19 1.96 11.42 2.9 8.52 2.48 0.18 0.05 2.82 0.72 3
5.22 6.38 -1.16 -0.84 0.14 0.17 1.28 1.56 4.15 5.6 -1.45 1.45 0.1 0.13 1 1.35 3
3.8 5.7 -1.9 1.9 0.09 0.13 0.91 1.37 4.26 7.75 -3.49 0.49 0.11 0.2 1.03 1.88 2
10.43 3.66 6.77 3.23 0.14 0.05 2.52 0.88 4.67 3.37 1.3 -6.3 0.09 0.07 1.13 0.82 1
8.52 5.51 3.01 3.99 0.11 0.07 2.11 1.36 8.56 5.27 3.29 1.71 0.13 0.08 2.07 1.28 2
3.93 8.69 -4.76 3.76 0.11 0.25 0.96 2.11 7.63 8.47 -0.84 -1.16 0.13 0.15 1.87 2.08 3
4.5 6.49 -1.99 -4.01 0.14 0.2 1.12 1.61 3.68 8.03 -4.35 1.35 0.07 0.16 0.89 1.95 3
3.4 4.59 -1.19 -0.81 0.08 0.11 0.83 1.13 7.39 9.96 -2.57 -4.43 0.14 0.18 1.81 2.44 3
6.27 6.28 -0.01 -2.99 0.1 0.1 1.52 1.52 5.76 5.85 -0.09 0.09 0.09 0.09 1.42 1.44 3
9.75 9.69 0.06 -0.06 0.15 0.14 1.91 1.9 5.93 7.56 -1.63 -1.37 0.11 0.14 1.16 1.48 1
5.62 9.56 -3.94 1.94 0.09 0.15 1.09 1.85 6.17 6.85 -0.68 0.68 0.1 0.11 1.18 1.31 2
5.33 6.31 -0.98 1.98 0.1 0.11 1.03 1.22 6.03 8.43 -2.4 -4.6 0.13 0.18 1.19 1.67 1
5.41 10.12 -4.71 1.71 0.1 0.18 1.04 1.95 5.15 10.81 -5.66 2.66 0.11 0.24 1 2.11 2
7.25 6.91 0.34 1.66 0.09 0.09 1.42 1.35 9.1 13.62 -4.52 -1.48 0.14 0.2 1.77 2.65 2
10.41 6.18 4.23 0.77 0.14 0.08 2.01 1.19 4.52 4.97 -0.45 -2.55 0.08 0.09 0.88 0.97 1
5.13 6.29 -1.16 -6.84 0.09 0.11 1 1.22 9.43 7.36 2.07 4.93 0.11 0.08 1.85 1.44 3
7.77 11.08 -3.31 -2.69 0.12 0.17 1.52 2.16 7.33 7.77 -0.44 -4.56 0.1 0.1 1.42 1.5 3
17.06 3.11 13.95 4.05 0.19 0.04 3.32 0.61 13.35 4.12 9.23 3.77 0.15 0.05 2.58 0.8 1
6.19 10.1 -3.91 -6.09 0.12 0.2 1.02 1.66 18.14 4.24 13.9 7.1 0.18 0.04 2.95 0.69 3
5.81 11.68 -5.87 2.87 0.11 0.21 0.94 1.9 9.75 14.91 -5.16 -0.84 0.13 0.19 1.58 2.41 2
6.28 10.78 -4.5 1.5 0.09 0.15 1.01 1.74 7 6.47 0.53 3.47 0.1 0.1 1.13 1.04 1
7.2 10.43 -3.23 1.23 0.1 0.14 1.17 1.69 14.48 5.2 9.28 0.72 0.14 0.05 2.34 0.84 3
12.13 10.03 2.1 1.9 0.13 0.11 1.97 1.63 8.33 11.69 -3.36 -3.64 0.12 0.16 1.35 1.89 1
10.79 8.53 2.26 6.74 0.1 0.08 1.75 1.38 7.94 8.33 -0.39 -3.61 0.09 0.1 1.27 1.34 2
6.27 9.94 -3.67 -3.33 0.1 0.16 1.02 1.61 7.04 8.43 -1.39 1.39 0.09 0.11 1.13 1.35 1
6.3 7.65 -1.35 -8.65 0.1 0.12 1.01 1.23 4.95 6.62 -1.67 -2.33 0.08 0.1 0.81 1.08 2
12.06 6.61 5.45 0.55 0.12 0.07 1.94 1.06 8.54 7.56 0.98 1.02 0.09 0.08 1.39 1.23 1
6.11 8.09 -1.98 -2.02 0.08 0.11 0.85 1.13 7.04 12.68 -5.64 -6.36 0.12 0.21 0.99 1.78 1
10.35 16.4 -6.05 0.05 0.12 0.19 1.44 2.27 7.77 8.81 -1.04 -8.96 0.1 0.11 1.07 1.22 1
8.82 9.73 -0.91 -3.09 0.09 0.1 1.21 1.34 7.26 12.27 -5.01 3.01 0.09 0.15 1 1.69 1
20.72 5.09 15.63 7.37 0.18 0.05 2.89 0.71 8.49 7.45 1.04 1.96 0.1 0.09 1.17 1.03 1
8.88 10.58 -1.7 -4.3 0.11 0.13 1.23 1.46 7.3 12.28 -4.98 1.98 0.11 0.18 1.02 1.71 3
10.3 14.57 -4.27 -3.73 0.12 0.17 1.41 2 7.93 12.74 -4.81 0.81 0.09 0.15 1.1 1.77 2
9.4 8.66 0.74 0.26 0.09 0.08 1.31 1.2 15.01 12 3.01 1.99 0.14 0.11 2.07 1.65 1
7.68 11.04 -3.36 2.36 0.09 0.13 1.05 1.51 13.16 7.47 5.69 1.31 0.12 0.07 1.81 1.02 2
16.79 5.93 10.86 1.14 0.14 0.05 2.32 0.82 12.19 9.41 2.78 6.22 0.1 0.08 1.69 1.3 1
7.48 14.08 -6.6 2.6 0.09 0.17 0.9 1.7 12.51 8.93 3.58 1.42 0.1 0.07 1.52 1.08 1
25.42 5.3 20.12 6.88 0.19 0.04 3.09 0.64 11.92 16.82 -4.9 -3.1 0.12 0.17 1.43 2.02 1
9.06 9.31 -0.25 -2.75 0.1 0.1 1.1 1.13 12.43 13.57 -1.14 5.14 0.1 0.11 1.51 1.65 1
9.72 12.56 -2.84 4.84 0.11 0.14 1.19 1.53 20.95 6.17 14.78 2.22 0.15 0.04 2.54 0.75 3
8.26 15.63 -7.37 -5.63 0.12 0.23 1.01 1.91 8.61 12.34 -3.73 2.73 0.09 0.13 1.03 1.48 2
8.7 12.15 -3.45 2.45 0.1 0.14 1.05 1.46 11.16 17.6 -6.44 1.44 0.12 0.19 1.35 2.13 1
14.46 8.4 6.06 0.94 0.12 0.07 1.74 1.01 10.63 9.95 0.68 -2.68 0.09 0.08 1.28 1.2 1
15.28 15.11 0.17 0.83 0.14 0.13 1.84 1.82 8.97 9.62 -0.65 -10.35 0.1 0.11 1.08 1.16 1
10.18 14.36 -4.18 0.18 0.1 0.15 1.24 1.75 9.16 13 -3.84 -7.16 0.1 0.14 1.11 1.58 1
12.28 22.35 -10.07 -3.93 0.11 0.21 1.32 2.39 11.63 12.94 -1.31 2.31 0.11 0.12 1.24 1.38 2
11.95 20.53 -8.58 1.58 0.11 0.2 1.29 2.21 10.1 16.24 -6.14 -6.86 0.14 0.22 1.1 1.76 2
10.66 17.04 -6.38 -6.62 0.11 0.17 1.15 1.84 7.68 15.68 -8 6 0.08 0.17 0.82 1.68 1
10.43 13.49 -3.06 -10.94 0.1 0.13 1.12 1.45 30.95 5.66 25.29 7.71 0.19 0.04 3.36 0.61 3
11.79 12.06 -0.27 -4.73 0.09 0.09 1.26 1.29 19.15 16.57 2.58 1.42 0.15 0.13 2.06 1.78 2
14.11 9.13 4.98 -1.98 0.1 0.06 1.52 0.98 14.22 15.86 -1.64 -0.36 0.12 0.13 1.53 1.71 1
23.74 7.52 16.22 4.78 0.15 0.05 2.56 0.81 16.57 9.56 7.01 2.99 0.12 0.07 1.77 1.02 1
9.22 14.18 -4.96 3.96 0.09 0.13 0.98 1.51 10.79 11.24 -0.45 -1.55 0.1 0.11 1.17 1.22 3
14.36 15.3 -0.94 3.94 0.1 0.11 1.56 1.66 11.07 15.35 -4.28 2.28 0.11 0.15 1.2 1.67 3
9.39 18.16 -8.77 3.77 0.09 0.17 0.9 1.75 12.32 15.68 -3.36 -11.64 0.11 0.14 1.19 1.52 3
11.22 17.04 -5.82 -7.18 0.14 0.21 1.1 1.66 19.95 18.55 1.4 2.6 0.15 0.14 1.93 1.8 1
33.14 7.55 25.59 8.41 0.19 0.04 3.23 0.74 15.19 9.62 5.57 -1.57 0.1 0.06 1.47 0.93 1
16.19 16.97 -0.78 2.78 0.1 0.11 1.58 1.65 13.14 18.75 -5.61 -4.39 0.11 0.16 1.27 1.82 1
26.87 7.76 19.11 4.89 0.15 0.04 2.62 0.76 10.54 15.89 -5.35 3.35 0.09 0.14 1.01 1.52 1
12.74 17.18 -4.44 3.44 0.11 0.15 1.24 1.68 15.16 22.92 -7.76 -6.24 0.11 0.17 1.46 2.21 2
14.71 16.94 -2.23 -0.77 0.11 0.13 1.42 1.64 13.77 12.86 0.91 -5.91 0.09 0.08 1.33 1.24 1
12.5 12.56 -0.06 -0.94 0.1 0.1 1.22 1.22 12.75 21.65 -8.9 1.9 0.11 0.18 1.24 2.1 1
16.81 12.69 4.12 2.88 0.11 0.09 1.63 1.23 12.2 15.82 -3.62 4.62 0.11 0.14 1.18 1.53 1
14.33 15.24 -0.91 -7.09 0.09 0.09 1.26 1.34 10.67 18.95 -8.28 4.28 0.09 0.16 0.93 1.66 3
16.33 23.78 -7.45 -6.55 0.11 0.16 1.43 2.08 11.89 17.76 -5.87 -6.13 0.13 0.2 1.05 1.57 1
13.17 19.78 -6.61 -4.39 0.11 0.17 1.16 1.75 33.9 7.89 26.01 8.99 0.18 0.04 3.01 0.7 3
15.53 10.38 5.15 -2.15 0.1 0.06 1.37 0.91 14.67 13.21 1.46 0.54 0.11 0.1 1.3 1.17 1
12.36 17.13 -4.77 2.77 0.11 0.15 1.08 1.5 17.09 17.5 -0.41 0.41 0.12 0.12 1.5 1.54 1
13.84 17.01 -3.17 -9.83 0.11 0.13 1.22 1.49 13.6 18.35 -4.75 3.75 0.11 0.14 1.2 1.62 1
13.4 23.82 -10.42 0.42 0.1 0.18 1.18 2.1 17.22 17 0.22 2.78 0.1 0.1 1.53 1.51 3
10.72 19.68 -8.96 1.96 0.09 0.17 0.94 1.72 29.93 7.89 22.04 3.96 0.15 0.04 2.66 0.7 3
20.67 19.22 1.45 1.55 0.14 0.13 1.82 1.69 18.12 12.85 5.27 4.73 0.1 0.07 1.59 1.13 3
16.44 17.1 -0.66 -8.34 0.09 0.09 1.32 1.38 13.85 24.56 -10.71 -0.29 0.1 0.18 1.12 1.99 3
12.19 20.08 -7.89 -6.11 0.13 0.21 0.99 1.63 35.59 9.11 26.48 5.52 0.15 0.04 2.9 0.74 3
18.48 20.18 -1.7 0.7 0.12 0.13 1.49 1.63 21.33 21.67 -0.34 1.34 0.13 0.13 1.72 1.75 1
37.23 8.68 28.55 9.45 0.18 0.04 3.04 0.71 13.92 19.96 -6.04 3.04 0.11 0.15 1.13 1.62 1
18.65 24.08 -5.43 -6.57 0.11 0.14 1.5 1.93 11.94 25.34 -13.4 0.4 0.09 0.2 0.96 2.03 3
20.57 13.51 7.06 4.94 0.11 0.07 1.66 1.09 15.45 17.33 -1.88 -9.12 0.11 0.12 1.24 1.39 1
12.53 21.06 -8.53 5.53 0.1 0.18 1 1.68 17.09 11.85 5.24 -1.24 0.09 0.07 1.38 0.96 3
16.14 14.77 1.37 -0.37 0.11 0.1 1.31 1.2 13.96 23.11 -9.15 -4.85 0.11 0.18 1.13 1.88 1
15.04 18.52 -3.48 2.48 0.12 0.15 1.21 1.49 17.96 17.45 0.51 3.49 0.1 0.1 1.46 1.42 2
12.76 26.08 -13.32 1.32 0.09 0.19 0.95 1.93 17.92 15.06 2.86 3.14 0.11 0.09 1.34 1.13 2
19.35 13.25 6.1 -0.1 0.1 0.07 1.44 0.99 19.39 24.9 -5.51 -7.49 0.1 0.13 1.44 1.85 2
20.12 17.97 2.15 1.85 0.1 0.09 1.51 1.35 13.93 23.32 -9.39 4.39 0.11 0.18 1.03 1.72 3
14.25 24.89 -10.64 -8.36 0.11 0.19 1.07 1.87 18.2 18.65 -0.45 -9.55 0.09 0.1 1.35 1.39 3
14.01 22.38 -8.37 2.37 0.1 0.16 1.05 1.68 20.77 20.97 -0.2 2.2 0.12 0.12 1.55 1.56 1
37.68 9.57 28.11 6.89 0.15 0.04 2.83 0.72 15.4 26.32 -10.92 0.92 0.1 0.18 1.15 1.97 1
21.25 13.91 7.34 5.66 0.1 0.07 1.58 1.04 39.65 8.77 30.88 10.12 0.17 0.04 2.99 0.66 1
22.12 23.96 -1.84 -0.16 0.12 0.13 1.65 1.79 15.56 20.68 -5.12 4.12 0.12 0.16 1.16 1.54 1
15.85 18.01 -2.16 -9.84 0.11 0.12 1.18 1.34 12.65 22.17 -9.52 -7.48 0.13 0.22 0.95 1.66 1
22.07 24.25 -2.18 2.18 0.12 0.13 1.53 1.68 21.61 19.46 2.15 -0.15 0.1 0.09 1.51 1.36 3
41.14 10.11 31.03 8.97 0.17 0.04 2.89 0.71 14.61 29.7 -15.09 3.09 0.1 0.21 1.01 2.05 1
15.42 24.81 -9.39 6.39 0.11 0.18 1.06 1.7 17.29 23.68 -6.39 2.39 0.11 0.15 1.2 1.65 3
19.57 18.99 0.58 -8.58 0.09 0.09 1.35 1.31 42.38 10.27 32.11 6.89 0.15 0.04 2.95 0.71 3
16.1 31.02 -14.92 0.92 0.1 0.2 1.12 2.15 14.59 26.26 -11.67 -9.33 0.11 0.19 1.01 1.83 2
21.54 16.91 4.63 1.37 0.11 0.09 1.5 1.18 24.99 24.67 0.32 0.68 0.12 0.12 1.73 1.71 1
20.56 27.28 -6.72 -6.28 0.1 0.14 1.42 1.88 22.59 15.4 7.19 6.81 0.1 0.07 1.57 1.07 3
16.27 23.55 -7.28 3.28 0.11 0.17 1.12 1.63 18.43 19.07 -0.64 -8.36 0.11 0.12 1.28 1.32 2
13.71 24.75 -11.04 -8.96 0.13 0.23 0.95 1.72 21.73 14.42 7.31 -1.31 0.1 0.07 1.5 1 1
16.06 27.97 -11.91 4.91 0.11 0.2 1.03 1.79 16.87 31.97 -15.1 1.1 0.1 0.19 1.09 2.06 3
20.35 20.81 -0.46 -10.54 0.09 0.09 1.31 1.34 15.41 26.07 -10.66 -8.34 0.13 0.22 1 1.69 2
22.54 20.54 2 3 0.1 0.09 1.47 1.34 14.65 33.16 -18.51 0.51 0.1 0.23 0.94 2.14 1
26.34 26.04 0.3 -1.3 0.12 0.12 1.71 1.69 44.6 10.15 34.45 11.55 0.17 0.04 2.92 0.66 3
23.05 16.12 6.93 -1.93 0.1 0.07 1.49 1.04 16.8 24.32 -7.52 3.52 0.11 0.16 1.08 1.57 1
20.45 24.32 -3.87 3.87 0.12 0.14 1.33 1.58 22.91 18.26 4.65 3.35 0.11 0.09 1.49 1.19 3
44.2 11.05 33.15 8.85 0.15 0.04 2.87 0.72 15.54 27.03 -11.49 -9.51 0.11 0.19 1.01 1.75 1
19.2 19.6 -0.4 -8.6 0.11 0.11 1.24 1.27 21.09 32.22 -11.13 -4.87 0.1 0.15 1.35 2.07 3
27.53 15.93 11.6 5.4 0.11 0.06 1.78 1.03 23.15 25.18 -2.03 -0.97 0.11 0.12 1.5 1.64 3
17.52 25.18 -7.66 2.66 0.11 0.15 1.06 1.52 21.27 21.61 -0.34 -10.66 0.08 0.09 1.29 1.31 1
24.22 27.18 -2.96 1.96 0.11 0.13 1.47 1.65 20.34 21.08 -0.74 -9.26 0.11 0.12 1.23 1.28 2
16.21 26.99 -10.78 -8.22 0.13 0.21 0.99 1.64 21.05 24.8 -3.75 2.75 0.12 0.14 1.28 1.51 1
48.2 10.7 37.5 12.5 0.17 0.04 2.95 0.65 25.71 21.04 4.67 1.33 0.1 0.08 1.57 1.28 1
15.15 36.33 -21.18 2.18 0.1 0.24 0.91 2.19 26.89 29.64 -2.75 -2.25 0.12 0.13 1.63 1.8 3
23.39 18.86 4.53 4.47 0.11 0.09 1.43 1.15 48.25 11.32 36.93 13.07 0.15 0.04 2.94 0.69 3
17.3 32.6 -15.3 4.3 0.1 0.18 1.05 1.98 29.53 17 12.53 2.47 0.11 0.06 1.78 1.03 2
15.81 31.08 -15.27 -13.73 0.11 0.21 0.96 1.89 23.91 16.84 7.07 -1.07 0.1 0.07 1.45 1.02 2
22.57 33.36 -10.79 -4.21 0.1 0.15 1.36 2.01 16.69 28.4 -11.71 1.71 0.11 0.19 1 1.71 3
25.14 17.65 7.49 -1.49 0.1 0.07 1.43 1.01 16.27 40.26 -23.99 1.99 0.1 0.25 0.92 2.29 1
26.41 23.29 3.12 0.88 0.1 0.09 1.52 1.34 24.36 21.69 2.67 4.33 0.11 0.1 1.4 1.24 1
21.61 24.23 -2.62 -10.38 0.08 0.09 1.23 1.38 30.81 18.45 12.36 2.64 0.11 0.07 1.75 1.05 1
18.75 33.88 -15.13 4.13 0.1 0.18 1.07 1.93 20.14 25.52 -5.38 2.38 0.11 0.14 1.14 1.45 3
21.24 22.36 -1.12 -8.88 0.11 0.11 1.21 1.27 30.82 30.76 0.06 -2.06 0.12 0.12 1.76 1.75 1
18.51 29.11 -10.6 2.6 0.12 0.19 1.05 1.65 18.93 27.69 -8.76 -8.24 0.12 0.18 1.08 1.59 1
16.62 32.31 -15.69 -13.31 0.11 0.21 0.95 1.85 25.5 28.08 -2.58 1.58 0.11 0.12 1.46 1.61 1
23.28 35.18 -11.9 -5.1 0.1 0.15 1.32 2 50.45 11.4 39.05 12.95 0.17 0.04 2.9 0.66 2
51.08 12.29 38.79 13.21 0.15 0.04 2.92 0.7 21.75 27.52 -5.77 2.77 0.12 0.15 1.25 1.58 2
18.96 27.91 -8.95 -10.05 0.12 0.17 1.03 1.51 20.36 35.61 -15.25 2.25 0.1 0.17 1.09 1.91 2
31.3 32.25 -0.95 -4.05 0.12 0.13 1.68 1.74 23.22 25.52 -2.3 -8.7 0.09 0.09 1.25 1.37 3
16.51 41.22 -24.71 1.71 0.1 0.24 0.89 2.22 18.69 32.86 -14.17 -10.83 0.11 0.19 1.01 1.78 1
51.57 12.17 39.4 12.6 0.17 0.04 2.8 0.66 22.73 22.84 -0.11 -6.89 0.11 0.11 1.22 1.23 1
21.87 27.13 -5.26 4.26 0.11 0.14 1.17 1.45 24.05 36.3 -12.25 -4.75 0.1 0.15 1.29 1.95 3
26.05 30.15 -4.1 -0.9 0.11 0.13 1.41 1.63 26.1 17.89 8.21 -1.21 0.1 0.07 1.41 0.96 1
32.1 20.06 12.04 0.96 0.11 0.07 1.72 1.08 54.15 13.49 40.66 11.34 0.15 0.04 2.92 0.73 1
24.91 22.1 2.81 1.19 0.11 0.1 1.35 1.2 18.73 29.14 -10.41 4.41 0.11 0.17 1.01 1.56 3
22.95 30.59 -7.64 4.64 0.11 0.15 1.24 1.66 26.82 23.84 2.98 4.02 0.1 0.09 1.46 1.29 3
19.4 34.28 -14.88 -12.12 0.11 0.19 0.99 1.75 19.91 29.35 -9.44 -9.56 0.11 0.17 1.02 1.5 1
27.68 18.7 8.98 -2.98 0.1 0.07 1.41 0.96 23.03 32.46 -9.43 4.43 0.11 0.16 1.18 1.66 2
55.23 16.78 38.45 9.55 0.15 0.04 2.83 0.86 24.15 27.96 -3.81 1.81 0.11 0.13 1.22 1.41 1
19.43 30.28 -10.85 5.85 0.11 0.17 0.99 1.54 22.93 25.14 -2.21 -5.79 0.1 0.11 1.17 1.28 3
28.69 23.92 4.77 4.23 0.1 0.08 1.48 1.23 24.88 38.58 -13.7 -2.3 0.1 0.15 1.26 1.96 1
17.93 41.93 -24 3 0.1 0.24 0.91 2.13 35.39 21.14 14.25 2.75 0.11 0.07 1.8 1.08 1
24.03 26.95 -2.92 -6.08 0.09 0.1 1.23 1.37 26.05 22.8 3.25 -0.25 0.11 0.09 1.34 1.17 1
53.87 12.37 41.5 11.5 0.17 0.04 2.77 0.64 26.86 31.73 -4.87 0.87 0.11 0.13 1.38 1.63 1
21.8 36.56 -14.76 1.76 0.1 0.17 1.11 1.86 32.73 33.06 -0.33 -6.67 0.12 0.12 1.67 1.69 1
20.98 31.29 -10.31 -11.69 0.11 0.17 1.02 1.52 32.08 24.01 8.07 5.93 0.1 0.08 1.57 1.17 3
33.19 34.51 -1.32 -7.68 0.12 0.13 1.61 1.67 59.14 16.86 42.28 11.72 0.15 0.04 2.88 0.82 1
25.01 34.04 -9.03 4.03 0.11 0.16 1.22 1.65 26.1 28.16 -2.06 -5.94 0.09 0.09 1.26 1.36 2
37.04 21.99 15.05 0.95 0.11 0.07 1.8 1.07 21.34 35.35 -14.01 -9.99 0.11 0.18 1.04 1.72 1
24.23 31.87 -7.64 -0.36 0.11 0.15 1.17 1.53 20.56 31.36 -10.8 4.8 0.11 0.17 0.99 1.51 1
26.95 35.07 -8.12 -0.88 0.11 0.14 1.31 1.71 18.78 43.58 -24.8 4.8 0.1 0.23 0.91 2.11 1
24.97 41.97 -17 -4 0.1 0.16 1.21 2.03 23.25 37.02 -13.77 2.77 0.1 0.16 1.12 1.79 1
24.01 26.27 -2.26 -4.74 0.1 0.11 1.16 1.27 29.26 20.68 8.58 -2.58 0.1 0.07 1.42 1 1
27.26 24.87 2.39 -0.39 0.11 0.1 1.33 1.21 57.21 12.46 44.75 13.25 0.17 0.04 2.8 0.61 2
24.33 39.11 -14.78 2.78 0.1 0.16 1.12 1.8 27.17 29.7 -2.53 -5.47 0.09 0.1 1.26 1.37 1
34.02 24.56 9.46 7.54 0.1 0.07 1.58 1.14 26.02 33.18 -7.16 0.16 0.11 0.14 1.19 1.52 1
26.55 35.11 -8.56 3.56 0.12 0.15 1.23 1.63 59.47 13 46.47 11.53 0.17 0.04 2.77 0.6 2
34.98 36.07 -1.09 -6.91 0.12 0.13 1.62 1.67 29.19 37.83 -8.64 2.64 0.11 0.14 1.36 1.76 1
30.11 21.36 8.75 -3.75 0.1 0.07 1.39 0.99 21.87 33.15 -11.28 4.28 0.11 0.17 1.01 1.52 1
60.7 18.65 42.05 10.95 0.15 0.04 2.81 0.86 21.53 33.23 -11.7 -13.3 0.11 0.17 1 1.54 1
24.69 27.12 -2.43 -3.57 0.1 0.11 1.14 1.25 39.52 22.24 17.28 2.72 0.11 0.06 1.82 1.03 1
21.54 45.82 -24.28 1.28 0.11 0.23 0.99 2.12 27.06 43.05 -15.99 -4.01 0.1 0.16 1.24 1.98 1
21.59 37.83 -16.24 -11.76 0.1 0.18 1 1.75 27.8 27.13 0.67 1.33 0.11 0.1 1.29 1.26 3
26.81 35.45 -8.64 -1.36 0.11 0.15 1.17 1.55 39.77 36.42 3.35 -5.35 0.13 0.12 1.76 1.61 3
29.55 28.62 0.93 2.07 0.11 0.11 1.31 1.27 22.11 46.79 -24.68 2.68 0.1 0.22 0.97 2.06 2
28.11 29.98 -1.87 -7.13 0.09 0.09 1.24 1.32 23.08 39.58 -16.5 -12.5 0.1 0.18 1.02 1.75 3
29.54 42.62 -13.08 1.08 0.11 0.15 1.31 1.89 27.42 37.03 -9.61 4.61 0.12 0.16 1.21 1.64 3
22.35 37.06 -14.71 -15.29 0.11 0.19 0.99 1.64 26.08 27.35 -1.27 -3.73 0.1 0.11 1.15 1.2 2
24.61 40.05 -15.44 4.44 0.1 0.16 1.08 1.75 64.53 19.47 45.06 12.94 0.14 0.04 2.85 0.86 3
28.03 43.62 -15.59 -5.41 0.1 0.15 1.23 1.92 31.58 22.78 8.8 -2.8 0.1 0.07 1.39 1 3
61.39 13.87 47.52 10.48 0.16 0.04 2.72 0.61 39.75 23.63 16.12 2.88 0.11 0.07 1.75 1.04 2
23.29 34.62 -11.33 3.33 0.11 0.17 1.02 1.52 36.29 25.35 10.94 9.06 0.1 0.07 1.61 1.13 1
24.13 40.16 -16.03 -9.97 0.1 0.17 1.02 1.69 24.94 44.47 -19.53 4.53 0.1 0.18 1.05 1.87 2
40.98 38.57 2.41 -3.41 0.13 0.12 1.73 1.63 30.91 28.77 2.14 0.86 0.1 0.1 1.31 1.22 3
22.26 48.15 -25.89 3.89 0.1 0.22 0.94 2.03 62.93 14.98 47.95 10.05 0.16 0.04 2.67 0.64 3
33 23.04 9.96 -0.96 0.1 0.07 1.39 0.97 23.38 38.3 -14.92 -15.08 0.11 0.18 0.99 1.62 1
27.32 28.38 -1.06 -3.94 0.1 0.11 1.15 1.2 28.96 36.66 -7.7 -3.3 0.11 0.14 1.21 1.53 1
30.97 38.07 -7.1 4.1 0.12 0.15 1.31 1.61 25.54 35.35 -9.81 2.81 0.12 0.16 1.07 1.49 1
37.02 27.6 9.42 9.58 0.1 0.08 1.57 1.17 30.58 46.17 -15.59 1.59 0.11 0.16 1.3 1.96 1
40.86 25.17 15.69 3.31 0.11 0.07 1.72 1.06 28.29 45.04 -16.75 -7.25 0.1 0.16 1.19 1.9 1
68.95 19.8 49.15 12.85 0.15 0.04 2.92 0.84 28.69 31.03 -2.34 -9.66 0.09 0.09 1.21 1.31 1
34.36 29.22 5.14 1.86 0.11 0.09 1.39 1.18 30.32 29.74 0.58 -4.58 0.11 0.1 1.22 1.2 2
30.32 39.66 -9.34 -2.66 0.11 0.14 1.21 1.59 22.55 49.61 -27.06 3.06 0.1 0.22 0.91 2.01 1
27.32 45.71 -18.39 3.39 0.1 0.17 1.1 1.84 33.75 39.44 -5.69 4.69 0.13 0.15 1.36 1.59 3
64.39 15.27 49.12 10.88 0.16 0.04 2.62 0.62 24.31 41.77 -17.46 -15.54 0.11 0.19 0.98 1.69 1
26.91 38.13 -11.22 2.22 0.11 0.16 1.08 1.53 25.37 42.54 -17.17 -8.83 0.1 0.17 1.03 1.72 1
29.26 32.97 -3.71 -9.29 0.09 0.1 1.18 1.33 41.92 28.19 13.73 7.27 0.11 0.07 1.71 1.15 2
28.84 47.9 -19.06 -8.94 0.1 0.16 1.16 1.93 41.43 42.02 -0.59 -4.41 0.13 0.13 1.67 1.7 2
36.47 23.97 12.5 -0.5 0.1 0.07 1.48 0.97 43.72 25.72 18 5 0.11 0.06 1.77 1.04 2
70.89 20.37 50.52 12.48 0.15 0.04 2.87 0.83 31.17 51.07 -19.9 3.9 0.1 0.17 1.27 2.08 1
31.5 55.27 -23.77 3.77 0.1 0.18 1.23 2.16 29.78 48.75 -18.97 -9.03 0.1 0.16 1.16 1.89 1
36.35 41.66 -5.31 5.31 0.13 0.15 1.41 1.62 26.31 43.87 -17.56 -9.44 0.1 0.17 1.02 1.7 3
45.92 26.41 19.51 3.49 0.11 0.06 1.78 1.03 28.24 39.07 -10.83 2.83 0.11 0.16 1.09 1.51 3
24.44 43.93 -19.49 -15.51 0.11 0.2 0.95 1.71 35 29.47 5.53 1.47 0.11 0.09 1.36 1.14 3
42.28 42.96 -0.68 -4.32 0.13 0.13 1.64 1.67 37.16 26.17 10.99 1.01 0.1 0.07 1.44 1.02 1
31.28 41.28 -10 -1 0.11 0.14 1.2 1.59 66.55 15.4 51.15 10.85 0.16 0.04 2.6 0.6 3
43.24 28.85 14.39 6.61 0.11 0.07 1.69 1.13 75.09 20.7 54.39 12.61 0.15 0.04 2.92 0.81 1
30.57 30.38 0.19 -4.19 0.1 0.1 1.18 1.17 29.54 48.31 -18.77 2.77 0.1 0.17 1.14 1.87 1
24.17 50.57 -26.4 1.4 0.1 0.21 0.94 1.96 29.92 34.29 -4.37 -8.63 0.09 0.1 1.16 1.33 3
29.51 40.35 -10.84 3.84 0.11 0.15 1.1 1.5 32.5 56.05 -23.55 5.55 0.1 0.18 1.22 2.1 1
29.96 48.96 -19 2 0.1 0.17 1.11 1.82 39.58 27.79 11.79 -0.79 0.1 0.07 1.48 1.04 2
26.84 44.24 -17.4 -6.6 0.1 0.17 1 1.65 43.9 45.38 -1.48 -2.52 0.13 0.14 1.64 1.69 3
44.7 29.72 14.98 7.02 0.11 0.07 1.68 1.12 31.22 30.8 0.42 -3.42 0.1 0.1 1.16 1.14 1
36.72 42.19 -5.47 2.47 0.13 0.15 1.37 1.57 24.38 52.66 -28.28 1.28 0.1 0.22 0.91 1.97 1
25.06 45.8 -20.74 -18.26 0.11 0.2 0.94 1.71 31.92 42.05 -10.13 -1.87 0.1 0.14 1.18 1.56 2
32.01 34.5 -2.49 -8.51 0.09 0.09 1.19 1.29 30.56 49.75 -19.19 -10.81 0.1 0.16 1.14 1.86 1
36.87 30.09 6.78 4.22 0.11 0.09 1.38 1.12 47.2 27.68 19.52 2.48 0.11 0.06 1.76 1.03 1
75.96 22.16 53.8 12.2 0.15 0.04 2.84 0.83 67.32 16.04 51.28 11.72 0.15 0.04 2.53 0.6 1
41.87 29.47 12.4 -1.4 0.1 0.07 1.5 1.06 46.12 30.03 16.09 6.91 0.11 0.07 1.67 1.09 2
44.48 46.56 -2.08 -0.92 0.13 0.14 1.6 1.67 32.22 42.1 -9.88 3.88 0.12 0.15 1.15 1.51 3
31.53 32.22 -0.69 -3.31 0.1 0.1 1.13 1.15 28.02 44.82 -16.8 -8.2 0.1 0.16 1.01 1.61 1
32.95 42.98 -10.03 -1.97 0.1 0.14 1.17 1.53 38.71 32.39 6.32 5.68 0.11 0.09 1.39 1.16 3
26.01 54.13 -28.12 0.12 0.1 0.21 0.93 1.95 25.99 46.83 -20.84 -18.16 0.11 0.2 0.94 1.69 3
34.25 58.76 -24.51 5.51 0.11 0.18 1.24 2.13 31.64 51.25 -19.61 2.61 0.1 0.17 1.13 1.83 2
31.36 51.93 -20.57 -12.43 0.1 0.16 1.13 1.87 77.15 23.59 53.56 14.44 0.15 0.04 2.78 0.85 3
68.75 17.23 51.52 9.48 0.15 0.04 2.48 0.62 34.19 35.3 -1.11 -6.89 0.09 0.09 1.23 1.27 1
49.5 29.52 19.98 1.02 0.11 0.07 1.77 1.06 38.19 43.82 -5.63 3.63 0.13 0.15 1.37 1.57 1
32.77 52.49 -19.72 2.72 0.11 0.17 1.13 1.81 40.36 33.56 6.8 9.2 0.11 0.09 1.4 1.16 1
35.31 43.59 -8.28 3.28 0.12 0.15 1.22 1.5 79.98 24.08 55.9 15.1 0.15 0.04 2.78 0.84 3
33.14 33.65 -0.51 -2.49 0.1 0.1 1.14 1.16 27.2 55.61 -28.41 -0.59 0.1 0.2 0.94 1.92 1
29.45 46.43 -16.98 -9.02 0.1 0.16 1.02 1.61 47.38 32.24 15.14 7.86 0.11 0.07 1.65 1.12 2
45.97 49.65 -3.68 -0.32 0.13 0.14 1.59 1.71 27.47 48.02 -20.55 -17.45 0.11 0.19 0.95 1.66 1
31.85 54.76 -22.91 -13.09 0.09 0.16 1.1 1.9 38.28 47.77 -9.49 4.49 0.13 0.16 1.33 1.65 1
34.29 38.18 -3.89 -8.11 0.09 0.1 1.19 1.32 35.49 59.89 -24.4 5.4 0.1 0.18 1.24 2.09 1
34.12 44.63 -10.51 -5.49 0.1 0.14 1.17 1.53 53.45 29.61 23.84 0.16 0.11 0.06 1.85 1.02 3
44.08 30.73 13.35 -2.35 0.1 0.07 1.53 1.06 71.63 17.33 54.3 10.7 0.16 0.04 2.49 0.6 2
27.6 49.5 -21.9 -17.1 0.11 0.19 0.92 1.66 33.3 54.89 -21.59 -12.41 0.09 0.15 1.11 1.84 2
48.35 32.53 15.82 7.18 0.11 0.07 1.63 1.1 35.98 53.21 -17.23 5.23 0.11 0.17 1.2 1.77 3
82.28 25.98 56.3 17.7 0.15 0.05 2.76 0.87 27.92 56.17 -28.25 -1.75 0.1 0.2 0.93 1.88 1
54.45 30.68 23.77 3.23 0.11 0.06 1.82 1.02 47.45 49.78 -2.33 -0.67 0.13 0.13 1.58 1.66 1
35.52 63.44 -27.92 3.92 0.1 0.18 1.2 2.14 35.19 45.63 -10.44 -8.56 0.1 0.13 1.17 1.51 2
76.05 19.32 56.73 8.27 0.16 0.04 2.55 0.65 29.74 47.4 -17.66 -8.34 0.1 0.16 1 1.59 1
38.41 49.22 -10.81 3.81 0.12 0.16 1.29 1.65 33.7 34.37 -0.67 -1.33 0.1 0.1 1.12 1.14 2
37.21 45.89 -8.68 0.68 0.12 0.15 1.24 1.53 37.84 38.21 -0.37 -6.63 0.09 0.09 1.27 1.28 1
41.08 36.77 4.31 6.69 0.1 0.09 1.37 1.23 46.07 35.15 10.92 0.08 0.1 0.08 1.54 1.17 2
50.02 52.87 -2.85 -1.15 0.13 0.14 1.61 1.7 39.75 50.82 -11.07 4.07 0.12 0.16 1.28 1.64 1
34.02 56.35 -22.33 -11.67 0.09 0.15 1.1 1.82 41.4 37.25 4.15 6.85 0.1 0.09 1.34 1.21 1
35.3 35.71 -0.41 -1.59 0.1 0.1 1.13 1.15 87.21 26.83 60.38 17.62 0.15 0.05 2.82 0.87 3
46.55 35.47 11.08 -0.08 0.1 0.08 1.5 1.15 38.13 40.76 -2.63 -6.37 0.09 0.1 1.23 1.32 1
57.54 33.25 24.29 3.71 0.11 0.07 1.86 1.07 51.48 34.41 17.07 4.93 0.11 0.07 1.67 1.12 1
35.53 47.24 -11.71 -7.29 0.1 0.13 1.14 1.52 30.7 52.43 -21.73 -5.27 0.1 0.17 0.99 1.7 1
28.77 61.1 -32.33 -1.67 0.1 0.21 0.93 1.97 39.76 46.18 -6.42 0.42 0.13 0.15 1.28 1.49 2
37.13 63.78 -26.65 2.65 0.1 0.18 1.21 2.08 29.06 50.22 -21.16 -17.84 0.1 0.18 0.94 1.62 1
81.08 20.28 60.8 5.2 0.16 0.04 2.63 0.66 37.86 56.34 -18.48 7.48 0.11 0.17 1.22 1.81 1
32.12 55.89 -23.77 -6.23 0.1 0.18 1.01 1.75 35.93 57.47 -21.54 -10.46 0.09 0.15 1.12 1.79 1
52.24 36.66 15.58 5.42 0.11 0.08 1.64 1.15 51.59 56.15 -4.56 1.56 0.13 0.14 1.61 1.75 1
43.03 52.39 -9.36 1.36 0.13 0.15 1.34 1.64 38.99 48.66 -9.67 -6.33 0.11 0.13 1.21 1.51 2
88.84 27.59 61.25 17.75 0.15 0.05 2.78 0.86 48.74 37.38 11.36 2.64 0.11 0.08 1.53 1.17 1
42.52 39.16 3.36 5.64 0.1 0.09 1.33 1.23 39.23 64.87 -25.64 2.64 0.1 0.17 1.24 2.04 1
30.15 52.32 -22.17 -17.83 0.1 0.18 0.94 1.64 59.79 34.01 25.78 3.22 0.11 0.07 1.87 1.06 3
39.05 59.01 -19.96 6.96 0.12 0.18 1.21 1.84 29.68 61.63 -31.95 -2.05 0.1 0.21 0.93 1.92 1
40.29 47.09 -6.8 0.8 0.12 0.15 1.25 1.47 83.75 21.47 62.28 5.72 0.16 0.04 2.62 0.67 3
40.04 42.95 -2.91 -9.09 0.09 0.1 1.25 1.34 36.06 37.34 -1.28 -1.72 0.1 0.1 1.12 1.16 1
