0.25 2.09 -1.84 1.84 0.04 0.35 0.24 2.02 2 2.31 -0.31 1.31 0.25 0.29 1.96 2.26 2
2.24 4.92 -2.68 -0.32 0.17 0.38 2.19 4.81 1.19 1.35 -0.16 -0.84 0.09 0.1 1.14 1.29 3
0.49 0.6 -0.11 0.11 0.04 0.05 0.47 0.58 0.3 3.94 -3.64 -0.36 0.05 0.66 0.3 3.94 1
1.35 1.19 0.16 0.84 0.15 0.13 1.29 1.14 0.25 1.75 -1.5 -1.5 0.03 0.22 0.25 1.75 2
2.31 2 0.31 -1.31 0.26 0.22 2.26 1.96 2.09 0.25 1.84 -1.84 0.17 0.02 2.02 0.24 2
1.75 0.25 1.5 1.5 0.15 0.02 1.75 0.25 0.84 0.86 -0.02 1.02 0.06 0.07 0.8 0.81 1
3.94 0.3 3.64 0.36 0.16 0.01 3.94 0.3 0.6 0.49 0.11 -0.11 0.05 0.04 0.58 0.47 2
0.86 0.84 0.02 -1.02 0.12 0.12 0.81 0.8 4.92 2.24 2.68 0.32 0.29 0.13 4.81 2.19 3
5.76 3.25 2.51 1.49 0.21 0.12 2.83 1.6 0.25 3.21 -2.96 -0.04 0.03 0.4 0.12 1.54 1
3.74 2.74 1 0 0.14 0.1 1.85 1.35 2.45 1.81 0.64 0.36 0.07 0.05 1.2 0.89 2
2.6 2.21 0.39 -0.39 0.14 0.12 1.24 1.05 2.63 6.89 -4.26 -1.74 0.1 0.26 1.28 3.35 1
1.02 4.33 -3.31 3.31 0.05 0.2 0.5 2.11 1.51 5.9 -4.39 -0.61 0.08 0.31 0.75 2.93 2
1.87 1.68 0.19 -2.19 0.08 0.07 0.9 0.81 2.81 1.19 1.62 -0.62 0.08 0.03 1.32 0.56 3
1.79 4.23 -2.44 0.44 0.08 0.19 0.86 2.03 7.78 0.72 7.06 -3.06 0.15 0.01 3.85 0.36 3
3.16 1.74 1.42 0.58 0.13 0.07 1.52 0.84 5.12 1.2 3.92 2.08 0.2 0.05 2.52 0.59 3
4.27 2.51 1.76 -2.76 0.19 0.11 2.04 1.2 0.68 3.83 -3.15 3.15 0.06 0.32 0.33 1.88 1
7.57 4 3.57 3.43 0.21 0.11 2.44 1.29 2.06 3.72 -1.66 -1.34 0.08 0.14 0.67 1.21 1
1.75 7.33 -5.58 0.58 0.07 0.29 0.57 2.4 4.53 3.06 1.47 -0.47 0.12 0.08 1.48 1 3
2.77 2.6 0.17 0.83 0.06 0.06 0.9 0.84 4.48 2.66 1.82 2.18 0.12 0.07 1.43 0.85 1
1.17 7.78 -6.61 3.61 0.04 0.27 0.38 2.54 2.45 4.57 -2.12 2.12 0.05 0.1 0.79 1.47 2
0.76 4.27 -3.51 -2.49 0.04 0.24 0.24 1.37 2.53 5.66 -3.13 -0.87 0.08 0.18 0.8 1.79 3
4.85 1.38 3.47 -1.47 0.08 0.02 1.55 0.44 6.82 3.76 3.06 3.94 0.15 0.08 2.22 1.23 2
9.21 1.46 7.75 -1.75 0.14 0.02 2.97 0.47 5.96 4.19 1.77 -0.77 0.16 0.11 1.9 1.33 1
3.08 8.77 -5.69 -4.31 0.09 0.26 1 2.85 8.22 3 5.22 -3.22 0.16 0.06 2.63 0.96 3
3.62 7 -3.38 0.38 0.09 0.17 0.86 1.66 6.17 6.23 -0.06 2.06 0.12 0.12 1.48 1.5 1
7.46 3.36 4.1 -0.1 0.12 0.05 1.82 0.82 3.24 5.4 -2.16 2.16 0.05 0.09 0.78 1.3 1
5.7 2.56 3.14 -1.14 0.09 0.04 1.36 0.61 6.34 4.29 2.05 0.95 0.12 0.08 1.53 1.04 1
2.74 5.76 -3.02 -1.98 0.07 0.14 0.66 1.4 3.89 10.13 -6.24 -4.76 0.08 0.21 0.95 2.47 3
7.6 8.45 -0.85 -0.15 0.15 0.16 1.81 2.01 2.1 5.36 -3.26 -3.74 0.06 0.14 0.5 1.29 3
8 4.61 3.39 3.61 0.14 0.08 1.94 1.12 9.61 4.68 4.93 4.07 0.17 0.08 2.32 1.13 1
9.58 3.81 5.77 -2.77 0.15 0.06 2.31 0.92 2.05 10.26 -8.21 0.21 0.06 0.31 0.5 2.51 1
13.47 3.1 10.37 -2.37 0.15 0.03 3.24 0.75 2 8.57 -6.57 3.57 0.05 0.21 0.49 2.08 1
6.82 7.13 -0.31 0.31 0.11 0.12 1.31 1.37 9.82 5.7 4.12 3.88 0.14 0.08 1.9 1.1 3
5.34 10.86 -5.52 -4.48 0.09 0.19 1.05 2.13 9.59 4.67 4.92 0.08 0.12 0.06 1.87 0.91 1
2.72 13.75 -11.03 2.03 0.06 0.31 0.53 2.7 3.7 12.12 -8.42 4.42 0.07 0.23 0.72 2.37 1
4.55 7.53 -2.98 1.98 0.07 0.11 0.88 1.45 4.52 7.65 -3.13 2.13 0.09 0.16 0.86 1.45 1
7.94 10.3 -2.36 -0.64 0.13 0.17 1.52 1.98 3.47 7.21 -3.74 -2.26 0.06 0.13 0.68 1.41 1
10.7 6.5 4.2 3.8 0.16 0.1 2.06 1.25 7.58 2.94 4.64 -1.64 0.1 0.04 1.46 0.57 2
6.72 6.17 0.55 1.45 0.1 0.09 1.31 1.2 13.07 4.48 8.59 -4.59 0.16 0.05 2.54 0.87 3
3.95 5.7 -1.75 -3.25 0.08 0.12 0.76 1.1 17.02 4.8 12.22 -3.22 0.16 0.05 3.29 0.93 2
12.98 7.88 5.1 5.9 0.14 0.08 2.09 1.27 3.69 14.54 -10.85 2.85 0.07 0.28 0.6 2.38 1
10.66 6.44 4.22 -0.22 0.11 0.07 1.73 1.05 9.96 10.9 -0.94 -0.06 0.13 0.14 1.59 1.74 2
4.49 13.09 -8.6 3.6 0.07 0.2 0.73 2.14 7.11 11.93 -4.82 -4.18 0.1 0.16 1.16 1.95 2
4.65 9.16 -4.51 2.51 0.09 0.17 0.74 1.46 7.06 9.28 -2.22 1.22 0.09 0.11 1.14 1.5 2
18.93 5.66 13.27 -4.27 0.15 0.04 3.06 0.92 11.4 7.49 3.91 4.09 0.15 0.1 1.83 1.2 1
4.07 9.23 -5.16 -2.84 0.06 0.14 0.66 1.49 4.81 7.61 -2.8 -2.2 0.08 0.13 0.78 1.23 1
8.57 3.64 4.93 -1.93 0.1 0.04 1.37 0.58 9 10.29 -1.29 -1.71 0.12 0.14 1.43 1.64 1
16.18 4.82 11.36 -4.36 0.16 0.05 2.61 0.78 6.06 7.66 -1.6 1.6 0.07 0.09 0.98 1.24 3
9.51 14.32 -4.81 -2.19 0.12 0.18 1.3 1.96 5.83 9.39 -3.56 -2.44 0.08 0.13 0.81 1.3 3
4.87 13.25 -8.38 3.38 0.06 0.17 0.68 1.85 10.81 12.01 -1.2 0.2 0.12 0.13 1.46 1.62 2
7.27 12.31 -5.04 -3.96 0.09 0.16 1.02 1.72 5.41 9.8 -4.39 2.39 0.08 0.15 0.74 1.34 3
4.48 17.27 -12.79 3.79 0.08 0.29 0.62 2.4 5.85 10.25 -4.4 -2.6 0.07 0.13 0.81 1.42 2
7.77 8.91 -1.14 2.14 0.08 0.1 1.08 1.23 12.6 4.15 8.45 -1.45 0.12 0.04 1.73 0.57 1
17.43 6.53 10.9 -4.9 0.14 0.05 2.4 0.9 15.71 8.67 7.04 4.96 0.14 0.08 2.15 1.18 3
12.94 9.6 3.34 3.66 0.14 0.1 1.78 1.32 11.77 7.29 4.48 -0.48 0.12 0.07 1.62 1 1
7.7 10.04 -2.34 1.34 0.08 0.11 1.07 1.39 21.04 7.2 13.84 -3.84 0.15 0.05 2.92 1 3
8.02 10.38 -2.36 -1.64 0.1 0.13 0.97 1.26 8.26 13.54 -5.28 -4.72 0.09 0.15 1 1.65 3
23.44 7.72 15.72 -2.72 0.14 0.05 2.86 0.94 10.5 16.51 -6.01 -2.99 0.12 0.18 1.25 1.97 1
11.55 12.4 -0.85 -0.15 0.11 0.12 1.37 1.47 5.09 18.28 -13.19 4.19 0.07 0.26 0.62 2.22 1
6.86 10.86 -4 -3 0.07 0.12 0.83 1.32 5.26 13.99 -8.73 3.73 0.06 0.15 0.64 1.71 3
17.73 9.99 7.74 8.26 0.14 0.08 2.13 1.2 8.22 12.44 -4.22 0.22 0.08 0.12 1 1.51 1
13.66 10.64 3.02 4.98 0.13 0.1 1.64 1.28 9.08 9.46 -0.38 3.38 0.09 0.09 1.1 1.15 2
6.64 10.79 -4.15 3.15 0.09 0.14 0.79 1.29 12.81 8.01 4.8 -1.8 0.12 0.07 1.53 0.96 3
13.15 5.46 7.69 -2.69 0.11 0.05 1.59 0.66 18.75 8.55 10.2 -8.2 0.12 0.06 2.27 1.03 2
8.46 15.07 -6.61 -1.39 0.08 0.14 0.91 1.63 13.43 12.58 0.85 -0.85 0.12 0.11 1.42 1.33 1
10.36 14.9 -4.54 -3.46 0.11 0.15 1.12 1.62 14.2 6.48 7.72 -2.72 0.11 0.05 1.53 0.7 3
5.27 20.16 -14.89 4.89 0.07 0.27 0.57 2.17 9.38 12.48 -3.1 -2.9 0.09 0.13 1.01 1.35 3
9.76 10.92 -1.16 4.16 0.09 0.1 1.05 1.17 8.65 12.6 -3.95 -6.05 0.08 0.11 0.93 1.36 1
7 15.78 -8.78 6.78 0.07 0.15 0.76 1.72 8.3 12.4 -4.1 1.1 0.09 0.14 0.89 1.32 2
10.67 22.48 -11.81 -1.19 0.11 0.24 1.14 2.39 15.12 11.32 3.8 4.2 0.12 0.09 1.6 1.2 3
14.42 9.67 4.75 0.25 0.12 0.08 1.54 1.03 20.36 10.23 10.13 9.87 0.14 0.07 2.17 1.09 1
19.77 9.6 10.17 -8.17 0.12 0.06 2.13 1.04 29.41 7.89 21.52 -4.52 0.15 0.04 3.19 0.86 3
20.83 12.59 8.24 9.76 0.14 0.08 2 1.21 7.88 16.42 -8.54 6.54 0.07 0.15 0.77 1.61 2
10.8 16.01 -5.21 -6.79 0.08 0.12 1.05 1.56 16.78 10.14 6.64 0.36 0.12 0.07 1.62 0.98 2
11.39 13.59 -2.2 -1.8 0.1 0.12 1.1 1.32 13.17 13.07 0.1 4.9 0.11 0.11 1.28 1.27 1
14.59 7.28 7.31 -1.31 0.11 0.05 1.41 0.7 6.38 22.17 -15.79 3.79 0.07 0.25 0.62 2.14 1
33.28 9.01 24.27 -3.27 0.16 0.04 3.25 0.88 11.16 15.29 -4.13 -4.87 0.11 0.14 1.09 1.49 1
16.53 12.15 4.38 4.62 0.12 0.08 1.58 1.16 8.7 16.26 -7.56 0.56 0.07 0.14 0.85 1.58 1
8.94 13.28 -4.34 1.34 0.09 0.13 0.86 1.28 20.89 13.47 7.42 -9.42 0.12 0.08 2.03 1.31 3
14.62 12.82 1.8 -2.8 0.12 0.1 1.39 1.22 11.5 23.89 -12.39 -1.61 0.11 0.22 1.1 2.29 1
22.96 13.87 9.09 -7.09 0.12 0.07 2.03 1.23 16.7 14.54 2.16 -2.16 0.12 0.1 1.45 1.26 1
13.22 25.97 -12.75 -2.25 0.11 0.22 1.15 2.26 11.28 16.9 -5.62 -6.38 0.08 0.12 1 1.49 2
9.2 18.87 -9.67 0.67 0.07 0.15 0.81 1.67 14.33 14.55 -0.22 -1.78 0.11 0.11 1.26 1.28 2
6.5 24.43 -17.93 4.93 0.07 0.26 0.57 2.15 9.34 15.35 -6.01 -0.99 0.08 0.14 0.82 1.35 2
14.13 16.01 -1.88 4.88 0.11 0.12 1.24 1.41 21.83 13.02 8.81 9.19 0.13 0.08 1.91 1.14 2
17.67 10.62 7.05 -0.05 0.11 0.07 1.55 0.93 35.7 9.59 26.11 -4.11 0.15 0.04 3.16 0.85 2
11.74 17.71 -5.97 -4.03 0.1 0.15 1.04 1.56 19.14 12.65 6.49 4.51 0.12 0.08 1.67 1.1 1
8.31 17.42 -9.11 7.11 0.07 0.14 0.74 1.55 16.85 7.4 9.45 -2.45 0.11 0.05 1.49 0.65 3
17.05 16.97 0.08 -1.08 0.12 0.11 1.36 1.35 15.28 17.37 -2.09 5.09 0.1 0.12 1.23 1.4 1
23.19 14.17 9.02 8.98 0.13 0.08 1.86 1.14 10.51 16 -5.49 -1.51 0.08 0.12 0.84 1.29 1
12.3 17.63 -5.33 -6.67 0.08 0.12 1 1.43 25.39 14.22 11.17 -8.17 0.12 0.07 2.05 1.15 1
18.12 8.29 9.83 -1.83 0.11 0.05 1.46 0.67 37.02 11.36 25.66 -3.66 0.15 0.05 3 0.92 3
16.48 15.14 1.34 -3.34 0.11 0.1 1.33 1.22 9.2 18.69 -9.49 6.49 0.07 0.14 0.75 1.52 2
13.06 19.1 -6.04 -2.96 0.1 0.15 1.06 1.55 9.79 21.02 -11.23 2.23 0.07 0.16 0.79 1.7 1
20.53 13.97 6.56 3.44 0.12 0.08 1.64 1.12 7.15 25.6 -18.45 5.45 0.07 0.24 0.58 2.07 2
13.95 26.99 -13.04 -1.96 0.11 0.22 1.11 2.16 19.44 11.94 7.5 -0.5 0.12 0.07 1.56 0.96 1
11.06 20.14 -9.08 -1.92 0.08 0.14 0.82 1.5 18.73 17.74 0.99 -0.99 0.11 0.11 1.37 1.3 1
39.96 12.56 27.4 -3.4 0.15 0.05 2.99 0.94 27.33 14.72 12.61 9.39 0.14 0.07 2.03 1.09 2
10.24 22.64 -12.4 1.4 0.07 0.16 0.77 1.69 15.59 18.78 -3.19 -6.81 0.09 0.11 1.16 1.4 1
26.54 17.51 9.03 -8.03 0.12 0.08 1.98 1.3 19.33 16.57 2.76 -4.76 0.11 0.1 1.44 1.23 1
20.28 14.32 5.96 -0.96 0.12 0.08 1.51 1.06 19.32 11.23 8.09 -2.09 0.11 0.06 1.44 0.83 3
10.63 21.54 -10.91 7.91 0.07 0.15 0.8 1.62 22.14 14.21 7.93 2.07 0.12 0.07 1.64 1.05 3
7.39 27.21 -19.82 6.82 0.07 0.25 0.55 2.03 14.68 19.55 -4.87 -2.13 0.11 0.14 1.1 1.46 1
16.05 19.05 -3 5 0.1 0.12 1.19 1.42 16.33 27.83 -11.5 -1.5 0.12 0.2 1.21 2.06 1
21.39 12.06 9.33 -1.33 0.12 0.06 1.47 0.83 12.52 21.09 -8.57 -1.43 0.08 0.14 0.86 1.46 1
19.68 19.2 0.48 -1.48 0.11 0.11 1.34 1.31 28.32 16.24 12.08 9.92 0.13 0.08 1.95 1.12 1
15.15 20.93 -5.78 -3.22 0.1 0.14 1.05 1.45 17.62 19.58 -1.96 4.96 0.1 0.11 1.22 1.36 3
16.86 29.4 -12.54 -1.46 0.12 0.2 1.16 2.02 8.77 27.68 -18.91 7.91 0.07 0.23 0.61 1.92 1
13.47 22.69 -9.22 -0.78 0.08 0.14 0.94 1.58 10.77 23.26 -12.49 8.49 0.07 0.16 0.75 1.62 1
23.86 14.35 9.51 1.49 0.12 0.07 1.64 0.99 28.9 18.17 10.73 -7.73 0.12 0.08 1.99 1.25 1
19.99 18.93 1.06 -5.06 0.11 0.1 1.38 1.31 21.11 16.39 4.72 -1.72 0.11 0.09 1.45 1.13 3
15.64 22.01 -6.37 -4.63 0.09 0.12 1.08 1.52 41.48 13.55 27.93 -3.93 0.15 0.05 2.88 0.94 2
28.9 16.81 12.09 8.91 0.13 0.07 1.86 1.08 17.61 30.07 -12.46 0.46 0.11 0.19 1.13 1.93 3
23.51 17.37 6.14 -1.14 0.12 0.09 1.51 1.11 16.67 21.8 -5.13 -6.87 0.1 0.13 1.08 1.41 1
12.77 23.11 -10.34 -1.66 0.08 0.15 0.82 1.49 20.97 21.33 -0.36 -5.64 0.11 0.11 1.35 1.37 3
10.86 24.79 -13.93 7.93 0.07 0.16 0.7 1.61 17.13 23.32 -6.19 -4.81 0.09 0.12 1.11 1.5 3
42.79 15.04 27.75 -3.75 0.15 0.05 2.77 0.97 15 22.78 -7.78 -0.22 0.09 0.13 0.97 1.47 3
30.31 19.99 10.32 -9.32 0.12 0.08 1.95 1.29 23.41 12.31 11.1 -1.1 0.12 0.06 1.5 0.79 2
18.49 21.1 -2.61 8.61 0.1 0.12 1.2 1.36 25.68 15.76 9.92 3.08 0.12 0.07 1.65 1.01 1
9.44 28.43 -18.99 5.99 0.07 0.22 0.61 1.84 20.25 19.78 0.47 -0.47 0.11 0.1 1.29 1.26 3
10.23 29.8 -19.57 4.57 0.07 0.22 0.62 1.81 31.75 20.51 11.24 -10.24 0.12 0.08 1.92 1.24 2
21.62 20.57 1.05 0.95 0.1 0.1 1.29 1.23 15.84 25.37 -9.53 2.53 0.09 0.14 0.96 1.54 1
22.59 23.79 -1.2 -3.8 0.1 0.11 1.36 1.44 19.27 24.1 -4.83 -5.17 0.09 0.11 1.17 1.46 1
18.89 31 -12.11 2.11 0.11 0.18 1.14 1.86 15.23 24.73 -9.5 -3.5 0.09 0.15 0.92 1.49 2
23.93 13.75 10.18 -0.18 0.12 0.07 1.44 0.83 21.56 23.38 -1.82 9.82 0.11 0.12 1.31 1.42 3
29.83 18.09 11.74 7.26 0.13 0.08 1.8 1.09 24.96 17.49 7.47 0.53 0.12 0.08 1.5 1.05 1
27.96 18.83 9.13 1.87 0.12 0.08 1.68 1.13 45.38 15.88 29.5 -6.5 0.14 0.05 2.75 0.96 3
16.79 23.25 -6.46 -8.54 0.1 0.14 1.02 1.41 11.64 26.93 -15.29 8.29 0.07 0.16 0.71 1.64 1
12.18 28.45 -16.27 8.27 0.07 0.16 0.7 1.63 31.73 18.67 13.06 8.94 0.13 0.08 1.8 1.06 1
46.07 16.21 29.86 -5.86 0.14 0.05 2.63 0.93 23.33 24.5 -1.17 -2.83 0.11 0.11 1.33 1.39 2
15.99 25.58 -9.59 -3.41 0.09 0.14 0.91 1.45 11.81 31.76 -19.95 4.95 0.08 0.22 0.68 1.82 1
19.98 24.84 -4.86 -6.14 0.09 0.11 1.14 1.41 19.74 31.76 -12.02 2.02 0.11 0.18 1.12 1.8 2
24.53 23.83 0.7 9.3 0.12 0.12 1.4 1.36 25.54 19.39 6.15 -1.15 0.12 0.09 1.45 1.1 2
16.27 27.09 -10.82 1.82 0.09 0.14 0.93 1.55 24.38 16.72 7.66 0.34 0.11 0.08 1.37 0.94 3
28.29 19.52 8.77 1.23 0.12 0.08 1.61 1.11 23.34 21 2.34 1.66 0.1 0.09 1.32 1.18 2
33.71 22.09 11.62 -10.62 0.12 0.08 1.92 1.26 18.31 23.79 -5.48 -8.52 0.1 0.13 1.05 1.36 1
24.9 22.02 2.88 1.12 0.11 0.09 1.33 1.17 35.23 23.25 11.98 -8.98 0.12 0.08 1.89 1.25 1
24.07 26.27 -2.2 -1.8 0.11 0.12 1.29 1.41 32.27 20.1 12.17 8.83 0.13 0.08 1.73 1.08 2
19.47 25.31 -5.84 -10.16 0.1 0.13 1.05 1.37 20.04 25.29 -5.25 -5.75 0.09 0.11 1.08 1.36 1
12.02 32.55 -20.53 4.53 0.08 0.22 0.65 1.76 26.9 25.42 1.48 8.52 0.12 0.11 1.45 1.37 1
26.75 17.77 8.98 2.02 0.12 0.08 1.43 0.95 13.61 28.99 -15.38 8.38 0.07 0.16 0.73 1.57 3
17.32 29.46 -12.14 0.14 0.09 0.15 0.94 1.59 29.31 21.08 8.23 1.77 0.11 0.08 1.57 1.13 1
47.84 16.95 30.89 -6.89 0.14 0.05 2.57 0.91 16.78 25.79 -9.01 -2.99 0.09 0.14 0.9 1.39 1
27.13 21.76 5.37 -0.37 0.12 0.09 1.46 1.17 20.19 31.82 -11.63 1.63 0.11 0.17 1.08 1.71 1
35.81 24.13 11.68 -10.68 0.12 0.08 1.82 1.23 20.66 29.72 -9.06 -1.94 0.09 0.14 1.06 1.52 1
20.99 26.85 -5.86 -6.14 0.09 0.11 1.07 1.37 29.57 24.42 5.15 3.85 0.11 0.09 1.51 1.24 1
15.1 30.63 -15.53 10.53 0.08 0.16 0.77 1.56 14.13 33.63 -19.5 5.5 0.09 0.21 0.72 1.72 1
27.98 27.53 0.45 7.55 0.12 0.12 1.43 1.4 24.36 27.39 -3.03 -0.97 0.1 0.12 1.24 1.39 2
28.6 24.27 4.33 3.67 0.12 0.1 1.46 1.24 17.05 29.56 -12.51 -1.49 0.09 0.15 0.87 1.5 1
33.39 20.39 13 8 0.12 0.07 1.7 1.04 28.39 19.26 9.13 -0.13 0.11 0.08 1.43 0.97 1
21.03 26.26 -5.23 -9.77 0.11 0.13 1.08 1.35 51.61 17.22 34.39 -8.39 0.14 0.05 2.63 0.88 3
22.7 33.29 -10.59 -2.41 0.11 0.17 1.15 1.69 25.78 22.6 3.18 2.82 0.11 0.09 1.3 1.14 1
17.75 31.38 -13.63 -2.37 0.09 0.15 0.86 1.52 29.19 27.81 1.38 6.62 0.12 0.11 1.41 1.35 2
24.64 28.6 -3.96 -0.04 0.1 0.12 1.19 1.38 24.14 33.96 -9.82 -1.18 0.11 0.16 1.17 1.64 1
22.4 33.77 -11.37 -2.63 0.1 0.14 1.09 1.65 21.45 27.97 -6.52 -10.48 0.1 0.13 1.05 1.36 3
29.18 22.17 7.01 -2.01 0.11 0.09 1.4 1.06 21.87 27.35 -5.48 -4.52 0.08 0.11 1.06 1.32 1
26.45 24.04 2.41 1.59 0.1 0.1 1.27 1.16 30.42 24.97 5.45 4.55 0.12 0.09 1.47 1.21 3
53.32 17.64 35.68 -7.68 0.14 0.05 2.59 0.86 39.86 25.87 13.99 -9.99 0.12 0.08 1.93 1.25 1
14.52 35.35 -20.83 5.83 0.09 0.21 0.71 1.72 36.3 21.18 15.12 9.88 0.13 0.07 1.76 1.02 3
30.07 25.3 4.77 2.23 0.11 0.09 1.45 1.22 16.82 31.02 -14.2 10.2 0.08 0.16 0.82 1.51 1
30.63 29.12 1.51 6.49 0.12 0.11 1.42 1.35 55.67 18.15 37.52 -7.52 0.14 0.04 2.57 0.84 3
31.73 25.65 6.08 4.92 0.11 0.09 1.46 1.18 25.95 29.8 -3.85 1.85 0.1 0.12 1.2 1.37 1
22.33 28.67 -6.34 -9.66 0.1 0.13 1.04 1.33 14.88 36.14 -21.26 5.26 0.08 0.2 0.69 1.68 1
17.11 33.88 -16.77 9.77 0.08 0.16 0.79 1.57 23.1 34.65 -11.55 -3.45 0.09 0.14 1.07 1.61 2
25.34 35.27 -9.93 -3.07 0.11 0.16 1.17 1.63 31.76 23.44 8.32 -2.32 0.12 0.09 1.45 1.07 3
37.09 21.54 15.55 10.45 0.12 0.07 1.71 0.99 27.13 25.35 1.78 1.22 0.1 0.09 1.24 1.16 3
40.37 28.22 12.15 -10.15 0.12 0.08 1.86 1.3 32.93 25.59 7.34 2.66 0.11 0.09 1.52 1.18 1
23.14 29.93 -6.79 -4.21 0.09 0.11 1.07 1.38 19.06 32.82 -13.76 -2.24 0.09 0.15 0.88 1.51 1
33.22 24.44 8.78 -1.78 0.12 0.09 1.45 1.07 34.7 26 8.7 3.3 0.12 0.09 1.53 1.14 2
27.9 26.95 0.95 3.05 0.1 0.1 1.22 1.18 17.83 35.76 -17.93 10.93 0.08 0.16 0.79 1.58 2
24.98 35.37 -10.39 -4.61 0.1 0.14 1.11 1.57 31.76 32.01 -0.25 7.25 0.12 0.12 1.4 1.41 3
15.53 39.43 -23.9 4.9 0.08 0.21 0.69 1.75 26.34 36.73 -10.39 -3.61 0.11 0.15 1.16 1.62 3
58.56 19.28 39.28 -8.28 0.14 0.05 2.58 0.85 24.4 31.09 -6.69 -3.31 0.09 0.11 1.07 1.37 3
20.22 34.08 -13.86 -3.14 0.09 0.15 0.89 1.5 38.69 22.31 16.38 8.62 0.12 0.07 1.69 0.98 3
33.86 26.72 7.14 1.86 0.11 0.09 1.49 1.18 25.62 29.32 -3.7 -9.3 0.11 0.12 1.13 1.3 1
26.3 32.77 -6.47 3.47 0.1 0.12 1.16 1.44 41.5 29.15 12.35 -9.35 0.12 0.08 1.83 1.28 3
25.73 31.98 -6.25 -2.75 0.09 0.11 1.08 1.35 29.55 27.22 2.33 1.67 0.1 0.09 1.23 1.13 1
20.69 36.81 -16.12 -1.88 0.09 0.16 0.87 1.55 33.79 25.8 7.99 -0.99 0.12 0.09 1.41 1.08 3
27.99 34.43 -6.44 2.44 0.1 0.12 1.18 1.45 15.68 41.13 -25.45 3.45 0.08 0.21 0.66 1.74 1
28.04 36.88 -8.84 -2.16 0.11 0.15 1.18 1.56 26.11 37.43 -11.32 -4.68 0.1 0.14 1.1 1.58 1
18.1 37.41 -19.31 12.31 0.08 0.17 0.76 1.58 59.45 20.61 38.84 -8.84 0.14 0.05 2.51 0.87 3
41.42 22.78 18.64 7.36 0.12 0.07 1.73 0.95 43.16 30.84 12.32 -8.32 0.12 0.08 1.82 1.3 2
36.06 26.57 9.49 2.51 0.12 0.09 1.52 1.12 35.78 27 8.78 1.22 0.11 0.08 1.51 1.14 1
33.82 33.14 0.68 7.32 0.12 0.12 1.43 1.4 25.9 31.24 -5.34 -8.66 0.11 0.13 1.1 1.32 1
61.39 21.17 40.22 -9.22 0.14 0.05 2.49 0.86 37.75 27.13 10.62 2.38 0.12 0.08 1.52 1.09 1
31.09 28.06 3.03 -2.03 0.1 0.09 1.24 1.12 21.43 39.05 -17.62 -2.38 0.09 0.16 0.86 1.57 2
35.01 33.65 1.36 9.64 0.12 0.12 1.41 1.36 18.66 39.35 -20.69 12.69 0.08 0.17 0.75 1.59 1
26.41 32.43 -6.02 -10.98 0.1 0.13 1.07 1.32 30.1 35.13 -5.03 2.03 0.1 0.12 1.21 1.41 3
16.38 43.24 -26.86 3.86 0.08 0.22 0.66 1.75 36.03 26.54 9.49 -0.49 0.12 0.09 1.44 1.06 1
30 39.86 -9.86 -7.14 0.11 0.14 1.21 1.61 43.42 24.66 18.76 7.24 0.12 0.07 1.74 0.99 2
36.34 28.69 7.65 1.35 0.11 0.09 1.47 1.16 30.47 40.77 -10.3 0.3 0.12 0.16 1.23 1.65 2
45.04 32.84 12.2 -8.2 0.12 0.09 1.82 1.33 26.57 33.52 -6.95 0.95 0.09 0.11 1.07 1.36 3
38.23 29.2 9.03 1.97 0.11 0.09 1.48 1.13 17.24 45.27 -28.03 6.03 0.08 0.22 0.67 1.76 1
31.14 35.91 -4.77 2.77 0.1 0.12 1.2 1.39 32.43 28.89 3.54 -2.54 0.1 0.09 1.25 1.11 3
30.59 41.52 -10.93 0.93 0.12 0.16 1.18 1.6 37.03 34.61 2.42 9.58 0.12 0.11 1.43 1.34 2
22.26 40.39 -18.13 -1.87 0.09 0.16 0.86 1.56 27.19 33.47 -6.28 -11.72 0.1 0.13 1.06 1.31 2
19.62 41.37 -21.75 12.75 0.08 0.17 0.76 1.6 47.29 34.94 12.35 -9.35 0.12 0.09 1.83 1.35 1
44.83 24.95 19.88 6.12 0.12 0.07 1.73 0.96 63.46 21.65 41.81 -8.81 0.13 0.05 2.46 0.84 1
38.06 27.4 10.66 -2.66 0.12 0.08 1.46 1.05 37.09 28.81 8.28 0.72 0.11 0.08 1.43 1.11 3
28.67 35.77 -7.1 2.1 0.09 0.11 1.11 1.39 30.29 41.27 -10.98 -6.02 0.11 0.14 1.18 1.6 1
48.83 37.09 11.74 -9.74 0.12 0.09 1.82 1.38 40.51 30.17 10.34 2.66 0.11 0.09 1.51 1.12 1
27.96 35.57 -7.61 -10.39 0.1 0.13 1.05 1.33 32.11 43.06 -10.95 0.95 0.11 0.15 1.19 1.6 3
21.77 42.91 -21.14 13.14 0.09 0.17 0.81 1.6 32.4 38.2 -5.8 2.8 0.1 0.12 1.2 1.42 3
30.36 43.94 -13.58 -6.42 0.1 0.15 1.13 1.64 24.36 41.16 -16.8 -3.2 0.09 0.15 0.91 1.53 2
31.34 35.84 -4.5 2.5 0.09 0.11 1.17 1.34 18.21 47.55 -29.34 5.34 0.08 0.21 0.68 1.78 1
37.94 29.32 8.62 1.38 0.11 0.08 1.41 1.09 47.19 25.59 21.6 6.4 0.12 0.07 1.75 0.95 2
64.1 24.01 40.09 -9.09 0.13 0.05 2.4 0.9 38.57 28.25 10.32 -3.32 0.12 0.08 1.42 1.04 2
38.57 36.13 2.44 9.56 0.12 0.11 1.44 1.34 34.72 30.15 4.57 -2.57 0.1 0.09 1.28 1.11 1
41.26 31.82 9.44 2.56 0.11 0.09 1.48 1.14 32.58 37.52 -4.94 3.94 0.09 0.11 1.17 1.35 2
35.8 31.48 4.32 -4.32 0.1 0.09 1.27 1.12 65.2 25.19 40.01 -9.01 0.13 0.05 2.35 0.91 2
34.4 40.08 -5.68 6.68 0.1 0.12 1.23 1.43 32.34 46.17 -13.83 -6.17 0.11 0.15 1.16 1.66 1
26.59 43.14 -16.55 -3.45 0.09 0.15 0.95 1.55 23.65 44.91 -21.26 9.26 0.09 0.17 0.85 1.61 2
47.88 27.09 20.79 7.21 0.12 0.07 1.71 0.97 39.9 37.21 2.69 11.31 0.12 0.11 1.43 1.33 1
36.45 44.83 -8.38 -0.62 0.12 0.15 1.3 1.6 50.48 37.84 12.64 -9.64 0.12 0.09 1.81 1.36 3
19.89 48.79 -28.9 3.9 0.08 0.21 0.72 1.76 39.44 30.01 9.43 0.57 0.11 0.08 1.41 1.07 3
39.75 29.35 10.4 -3.4 0.12 0.09 1.41 1.04 29.73 39.91 -10.18 -8.82 0.1 0.14 1.07 1.44 1
40.13 30.27 9.86 1.14 0.11 0.08 1.38 1.04 35.79 41.34 -5.55 7.55 0.1 0.12 1.24 1.43 1
41.94 30.31 11.63 -3.63 0.12 0.08 1.44 1.04 37.48 33.02 4.46 -4.46 0.1 0.09 1.29 1.14 3
25.93 46.12 -20.19 8.19 0.09 0.16 0.9 1.59 37.46 46.49 -9.03 -1.97 0.12 0.15 1.29 1.6 2
66.74 26.87 39.87 -8.87 0.13 0.05 2.32 0.93 20.15 49.48 -29.33 3.33 0.08 0.21 0.7 1.72 1
52.14 38.85 13.29 -8.29 0.12 0.09 1.8 1.34 27.8 45.42 -17.62 -2.38 0.09 0.15 0.96 1.57 1
33.75 38.76 -5.01 4.01 0.09 0.11 1.17 1.34 40.34 39.69 0.65 12.35 0.12 0.12 1.39 1.37 2
33.6 47.56 -13.96 -7.04 0.1 0.15 1.16 1.65 42.5 32.99 9.51 2.49 0.11 0.09 1.47 1.14 3
30.69 42.1 -11.41 -8.59 0.1 0.14 1.07 1.47 50.36 27.53 22.83 6.17 0.12 0.07 1.73 0.95 3
