0.3 0.79 -0.49 0.49 0.04 0.1 0.28 0.73 0.66 1.72 -1.06 0.06 0.05 0.12 0.63 1.63 2
0.54 2.29 -1.75 1.75 0.07 0.29 0.53 2.26 1.26 0.84 0.42 0.58 0.18 0.12 1.21 0.8 2
0.79 0.3 0.49 -0.49 0.09 0.03 0.73 0.28 1.1 1.63 -0.53 0.53 0.12 0.18 1.05 1.56 1
2.29 0.54 1.75 -1.75 0.11 0.03 2.26 0.53 1.72 0.66 1.06 -0.06 0.17 0.07 1.63 0.63 2
0.84 1.26 -0.42 -0.58 0.05 0.08 0.8 1.21 1.63 1.1 0.53 -0.53 0.11 0.07 1.56 1.05 3
2.95 1.3 1.65 -0.65 0.11 0.05 1.4 0.62 2.93 1.34 1.59 0.41 0.13 0.06 1.35 0.62 3
3.03 1 2.03 -1.03 0.13 0.04 1.45 0.48 2.14 3.77 -1.63 -0.37 0.09 0.16 1.01 1.78 3
1.91 2.01 -0.1 -0.9 0.08 0.08 0.93 0.98 1.28 2.6 -1.32 -0.68 0.05 0.1 0.61 1.24 3
2.97 1.54 1.43 -0.43 0.12 0.06 1.41 0.73 2.63 1.85 0.78 -0.78 0.08 0.06 1.29 0.9 1
1 3.98 -2.98 2.98 0.08 0.33 0.48 1.93 0.59 2.04 -1.45 1.45 0.03 0.11 0.28 0.98 3
3.15 2.03 1.12 -3.12 0.09 0.06 1.01 0.65 3.51 3.43 0.08 -2.08 0.1 0.1 1.11 1.08 1
4.57 4.25 0.32 0.68 0.1 0.1 1.43 1.33 3.52 4.16 -0.64 -0.36 0.09 0.11 1.14 1.35 2
2.26 2.31 -0.05 -1.95 0.05 0.06 0.73 0.74 3.66 1.54 2.12 2.88 0.14 0.06 1.14 0.48 2
2.85 3.31 -0.46 3.46 0.09 0.1 0.91 1.06 5.28 2.43 2.85 -0.85 0.14 0.06 1.68 0.77 3
1.58 2.95 -1.37 0.37 0.04 0.08 0.5 0.93 2.27 6.24 -3.97 0.97 0.1 0.27 0.73 2.01 1
7.69 5.77 1.92 -0.92 0.13 0.1 1.82 1.36 2.68 3.02 -0.34 -1.66 0.05 0.06 0.64 0.72 3
3.72 4.8 -1.08 -2.92 0.09 0.12 0.89 1.15 3.34 5.78 -2.44 3.44 0.08 0.13 0.8 1.38 3
5.04 7.28 -2.24 1.24 0.1 0.14 1.22 1.77 4.52 2.24 2.28 -2.28 0.09 0.04 1.09 0.54 1
4.37 1.96 2.41 2.59 0.13 0.06 1.02 0.46 4.02 3.79 0.23 1.77 0.07 0.07 0.95 0.9 3
7.75 2.92 4.83 -0.83 0.16 0.06 1.84 0.69 3.11 8.68 -5.57 -0.43 0.09 0.24 0.75 2.08 1
4.74 6.28 -1.54 4.54 0.08 0.11 0.9 1.19 6.08 7.93 -1.85 2.85 0.09 0.12 1.19 1.55 1
3.56 9.46 -5.9 -1.1 0.08 0.21 0.68 1.81 6.22 2.97 3.25 0.75 0.16 0.07 1.17 0.56 3
5.03 5.64 -0.61 3.61 0.08 0.09 0.96 1.07 10.07 7.54 2.53 -3.53 0.13 0.1 1.91 1.43 1
4.22 6.2 -1.98 -4.02 0.08 0.12 0.8 1.18 8.53 3.37 5.16 -0.16 0.15 0.06 1.62 0.64 2
5.17 3.28 1.89 -3.89 0.08 0.05 1 0.64 4.45 5.4 -0.95 0.95 0.07 0.08 0.85 1.03 1
10.64 9.8 0.84 -5.84 0.12 0.11 1.69 1.56 4.66 10.71 -6.05 -1.95 0.08 0.18 0.74 1.71 1
7.47 4.07 3.4 1.6 0.15 0.08 1.18 0.64 4.63 6.72 -2.09 -3.91 0.07 0.1 0.72 1.05 3
7.29 6.21 1.08 5.92 0.09 0.08 1.16 0.99 6.62 7.79 -1.17 5.17 0.09 0.1 1.05 1.23 1
9.05 3.78 5.27 -0.27 0.14 0.06 1.41 0.59 5.67 3.65 2.02 -1.02 0.08 0.05 0.92 0.59 1
4.82 5.9 -1.08 -1.92 0.06 0.08 0.77 0.94 7.59 9.81 -2.22 2.22 0.1 0.13 1.23 1.59 1
7.94 11.06 -3.12 1.12 0.09 0.13 1.09 1.52 9.26 7.06 2.2 6.8 0.11 0.08 1.26 0.96 3
5.63 8.32 -2.69 -1.31 0.07 0.11 0.76 1.12 5.13 11.67 -6.54 -3.46 0.08 0.18 0.7 1.6 1
11.6 10.27 1.33 -4.33 0.12 0.1 1.58 1.4 9.07 5.07 4 -1 0.15 0.08 1.23 0.69 3
6.07 6.25 -0.18 -0.82 0.07 0.07 0.83 0.85 9.82 4.13 5.69 0.31 0.13 0.06 1.32 0.55 3
7.47 9.76 -2.29 4.29 0.08 0.11 1.01 1.32 6.02 4.42 1.6 -1.6 0.08 0.06 0.83 0.61 3
11.18 5.21 5.97 2.03 0.14 0.07 1.32 0.61 11.11 5.69 5.42 -0.42 0.13 0.07 1.31 0.67 3
7.36 8.73 -1.37 -0.63 0.09 0.1 0.87 1.03 9.33 13.12 -3.79 -0.21 0.1 0.14 1.13 1.58 1
6.31 5.31 1 1 0.07 0.06 0.77 0.65 11.32 8.45 2.87 8.13 0.12 0.09 1.35 1.01 2
5.54 13.4 -7.86 -4.14 0.07 0.17 0.66 1.61 7.15 7.61 -0.46 -2.54 0.06 0.07 0.85 0.91 3
8.36 10.05 -1.69 1.69 0.09 0.1 1 1.2 12.22 12.31 -0.09 -4.91 0.11 0.12 1.45 1.46 2
12.53 9.68 2.85 8.15 0.12 0.09 1.33 1.03 8.81 9.16 -0.35 1.35 0.09 0.09 0.93 0.96 2
12.54 6.72 5.82 0.18 0.13 0.07 1.32 0.71 9.76 14.57 -4.81 -2.19 0.1 0.15 1.05 1.56 1
8.91 8.72 0.19 -2.19 0.07 0.07 0.95 0.93 10.05 12.73 -2.68 2.68 0.09 0.11 1.06 1.34 3
6.65 15.16 -8.51 -4.49 0.08 0.17 0.71 1.61 12.21 6.64 5.57 1.43 0.15 0.08 1.29 0.7 3
14.9 14 0.9 -5.9 0.13 0.12 1.57 1.47 7.54 6.52 1.02 0.98 0.08 0.07 0.82 0.71 3
13.39 8.55 4.84 2.16 0.12 0.08 1.27 0.81 7.37 18.12 -10.75 -5.25 0.08 0.19 0.71 1.73 1
12.09 14.58 -2.49 3.49 0.1 0.12 1.14 1.38 9.88 10.82 -0.94 1.94 0.09 0.1 0.94 1.03 2
16.91 14.71 2.2 -9.2 0.13 0.11 1.61 1.4 14.19 10.75 3.44 7.56 0.12 0.09 1.37 1.03 3
8.25 8.53 -0.28 4.28 0.08 0.08 0.81 0.83 10.76 10.76 0 -3 0.07 0.07 1.02 1.02 1
11.59 15.42 -3.83 -4.17 0.1 0.14 1.12 1.49 15.17 7.36 7.81 2.19 0.15 0.07 1.44 0.7 3
12.64 12.44 0.2 -4.2 0.07 0.07 1.09 1.07 13.67 19.84 -6.17 -3.83 0.11 0.17 1.2 1.74 2
19.22 15.97 3.25 -11.25 0.12 0.1 1.67 1.39 10.15 12.79 -2.64 3.64 0.09 0.11 0.88 1.1 3
14.06 14.85 -0.79 1.79 0.1 0.1 1.21 1.28 15.45 13.06 2.39 9.61 0.12 0.1 1.35 1.14 1
19.59 9.44 10.15 1.85 0.16 0.08 1.69 0.81 15.76 9.02 6.74 3.26 0.12 0.07 1.36 0.78 1
7.84 20.49 -12.65 -6.35 0.08 0.2 0.68 1.78 9.93 10.41 -0.48 5.48 0.09 0.09 0.88 0.92 1
11 12.33 -1.33 5.33 0.08 0.09 0.89 1 15.68 21.56 -5.88 -4.12 0.12 0.16 1.26 1.73 1
11.24 14 -2.76 4.76 0.09 0.11 0.89 1.11 9.76 21.56 -11.8 -6.2 0.09 0.19 0.78 1.72 1
16.41 15 1.41 8.59 0.11 0.1 1.32 1.21 14.36 14.45 -0.09 -3.91 0.07 0.07 1.14 1.14 1
16.11 9.8 6.31 1.69 0.12 0.07 1.28 0.78 16 15.81 0.19 2.81 0.1 0.1 1.27 1.25 1
20.37 9.79 10.58 3.42 0.16 0.08 1.61 0.77 20.43 17.06 3.37 -12.37 0.11 0.1 1.62 1.35 1
22.19 20.98 1.21 -11.21 0.12 0.11 1.63 1.54 17.28 16.69 0.59 1.41 0.1 0.1 1.26 1.22 3
16.99 11.08 5.91 3.09 0.11 0.07 1.25 0.81 15.74 15.04 0.7 -5.7 0.08 0.07 1.15 1.1 1
12.16 12.95 -0.79 5.79 0.08 0.09 0.91 0.97 24.29 11.55 12.74 2.26 0.17 0.08 1.78 0.85 2
17 16.38 0.62 10.38 0.11 0.11 1.26 1.22 14.29 15.22 -0.93 3.93 0.1 0.1 1.04 1.11 2
10.98 24.61 -13.63 -5.37 0.09 0.2 0.81 1.82 16.3 22.72 -6.42 -4.58 0.11 0.16 1.21 1.69 2
17.62 23.25 -5.63 -5.37 0.12 0.15 1.21 1.6 18.93 19.39 -0.46 11.46 0.11 0.11 1.3 1.34 3
12.25 13.37 -1.12 6.12 0.08 0.09 0.85 0.93 22.97 22.21 0.76 -11.76 0.11 0.11 1.57 1.52 1
17.3 17.15 0.15 2.85 0.11 0.11 1.17 1.16 18.41 11.39 7.02 2.98 0.11 0.07 1.25 0.78 3
16.05 16.46 -0.41 -5.59 0.07 0.08 1.09 1.12 11.51 25.93 -14.42 -4.58 0.08 0.19 0.79 1.78 1
24.71 11.64 13.07 1.93 0.16 0.08 1.69 0.79 18.51 17.47 1.04 1.96 0.1 0.09 1.26 1.19 2
18.33 25.75 -7.42 -8.58 0.11 0.15 1.18 1.65 24.83 23.94 0.89 -12.89 0.11 0.11 1.58 1.52 2
18.21 18.37 -0.16 2.16 0.11 0.11 1.16 1.17 13.98 15.23 -1.25 7.25 0.08 0.09 0.9 0.99 1
21.43 20.1 1.33 14.67 0.12 0.11 1.37 1.29 19.63 12.3 7.33 3.67 0.11 0.07 1.25 0.78 1
18.95 17.75 1.2 1.8 0.1 0.09 1.2 1.13 12.87 27.19 -14.32 -5.68 0.08 0.18 0.82 1.74 1
24.99 12.08 12.91 2.09 0.15 0.07 1.59 0.77 17.31 17.82 -0.51 -4.49 0.08 0.08 1.1 1.13 1
25.35 25.16 0.19 -12.19 0.11 0.11 1.51 1.5 17.68 19.47 -1.79 -5.21 0.07 0.08 1.05 1.16 3
13.39 28.94 -15.55 -5.45 0.08 0.18 0.8 1.74 22.04 20.82 1.22 15.78 0.12 0.11 1.33 1.25 3
20.7 18.27 2.43 1.57 0.1 0.08 1.23 1.09 19.55 26.27 -6.72 -9.28 0.1 0.14 1.17 1.58 1
26.64 12.45 14.19 2.81 0.15 0.07 1.59 0.74 18.49 18.98 -0.49 3.49 0.1 0.11 1.1 1.13 1
20.35 12.91 7.44 2.56 0.11 0.07 1.22 0.77 14.59 15.51 -0.92 5.92 0.08 0.08 0.88 0.94 1
21.06 20.12 0.94 -3.94 0.08 0.08 1.18 1.12 19.8 21.31 -1.51 1.51 0.1 0.11 1.11 1.19 2
21.26 30.57 -9.31 -7.69 0.11 0.15 1.2 1.72 22.43 14.73 7.7 4.3 0.11 0.07 1.26 0.83 1
26 28.54 -2.54 -13.46 0.1 0.12 1.46 1.6 14.32 31.2 -16.88 -5.12 0.08 0.17 0.81 1.76 1
16.41 17.59 -1.18 4.18 0.08 0.09 0.93 1 25 19.98 5.02 -0.02 0.11 0.08 1.39 1.11 2
24.3 21.75 2.55 15.45 0.12 0.11 1.37 1.23 28.97 13.76 15.21 4.79 0.15 0.07 1.63 0.77 3
22.16 22.63 -0.47 0.47 0.11 0.11 1.17 1.19 25.11 23.47 1.64 15.36 0.12 0.11 1.34 1.25 2
22.38 22.48 -0.1 -2.9 0.08 0.08 1.18 1.19 17.8 18.2 -0.4 3.4 0.08 0.08 0.95 0.98 1
25.61 21.37 4.24 0.76 0.1 0.09 1.35 1.13 27.35 29.07 -1.72 -12.28 0.1 0.11 1.45 1.54 3
30.69 14.57 16.12 4.88 0.15 0.07 1.63 0.77 22.4 32.27 -9.87 -6.13 0.1 0.15 1.19 1.72 1
24.13 15.87 8.26 2.74 0.11 0.07 1.28 0.84 14.85 32.55 -17.7 -6.3 0.08 0.17 0.79 1.73 2
15.03 35.07 -20.04 -3.96 0.08 0.18 0.76 1.77 22.85 36.53 -13.68 -6.32 0.1 0.17 1.15 1.84 3
23.5 24.51 -1.01 1.01 0.11 0.11 1.18 1.23 26.65 16.05 10.6 0.4 0.11 0.07 1.34 0.81 3
26.99 24.81 2.18 14.82 0.12 0.11 1.37 1.26 19.41 18.93 0.48 0.52 0.08 0.08 0.99 0.96 2
23.11 24.09 -0.98 -0.02 0.08 0.08 1.16 1.21 27.7 23.05 4.65 -1.65 0.11 0.09 1.38 1.15 2
29.03 31.16 -2.13 -9.87 0.1 0.11 1.45 1.56 34.95 15.02 19.93 5.07 0.15 0.06 1.76 0.76 2
28.6 16.67 11.93 0.07 0.11 0.07 1.37 0.8 28.83 23.53 5.3 -2.3 0.1 0.08 1.37 1.12 1
27 26.14 0.86 16.14 0.11 0.11 1.3 1.26 23.59 25.22 -1.63 0.63 0.08 0.08 1.13 1.2 3
20.74 18.94 1.8 -0.8 0.08 0.08 1 0.91 36.15 15.51 20.64 4.36 0.15 0.06 1.72 0.74 2
24.04 38.42 -14.38 -3.62 0.1 0.16 1.15 1.84 29.52 32.36 -2.84 -9.16 0.1 0.11 1.4 1.53 3
16.92 36.26 -19.34 -6.66 0.08 0.17 0.81 1.73 24.12 26.46 -2.34 1.34 0.1 0.11 1.15 1.26 3
29.27 24.94 4.33 -3.33 0.1 0.09 1.32 1.13 37.95 16.6 21.35 3.65 0.15 0.07 1.72 0.75 3
25.81 26.55 -0.74 1.74 0.08 0.08 1.17 1.2 17.61 39.41 -21.8 -10.2 0.08 0.17 0.8 1.79 3
28.33 28.36 -0.03 15.03 0.11 0.11 1.29 1.29 25.22 40.24 -15.02 -5.98 0.1 0.17 1.15 1.83 1
27.27 27.15 0.12 4.88 0.11 0.11 1.24 1.23 31.34 33.54 -2.2 -6.8 0.1 0.11 1.41 1.51 1
30.01 17.11 12.9 1.1 0.11 0.06 1.36 0.78 21.83 20.74 1.09 -0.09 0.09 0.08 1 0.95 3
26.06 41.41 -15.35 -6.65 0.1 0.16 1.13 1.8 30.14 17.64 12.5 -0.5 0.11 0.06 1.31 0.77 3
29.01 28.4 0.61 6.39 0.11 0.11 1.25 1.23 28.56 26.91 1.65 -1.65 0.08 0.08 1.23 1.16 1
32.59 35.28 -2.69 -8.31 0.1 0.11 1.4 1.52 22.36 20.87 1.49 1.51 0.09 0.08 0.98 0.91 1
39.61 16.94 22.67 4.33 0.15 0.06 1.71 0.73 29.5 29.2 0.3 15.7 0.11 0.11 1.29 1.27 3
17.97 42.16 -24.19 -6.81 0.08 0.18 0.78 1.83 29.61 26.6 3.01 -4.01 0.1 0.09 1.28 1.15 3
22.9 22.97 -0.07 0.07 0.09 0.09 0.96 0.96 27.3 43.68 -16.38 -7.62 0.1 0.17 1.14 1.82 1
31.37 28.76 2.61 -5.61 0.09 0.08 1.3 1.19 34.69 35.82 -1.13 -6.87 0.1 0.11 1.43 1.48 1
32.41 18.88 13.53 0.47 0.11 0.06 1.35 0.78 30.87 31.54 -0.67 18.67 0.11 0.12 1.29 1.31 1
30.3 27.58 2.72 -2.72 0.1 0.09 1.25 1.14 30.86 31.21 -0.35 10.35 0.11 0.11 1.27 1.29 1
18.95 42.85 -23.9 -8.1 0.08 0.18 0.79 1.78 41.95 18.31 23.64 1.36 0.15 0.06 1.73 0.76 3
27.67 45.95 -18.28 -8.72 0.1 0.17 1.1 1.83 33.38 32.54 0.84 7.16 0.11 0.11 1.32 1.29 1
25.17 23.34 1.83 1.17 0.09 0.08 1.01 0.94 31.63 30.1 1.53 0.47 0.1 0.1 1.25 1.19 2
35.61 36.55 -0.94 -8.06 0.1 0.1 1.41 1.45 33.24 19.74 13.5 1.5 0.11 0.06 1.32 0.79 2
31.73 32.37 -0.64 17.64 0.11 0.11 1.27 1.29 19.31 44.37 -25.06 -9.94 0.08 0.18 0.77 1.76 1
43.47 18.67 24.8 3.2 0.15 0.06 1.72 0.74 32.1 29.68 2.42 -4.42 0.09 0.08 1.27 1.18 1
34.2 21.58 12.62 2.38 0.11 0.07 1.31 0.82 45.02 19.42 25.6 3.4 0.14 0.06 1.71 0.74 1
32.72 31.74 0.98 1.02 0.1 0.1 1.25 1.21 34.23 33.21 1.02 16.98 0.11 0.11 1.31 1.28 1
30.03 47.65 -17.62 -8.38 0.1 0.16 1.15 1.83 32.85 31.23 1.62 -4.62 0.09 0.08 1.25 1.19 3
20.15 46.87 -26.72 -9.28 0.08 0.19 0.77 1.79 37.45 37.51 -0.06 -8.94 0.1 0.1 1.42 1.42 1
35.08 34.9 0.18 6.82 0.11 0.11 1.33 1.33 26.81 24.43 2.38 0.62 0.09 0.08 1.03 0.94 1
